t,x,y,yaw,speed,yaw_rate,a_lat,planner,min_d,track_error,collision
8.7576e-05,44.4994,29.3505,2.41495,0.11706,0,0,NONE,999.9,0,0
0.00454818,44.4994,29.3505,2.41495,0.11706,0,0,NONE,999.9,0,0
0.0108357,44.4982,29.3516,2.41504,0.21216,0.0205676,0.00436362,NONE,999.9,0,0
0.0149542,44.4982,29.3516,2.41504,0.21216,0.0205676,0.00436362,NONE,999.9,0,0
0.0173167,44.4982,29.3516,2.41504,0.21216,0.0205676,0.00436362,NONE,999.9,0,0
0.0210093,44.4962,29.3534,2.41516,0.30726,2.14898e-10,6.60297e-11,NONE,999.9,0,0
0.023996,44.4962,29.3534,2.41516,0.30726,2.14898e-10,6.60297e-11,NONE,999.9,0,0
0.0291483,44.4936,29.3557,2.41534,0.40236,0.0390064,0.0156946,NONE,999.9,0,0
0.0318834,44.4936,29.3557,2.41534,0.40236,0.0390064,0.0156946,NONE,999.9,0,0
0.0365183,44.4936,29.3557,2.41534,0.40236,0.0390064,0.0156946,NONE,999.9,0,0
0.0404405,44.4902,29.3587,2.41555,0.49746,4.29797e-10,2.13807e-10,NONE,999.9,0,0
0.0452653,44.4902,29.3587,2.41555,0.49746,4.29797e-10,2.13807e-10,NONE,999.9,0,0
0.0494092,44.4861,29.3623,2.4157,0.59256,0.00885433,0.00524672,NONE,999.9,0,0
0.0528734,44.4861,29.3623,2.4157,0.59256,0.00885433,0.00524672,NONE,999.9,0,0
0.0563847,44.4861,29.3623,2.4157,0.59256,0.00885433,0.00524672,NONE,999.9,0,0
0.0602284,44.4813,29.3665,2.41594,0.68766,0.0145278,0.0099902,NONE,999.9,0,0
0.0640419,44.4813,29.3665,2.41594,0.68766,0.0145278,0.0099902,NONE,999.9,0,0
0.0694668,44.4758,29.3714,2.41613,0.78276,0.0323713,0.025339,NONE,999.9,0,0
0.0720784,44.4758,29.3714,2.41613,0.78276,0.0323713,0.025339,NONE,999.9,0,0
0.0772048,44.4758,29.3714,2.41613,0.78276,0.0323713,0.025339,NONE,999.9,0,0
0.0815469,44.4695,29.3768,2.41651,0.87786,0.0314168,0.0275795,NONE,999.9,0,0
0.0839056,44.4695,29.3768,2.41651,0.87786,0.0314168,0.0275795,NONE,999.9,0,0
0.0894152,44.4626,29.3829,2.41683,0.969163,0.0424147,0.0411067,NONE,999.9,0,0
0.0919016,44.4626,29.3829,2.41683,0.969163,0.0424147,0.0411067,NONE,999.9,0,0
0.0959429,44.4626,29.3829,2.41683,0.969163,0.0424147,0.0411067,NONE,999.9,0,0
0.100084,44.455,29.3896,2.4173,1.05612,0.0409812,0.0432812,NONE,999.9,0,0
0.104145,44.455,29.3896,2.4173,1.05612,0.0409812,0.0432812,NONE,999.9,0,0
0.111488,44.4467,29.3968,2.4177,1.13895,0.0500696,0.0570269,NONE,999.9,0,0
0.113521,44.4467,29.3968,2.4177,1.13895,0.0500696,0.0570269,NONE,999.9,0,0
0.115948,44.4467,29.3968,2.4177,1.13895,0.0500696,0.0570269,NONE,999.9,0,0
0.120251,44.4378,29.4045,2.41825,1.21784,0.048699,0.0593075,NONE,999.9,0,0
0.124088,44.4378,29.4045,2.41825,1.21784,0.048699,0.0593075,NONE,999.9,0,0
0.128869,44.4283,29.4128,2.41872,1.29298,0.0567333,0.0733548,NONE,999.9,0,0
0.132233,44.4283,29.4128,2.41872,1.29298,0.0567333,0.0733548,NONE,999.9,0,0
0.136125,44.4283,29.4128,2.41872,1.29298,0.0567333,0.0733548,NONE,999.9,0,0
0.14041,44.4183,29.4215,2.41934,1.36454,0.0553517,0.0755296,NONE,999.9,0,0
0.144276,44.4183,29.4215,2.41934,1.36454,0.0553517,0.0755296,NONE,999.9,0,0
0.149293,44.4077,29.4307,2.41987,1.4327,0.0626727,0.0897913,NONE,999.9,0,0
0.152228,44.4077,29.4307,2.41987,1.4327,0.0626727,0.0897913,NONE,999.9,0,0
0.156495,44.4077,29.4307,2.41987,1.4327,0.0626727,0.0897913,NONE,999.9,0,0
0.159917,44.3967,29.4403,2.42055,1.49762,0.0612271,0.091695,NONE,999.9,0,0
0.163992,44.3967,29.4403,2.42055,1.49762,0.0612271,0.091695,NONE,999.9,0,0
0.170126,44.3851,29.4504,2.42114,1.58035,0.0669312,0.105774,NONE,999.9,0,0
0.173021,44.3851,29.4504,2.42114,1.58035,0.0669312,0.105774,NONE,999.9,0,0
0.176505,44.3851,29.4504,2.42114,1.58035,0.0669312,0.105774,NONE,999.9,0,0
0.180043,44.3728,29.461,2.42186,1.65914,0.0661964,0.109829,NONE,999.9,0,0
0.184255,44.3728,29.461,2.42186,1.65914,0.0661964,0.109829,NONE,999.9,0,0
0.189242,44.36,29.4721,2.42249,1.73418,0.0722654,0.125321,NONE,999.9,0,0
0.19199,44.36,29.4721,2.42249,1.73418,0.0722654,0.125321,NONE,999.9,0,0
0.195953,44.36,29.4721,2.42249,1.73418,0.0722654,0.125321,NONE,999.9,0,0
0.200729,44.3466,29.4836,2.42327,1.80566,0.0717236,0.129508,NONE,999.9,0,0
0.204314,44.3466,29.4836,2.42327,1.80566,0.0717236,0.129508,NONE,999.9,0,0
0.208968,44.3327,29.4957,2.42396,1.87374,0.0775869,0.145377,NONE,999.9,0,0
0.212362,44.3327,29.4957,2.42396,1.87374,0.0775869,0.145377,NONE,999.9,0,0
0.215927,44.3327,29.4957,2.42396,1.87374,0.0775869,0.145377,NONE,999.9,0,0
0.220385,44.3182,29.5081,2.42479,1.93858,0.0769629,0.149198,NONE,999.9,0,0
0.224118,44.3182,29.5081,2.42479,1.93858,0.0769629,0.149198,NONE,999.9,0,0
0.22924,44.3033,29.521,2.42553,2.00033,0.0825632,0.165154,NONE,999.9,0,0
0.232045,44.3033,29.521,2.42553,2.00033,0.0825632,0.165154,NONE,999.9,0,0
0.236252,44.3033,29.521,2.42553,2.00033,0.0825632,0.165154,NONE,999.9,0,0
0.240144,44.2879,29.5342,2.42642,2.05915,0.0818086,0.168456,NONE,999.9,0,0
0.24456,44.2879,29.5342,2.42642,2.05915,0.0818086,0.168456,NONE,999.9,0,0
0.249073,44.2721,29.5478,2.4272,2.11518,0.0871667,0.184373,NONE,999.9,0,0
0.251897,44.2721,29.5478,2.4272,2.11518,0.0871667,0.184373,NONE,999.9,0,0
0.256618,44.2721,29.5478,2.4272,2.11518,0.0871667,0.184373,NONE,999.9,0,0
0.26042,44.2558,29.5617,2.42813,2.16854,0.0862784,0.187098,NONE,999.9,0,0
0.264465,44.2558,29.5617,2.42813,2.16854,0.0862784,0.187098,NONE,999.9,0,0
0.26956,44.2392,29.576,2.42895,2.21936,0.0914245,0.202904,NONE,999.9,0,0
0.272009,44.2392,29.576,2.42895,2.21936,0.0914245,0.202904,NONE,999.9,0,0
0.276373,44.2392,29.576,2.42895,2.21936,0.0914245,0.202904,NONE,999.9,0,0
0.280106,44.2221,29.5906,2.42993,2.26776,0.0904096,0.205028,NONE,999.9,0,0
0.28393,44.2221,29.5906,2.42993,2.26776,0.0904096,0.205028,NONE,999.9,0,0
0.289327,44.2047,29.6055,2.43079,2.31387,0.0953707,0.220675,NONE,999.9,0,0
0.291807,44.2047,29.6055,2.43079,2.31387,0.0953707,0.220675,NONE,999.9,0,0
0.296181,44.2047,29.6055,2.43079,2.31387,0.0953707,0.220675,NONE,999.9,0,0
0.300563,44.1869,29.6206,2.43181,2.35778,0.0942382,0.222193,NONE,999.9,0,0
0.30416,44.1869,29.6206,2.43181,2.35778,0.0942382,0.222193,NONE,999.9,0,0
0.310084,44.1688,29.636,2.4327,2.3996,0.0990368,0.237649,NONE,999.9,0,0
0.313034,44.1688,29.636,2.4327,2.3996,0.0990368,0.237649,NONE,999.9,0,0
0.315978,44.1688,29.636,2.4327,2.3996,0.0990368,0.237649,NONE,999.9,0,0
0.320189,44.1504,29.6517,2.43376,2.43944,0.0977954,0.238566,NONE,999.9,0,0
0.324205,44.1504,29.6517,2.43376,2.43944,0.0977954,0.238566,NONE,999.9,0,0
0.329432,44.1316,29.6676,2.43469,2.47738,0.10245,0.253807,NONE,999.9,0,0
0.332646,44.1316,29.6676,2.43469,2.47738,0.10245,0.253807,NONE,999.9,0,0
0.336052,44.1316,29.6676,2.43469,2.47738,0.10245,0.253807,NONE,999.9,0,0
0.340145,44.1126,29.6837,2.43578,2.51352,0.101107,0.254134,NONE,999.9,0,0
0.344317,44.1126,29.6837,2.43578,2.51352,0.101107,0.254134,NONE,999.9,0,0
0.349102,44.0932,29.7001,2.43674,2.54794,0.105631,0.269142,NONE,999.9,0,0
0.351895,44.0932,29.7001,2.43674,2.54794,0.105631,0.269142,NONE,999.9,0,0
0.356313,44.0932,29.7001,2.43674,2.54794,0.105631,0.269142,NONE,999.9,0,0
0.360352,44.0736,29.7166,2.43785,2.59851,0.102588,0.266576,NONE,999.9,0,0
0.364569,44.0736,29.7166,2.43785,2.59851,0.102588,0.266576,NONE,999.9,0,0
0.369183,44.0535,29.7335,2.43882,2.64668,0.105647,0.279614,NONE,999.9,0,0
0.371915,44.0535,29.7335,2.43882,2.64668,0.105647,0.279614,NONE,999.9,0,0
0.376144,44.0535,29.7335,2.43882,2.64668,0.105647,0.279614,NONE,999.9,0,0
0.380266,44.0331,29.7507,2.43994,2.69256,0.104083,0.280249,NONE,999.9,0,0
0.384055,44.0331,29.7507,2.43994,2.69256,0.104083,0.280249,NONE,999.9,0,0
0.389338,44.0123,29.7682,2.44093,2.73625,0.107997,0.295506,NONE,999.9,0,0
0.392057,44.0123,29.7682,2.44093,2.73625,0.107997,0.295506,NONE,999.9,0,0
0.396289,44.0123,29.7682,2.44093,2.73625,0.107997,0.295506,NONE,999.9,0,0
0.400227,43.9911,29.7859,2.44207,2.77787,0.106926,0.297026,NONE,999.9,0,0
0.404085,43.9911,29.7859,2.44207,2.77787,0.106926,0.297026,NONE,999.9,0,0
0.410327,43.9697,29.8038,2.44309,2.81751,0.111092,0.313003,NONE,999.9,0,0
0.41175,43.9697,29.8038,2.44309,2.81751,0.111092,0.313003,NONE,999.9,0,0
0.416192,43.9697,29.8038,2.44309,2.81751,0.111092,0.313003,NONE,999.9,0,0
0.420249,43.9479,29.822,2.44427,2.85527,0.110141,0.314482,NONE,999.9,0,0
0.424159,43.9479,29.822,2.44427,2.85527,0.110141,0.314482,NONE,999.9,0,0
0.429216,43.9258,29.8404,2.44532,2.89123,0.114332,0.330559,NONE,999.9,0,0
0.432201,43.9258,29.8404,2.44532,2.89123,0.114332,0.330559,NONE,999.9,0,0
0.435997,43.9258,29.8404,2.44532,2.89123,0.114332,0.330559,NONE,999.9,0,0
0.440346,43.9034,29.8589,2.44653,2.92548,0.113359,0.331629,NONE,999.9,0,0
0.444431,43.9034,29.8589,2.44653,2.92548,0.113359,0.331629,NONE,999.9,0,0
0.449441,43.8808,29.8777,2.44761,2.9581,0.117491,0.34755,NONE,999.9,0,0
0.452449,43.8808,29.8777,2.44761,2.9581,0.117491,0.34755,NONE,999.9,0,0
0.456322,43.8808,29.8777,2.44761,2.9581,0.117491,0.34755,NONE,999.9,0,0
0.460488,43.8579,29.8967,2.44886,2.98917,0.116446,0.348077,NONE,999.9,0,0
0.464157,43.8579,29.8967,2.44886,2.98917,0.116446,0.348077,NONE,999.9,0,0
0.468786,43.8347,29.9158,2.44997,3.01876,0.120492,0.363738,NONE,999.9,0,0
0.472105,43.8347,29.9158,2.44997,3.01876,0.120492,0.363738,NONE,999.9,0,0
0.47634,43.8347,29.9158,2.44997,3.01876,0.120492,0.363738,NONE,999.9,0,0
0.48041,43.8113,29.9351,2.45124,3.04695,0.11936,0.363684,NONE,999.9,0,0
0.483955,43.8113,29.9351,2.45124,3.04695,0.11936,0.363684,NONE,999.9,0,0
0.48961,43.7876,29.9546,2.45237,3.08804,0.120834,0.373139,NONE,999.9,0,0
0.492689,43.7876,29.9546,2.45237,3.08804,0.120834,0.373139,NONE,999.9,0,0
0.496151,43.7876,29.9546,2.45237,3.08804,0.120834,0.373139,NONE,999.9,0,0
0.500106,43.7636,29.9743,2.45364,3.12718,0.11855,0.370726,NONE,999.9,0,0
0.504142,43.7636,29.9743,2.45364,3.12718,0.11855,0.370726,NONE,999.9,0,0
0.509603,43.7392,29.9942,2.45477,3.16445,0.121493,0.38446,NONE,999.9,0,0
0.512201,43.7392,29.9942,2.45477,3.16445,0.121493,0.38446,NONE,999.9,0,0
0.5162,43.7392,29.9942,2.45477,3.16445,0.121493,0.38446,NONE,999.9,0,0
0.520293,43.7146,30.0143,2.45605,3.19995,0.12016,0.384505,NONE,999.9,0,0
0.52427,43.7146,30.0143,2.45605,3.19995,0.12016,0.384505,NONE,999.9,0,0
0.528977,43.6896,30.0346,2.4572,3.23377,0.123711,0.400051,NONE,999.9,0,0
0.531901,43.6896,30.0346,2.4572,3.23377,0.123711,0.400051,NONE,999.9,0,0
0.535924,43.6896,30.0346,2.4572,3.23377,0.123711,0.400051,NONE,999.9,0,0
0.540003,43.6644,30.0551,2.4585,3.26598,0.122742,0.400872,NONE,999.9,0,0
0.544258,43.6644,30.0551,2.4585,3.26598,0.122742,0.400872,NONE,999.9,0,0
0.550129,43.6389,30.0758,2.45967,3.29665,0.126505,0.417042,NONE,999.9,0,0
0.552688,43.6389,30.0758,2.45967,3.29665,0.126505,0.417042,NONE,999.9,0,0
0.556326,43.6389,30.0758,2.45967,3.29665,0.126505,0.417042,NONE,999.9,0,0
0.560215,43.6132,30.0966,2.46101,3.32587,0.125635,0.417845,NONE,999.9,0,0
0.564242,43.6132,30.0966,2.46101,3.32587,0.125635,0.417845,NONE,999.9,0,0
0.569158,43.5872,30.1176,2.46221,3.3537,0.129432,0.434075,NONE,999.9,0,0
0.572395,43.5872,30.1176,2.46221,3.3537,0.129432,0.434075,NONE,999.9,0,0
0.576071,43.5872,30.1176,2.46221,3.3537,0.129432,0.434075,NONE,999.9,0,0
0.580057,43.561,30.1387,2.46358,3.3802,0.128543,0.434503,NONE,999.9,0,0
0.584361,43.561,30.1387,2.46358,3.3802,0.128543,0.434503,NONE,999.9,0,0
0.590315,43.5346,30.16,2.46481,3.40545,0.132298,0.450536,NONE,999.9,0,0
0.591954,43.5346,30.16,2.46481,3.40545,0.132298,0.450536,NONE,999.9,0,0
0.596221,43.5346,30.16,2.46481,3.40545,0.132298,0.450536,NONE,999.9,0,0
0.6004,43.5079,30.1814,2.4662,3.42949,0.131343,0.450442,NONE,999.9,0,0
0.604149,43.5079,30.1814,2.4662,3.42949,0.131343,0.450442,NONE,999.9,0,0
0.60946,43.481,30.2029,2.46746,3.45239,0.135027,0.466166,NONE,999.9,0,0
0.612033,43.481,30.2029,2.46746,3.45239,0.135027,0.466166,NONE,999.9,0,0
0.616664,43.481,30.2029,2.46746,3.45239,0.135027,0.466166,NONE,999.9,0,0
0.621269,43.4539,30.2245,2.46888,3.47421,0.133988,0.465503,NONE,999.9,0,0
0.624625,43.4539,30.2245,2.46888,3.47421,0.133988,0.465503,NONE,999.9,0,0
0.629353,43.4267,30.2462,2.47016,3.49498,0.137591,0.480879,NONE,999.9,0,0
0.631931,43.4267,30.2462,2.47016,3.49498,0.137591,0.480879,NONE,999.9,0,0
0.635989,43.4267,30.2462,2.47016,3.49498,0.137591,0.480879,NONE,999.9,0,0
0.640298,43.3994,30.2678,2.47167,3.47002,0.145555,0.50508,NONE,999.9,0,0
0.644501,43.3994,30.2678,2.47167,3.47002,0.145555,0.50508,NONE,999.9,0,0
0.649453,43.3723,30.2893,2.47309,3.44981,0.155282,0.535695,NONE,999.9,0,0
0.65223,43.3723,30.2893,2.47309,3.44981,0.155282,0.535695,NONE,999.9,0,0
0.655995,43.3723,30.2893,2.47309,3.44981,0.155282,0.535695,NONE,999.9,0,0
0.660536,43.3453,30.3106,2.47473,3.43344,0.156043,0.535766,NONE,999.9,0,0
0.66397,43.3453,30.3106,2.47473,3.43344,0.156043,0.535766,NONE,999.9,0,0
0.669002,43.3183,30.3318,2.47623,3.42019,0.160731,0.549731,NONE,999.9,0,0
0.6719,43.3183,30.3318,2.47623,3.42019,0.160731,0.549731,NONE,999.9,0,0
0.676387,43.3183,30.3318,2.47623,3.42019,0.160731,0.549731,NONE,999.9,0,0
0.681108,43.2915,30.3529,2.47791,3.40946,0.158297,0.539706,NONE,999.9,0,0
0.684299,43.2915,30.3529,2.47791,3.40946,0.158297,0.539706,NONE,999.9,0,0
0.689547,43.2646,30.3739,2.4794,3.41881,0.156161,0.533884,NONE,999.9,0,0
0.692084,43.2646,30.3739,2.4794,3.41881,0.156161,0.533884,NONE,999.9,0,0
0.696063,43.2646,30.3739,2.4794,3.41881,0.156161,0.533884,NONE,999.9,0,0
0.70002,43.2376,30.395,2.48102,3.42771,0.150382,0.515467,NONE,999.9,0,0
0.704173,43.2376,30.395,2.48102,3.42771,0.150382,0.515467,NONE,999.9,0,0
0.710832,43.2105,30.4161,2.48244,3.43619,0.150831,0.518284,NONE,999.9,0,0
0.713761,43.2105,30.4161,2.48244,3.43619,0.150831,0.518284,NONE,999.9,0,0
0.715853,43.2105,30.4161,2.48244,3.43619,0.150831,0.518284,NONE,999.9,0,0
0.720249,43.1833,30.4371,2.48431,3.44427,0.235455,0.810971,NONE,999.9,0,0
0.724144,43.1833,30.4371,2.48431,3.44427,0.235455,0.810971,NONE,999.9,0,0
0.7297,43.156,30.4581,2.48705,3.45196,0.292945,1.01123,NONE,999.9,0,0
0.732154,43.156,30.4581,2.48705,3.45196,0.292945,1.01123,NONE,999.9,0,0
0.736364,43.156,30.4581,2.48705,3.45196,0.292945,1.01123,NONE,999.9,0,0
0.740596,43.1285,30.4791,2.49014,3.45929,0.339395,1.17407,NONE,999.9,0,0
0.745147,43.1285,30.4791,2.49014,3.45929,0.339395,1.17407,NONE,999.9,0,0
0.749852,43.1009,30.5,2.49377,3.46626,0.36882,1.27843,NONE,999.9,0,0
0.752061,43.1009,30.5,2.49377,3.46626,0.36882,1.27843,NONE,999.9,0,0
0.756073,43.1009,30.5,2.49377,3.46626,0.36882,1.27843,NONE,999.9,0,0
0.760109,43.0732,30.5209,2.49752,3.47291,0.394687,1.37071,NONE,999.9,0,0
0.763967,43.0732,30.5209,2.49752,3.47291,0.394687,1.37071,NONE,999.9,0,0
0.76882,43.0453,30.5416,2.50162,3.47924,0.409051,1.42319,NONE,999.9,0,0
0.771964,43.0453,30.5416,2.50162,3.47924,0.409051,1.42319,NONE,999.9,0,0
0.777167,43.0453,30.5416,2.50162,3.47924,0.409051,1.42319,NONE,999.9,0,0
0.781212,43.0173,30.5624,2.50571,3.48527,0.423929,1.47751,NONE,999.9,0,0
0.783907,43.0173,30.5624,2.50571,3.48527,0.423929,1.47751,NONE,999.9,0,0
0.789447,42.9892,30.583,2.51006,3.49102,0.430302,1.50219,NONE,999.9,0,0
0.792284,42.9892,30.583,2.51006,3.49102,0.430302,1.50219,NONE,999.9,0,0
0.796214,42.9892,30.583,2.51006,3.49102,0.430302,1.50219,NONE,999.9,0,0
0.8002,42.961,30.6036,2.51433,3.49649,0.439388,1.53632,NONE,999.9,0,0
0.80452,42.961,30.6036,2.51433,3.49649,0.439388,1.53632,NONE,999.9,0,0
0.812217,42.9326,30.6241,2.51882,3.5017,0.441578,1.54627,NONE,999.9,0,0
0.814318,42.9326,30.6241,2.51882,3.5017,0.441578,1.54627,NONE,999.9,0,0
0.816285,42.9326,30.6241,2.51882,3.5017,0.441578,1.54627,NONE,999.9,0,0
0.820382,42.9042,30.6446,2.52319,3.50666,0.447659,1.56979,NONE,999.9,0,0
0.823907,42.9042,30.6446,2.52319,3.50666,0.447659,1.56979,NONE,999.9,0,0
0.828911,42.8756,30.6649,2.52775,3.51138,0.447697,1.57204,NONE,999.9,0,0
0.832131,42.8756,30.6649,2.52775,3.51138,0.447697,1.57204,NONE,999.9,0,0
0.836159,42.8756,30.6649,2.52775,3.51138,0.447697,1.57204,NONE,999.9,0,0
0.840868,42.8468,30.6852,2.53213,3.52624,0.444724,1.5682,NONE,999.9,0,0
0.844224,42.8468,30.6852,2.53213,3.52624,0.444724,1.5682,NONE,999.9,0,0
0.850128,42.8179,30.7055,2.53663,3.54039,0.43916,1.5548,NONE,999.9,0,0
0.852254,42.8179,30.7055,2.53663,3.54039,0.43916,1.5548,NONE,999.9,0,0
0.856408,42.8179,30.7055,2.53663,3.54039,0.43916,1.5548,NONE,999.9,0,0
0.860133,42.7887,30.7257,2.54094,3.55386,0.440028,1.5638,NONE,999.9,0,0
0.864055,42.7887,30.7257,2.54094,3.55386,0.440028,1.5638,NONE,999.9,0,0
0.868984,42.7594,30.7458,2.54541,3.5667,0.437226,1.55945,NONE,999.9,0,0
0.872566,42.7594,30.7458,2.54541,3.5667,0.437226,1.55945,NONE,999.9,0,0
0.876783,42.7594,30.7458,2.54541,3.5667,0.437226,1.55945,NONE,999.9,0,0
0.880551,42.7299,30.7659,2.54971,3.57892,0.440061,1.57495,NONE,999.9,0,0
0.884024,42.7299,30.7659,2.54971,3.57892,0.440061,1.57495,NONE,999.9,0,0
0.889412,42.7001,30.786,2.55419,3.59057,0.438636,1.57495,NONE,999.9,0,0
0.892003,42.7001,30.786,2.55419,3.59057,0.438636,1.57495,NONE,999.9,0,0
0.896663,42.7001,30.786,2.55419,3.59057,0.438636,1.57495,NONE,999.9,0,0
0.90072,42.6703,30.806,2.55851,3.60166,0.442419,1.59344,NONE,999.9,0,0
0.904402,42.6703,30.806,2.55851,3.60166,0.442419,1.59344,NONE,999.9,0,0
0.910433,42.6402,30.8259,2.56301,3.61222,0.441624,1.59524,NONE,999.9,0,0
0.912243,42.6402,30.8259,2.56301,3.61222,0.441624,1.59524,NONE,999.9,0,0
0.916059,42.6402,30.8259,2.56301,3.61222,0.441624,1.59524,NONE,999.9,0,0
0.920087,42.61,30.8458,2.56737,3.62228,0.44581,1.61485,NONE,999.9,0,0
0.923909,42.61,30.8458,2.56737,3.62228,0.44581,1.61485,NONE,999.9,0,0
0.928658,42.5796,30.8656,2.57191,3.63186,0.445249,1.61708,NONE,999.9,0,0
0.932167,42.5796,30.8656,2.57191,3.63186,0.445249,1.61708,NONE,999.9,0,0
0.936386,42.5796,30.8656,2.57191,3.63186,0.445249,1.61708,NONE,999.9,0,0
0.941981,42.549,30.8853,2.5763,3.64099,0.449553,1.63682,NONE,999.9,0,0
0.945387,42.549,30.8853,2.5763,3.64099,0.449553,1.63682,NONE,999.9,0,0
0.949356,42.5183,30.9049,2.58087,3.64968,0.449024,1.63879,NONE,999.9,0,0
0.952558,42.5183,30.9049,2.58087,3.64968,0.449024,1.63879,NONE,999.9,0,0
0.956318,42.5183,30.9049,2.58087,3.64968,0.449024,1.63879,NONE,999.9,0,0
0.960022,42.4874,30.9244,2.5853,3.65796,0.453303,1.65817,NONE,999.9,0,0
0.964278,42.4874,30.9244,2.5853,3.65796,0.453303,1.65817,NONE,999.9,0,0
0.969139,42.4564,30.9439,2.58992,3.66522,0.453197,1.66107,NONE,999.9,0,0
0.972607,42.4564,30.9439,2.58992,3.66522,0.453197,1.66107,NONE,999.9,0,0
0.976574,42.4564,30.9439,2.58992,3.66522,0.453197,1.66107,NONE,999.9,0,0
0.981817,42.4252,30.9632,2.59439,3.67213,0.457719,1.6808,NONE,999.9,0,0
0.984337,42.4252,30.9632,2.59439,3.67213,0.457719,1.6808,NONE,999.9,0,0
0.989367,42.3939,30.9825,2.59905,3.67872,0.457198,1.6819,NONE,999.9,0,0
0.991987,42.3939,30.9825,2.59905,3.67872,0.457198,1.6819,NONE,999.9,0,0
0.996669,42.3939,30.9825,2.59905,3.67872,0.457198,1.6819,NONE,999.9,0,0
1.00257,42.3624,31.0016,2.60356,3.68499,0.46138,1.70018,NONE,999.9,0,0
1.0054,42.3624,31.0016,2.60356,3.68499,0.46138,1.70018,NONE,999.9,0,0
1.01121,42.3308,31.0206,2.60825,3.69097,0.460575,1.69997,NONE,999.9,0,0
1.01442,42.3308,31.0206,2.60825,3.69097,0.460575,1.69997,NONE,999.9,0,0
1.01724,42.3308,31.0206,2.60825,3.69097,0.460575,1.69997,NONE,999.9,0,0
1.02139,42.2991,31.0396,2.6128,3.69666,0.464519,1.71717,NONE,999.9,0,0
1.02407,42.2991,31.0396,2.6128,3.69666,0.464519,1.71717,NONE,999.9,0,0
1.02982,42.2673,31.0584,2.61752,3.70208,0.463509,1.71595,NONE,999.9,0,0
1.03314,42.2673,31.0584,2.61752,3.70208,0.463509,1.71595,NONE,999.9,0,0
1.03669,42.2673,31.0584,2.61752,3.70208,0.463509,1.71595,NONE,999.9,0,0
1.04065,42.2353,31.0771,2.62209,3.70724,0.467276,1.7323,NONE,999.9,0,0
1.04432,42.2353,31.0771,2.62209,3.70724,0.467276,1.7323,NONE,999.9,0,0
1.04933,42.2032,31.0956,2.62684,3.71216,0.466109,1.73027,NONE,999.9,0,0
1.05214,42.2032,31.0956,2.62684,3.71216,0.466109,1.73027,NONE,999.9,0,0
1.05598,42.2032,31.0956,2.62684,3.71216,0.466109,1.73027,NONE,999.9,0,0
1.06031,42.1709,31.1141,2.63144,3.71684,0.469737,1.74594,NONE,999.9,0,0
1.06449,42.1709,31.1141,2.63144,3.71684,0.469737,1.74594,NONE,999.9,0,0
1.07049,42.1386,31.1324,2.63621,3.7213,0.468444,1.74322,NONE,999.9,0,0
1.07399,42.1386,31.1324,2.63621,3.7213,0.468444,1.74322,NONE,999.9,0,0
1.07694,42.1386,31.1324,2.63621,3.7213,0.468444,1.74322,NONE,999.9,0,0
1.08162,42.1061,31.1506,2.64083,3.72555,0.471957,1.7583,NONE,999.9,0,0
1.08398,42.1061,31.1506,2.64083,3.72555,0.471957,1.7583,NONE,999.9,0,0
1.08921,42.0735,31.1687,2.6456,3.73514,0.465864,1.74007,NONE,999.9,0,0
1.09232,42.0735,31.1687,2.6456,3.73514,0.465864,1.74007,NONE,999.9,0,0
1.09639,42.0735,31.1687,2.6456,3.73514,0.465864,1.74007,NONE,999.9,0,0
1.10044,42.0407,31.1867,2.65018,3.74429,0.466085,1.74515,NONE,999.9,0,0
1.10571,42.0407,31.1867,2.65018,3.74429,0.466085,1.74515,NONE,999.9,0,0
1.11235,42.0077,31.2046,2.6549,3.75299,0.462779,1.73681,NONE,999.9,0,0
1.11463,42.0077,31.2046,2.6549,3.75299,0.462779,1.73681,NONE,999.9,0,0
1.11698,42.0077,31.2046,2.6549,3.75299,0.462779,1.73681,NONE,999.9,0,0
1.12097,41.9746,31.2223,2.65946,3.76128,0.46501,1.74904,NONE,999.9,0,0
1.12611,41.9746,31.2223,2.65946,3.76128,0.46501,1.74904,NONE,999.9,0,0
1.13309,41.9414,31.24,2.66418,3.76918,0.46313,1.74562,NONE,999.9,0,0
1.1364,41.9414,31.24,2.66418,3.76918,0.46313,1.74562,NONE,999.9,0,0
1.1408,41.908,31.2575,2.66875,3.77671,0.466357,1.76129,NONE,999.9,0,0
1.14488,41.908,31.2575,2.66875,3.77671,0.466357,1.76129,NONE,999.9,0,0
1.15034,41.8744,31.275,2.67349,3.78387,0.465151,1.76007,NONE,999.9,0,0
1.15329,41.8744,31.275,2.67349,3.78387,0.465151,1.76007,NONE,999.9,0,0
1.15645,41.8744,31.275,2.67349,3.78387,0.465151,1.76007,NONE,999.9,0,0
1.16054,41.8407,31.2923,2.67807,3.79069,0.46882,1.77716,NONE,999.9,0,0
1.16422,41.8407,31.2923,2.67807,3.79069,0.46882,1.77716,NONE,999.9,0,0
1.16958,41.8069,31.3094,2.68284,3.79719,0.467884,1.77665,NONE,999.9,0,0
1.17223,41.8069,31.3094,2.68284,3.79719,0.467884,1.77665,NONE,999.9,0,0
1.17619,41.8069,31.3094,2.68284,3.79719,0.467884,1.77665,NONE,999.9,0,0
1.1803,41.7729,31.3265,2.68746,3.80339,0.471702,1.79406,NONE,999.9,0,0
1.18399,41.7729,31.3265,2.68746,3.80339,0.471702,1.79406,NONE,999.9,0,0
1.18937,41.7388,31.3434,2.69225,3.80928,0.470824,1.7935,NONE,999.9,0,0
1.19237,41.7388,31.3434,2.69225,3.80928,0.470824,1.7935,NONE,999.9,0,0
1.19616,41.7388,31.3434,2.69225,3.80928,0.470824,1.7935,NONE,999.9,0,0
1.20016,41.7046,31.3602,2.6969,3.8149,0.474641,1.81071,NONE,999.9,0,0
1.20416,41.7046,31.3602,2.6969,3.8149,0.474641,1.81071,NONE,999.9,0,0
1.20925,41.6703,31.3768,2.70172,3.82025,0.473717,1.80972,NONE,999.9,0,0
1.21195,41.6703,31.3768,2.70172,3.82025,0.473717,1.80972,NONE,999.9,0,0
1.21595,41.6703,31.3768,2.70172,3.82025,0.473717,1.80972,NONE,999.9,0,0
1.22009,41.6358,31.3934,2.70639,3.82534,0.477462,1.82645,NONE,999.9,0,0
1.22426,41.6358,31.3934,2.70639,3.82534,0.477462,1.82645,NONE,999.9,0,0
1.22945,41.6012,31.4097,2.71125,3.83019,0.476446,1.82488,NONE,999.9,0,0
1.23214,41.6012,31.4097,2.71125,3.83019,0.476446,1.82488,NONE,999.9,0,0
1.23603,41.6012,31.4097,2.71125,3.83019,0.476446,1.82488,NONE,999.9,0,0
1.24,41.5665,31.426,2.71595,3.83482,0.48009,1.84105,NONE,999.9,0,0
1.24424,41.5665,31.426,2.71595,3.83482,0.48009,1.84105,NONE,999.9,0,0
1.24956,41.5316,31.4421,2.72083,3.83922,0.478966,1.83885,NONE,999.9,0,0
1.25187,41.5316,31.4421,2.72083,3.83922,0.478966,1.83885,NONE,999.9,0,0
1.25654,41.5316,31.4421,2.72083,3.83922,0.478966,1.83885,NONE,999.9,0,0
1.26078,41.4967,31.458,2.72555,3.84341,0.4825,1.85445,NONE,999.9,0,0
1.2639,41.4967,31.458,2.72555,3.84341,0.4825,1.85445,NONE,999.9,0,0
1.26886,41.4616,31.4738,2.73045,3.8474,0.481266,1.85162,NONE,999.9,0,0
1.27208,41.4616,31.4738,2.73045,3.8474,0.481266,1.85162,NONE,999.9,0,0
1.27626,41.4616,31.4738,2.73045,3.8474,0.481266,1.85162,NONE,999.9,0,0
1.28009,41.4264,31.4895,2.73518,3.85646,0.479795,1.85031,NONE,999.9,0,0
1.28449,41.4264,31.4895,2.73518,3.85646,0.479795,1.85031,NONE,999.9,0,0
1.28934,41.3911,31.505,2.74003,3.86509,0.475344,1.83725,NONE,999.9,0,0
1.29216,41.3911,31.505,2.74003,3.86509,0.475344,1.83725,NONE,999.9,0,0
1.29611,41.3911,31.505,2.74003,3.86509,0.475344,1.83725,NONE,999.9,0,0
1.30046,41.3556,31.5204,2.74471,3.87331,0.476616,1.84608,NONE,999.9,0,0
1.30399,41.3556,31.5204,2.74471,3.87331,0.476616,1.84608,NONE,999.9,0,0
1.3096,41.32,31.5357,2.74955,3.88113,0.474157,1.84027,NONE,999.9,0,0
1.31236,41.32,31.5357,2.74955,3.88113,0.474157,1.84027,NONE,999.9,0,0
1.3167,41.32,31.5357,2.74955,3.88113,0.474157,1.84027,NONE,999.9,0,0
1.32228,41.2842,31.5508,2.75422,3.88859,0.47686,1.85431,NONE,999.9,0,0
1.32612,41.2842,31.5508,2.75422,3.88859,0.47686,1.85431,NONE,999.9,0,0
1.32935,41.2483,31.5658,2.75906,3.89569,0.475405,1.85203,NONE,999.9,0,0
1.33208,41.2483,31.5658,2.75906,3.89569,0.475405,1.85203,NONE,999.9,0,0
1.33604,41.2483,31.5658,2.75906,3.89569,0.475405,1.85203,NONE,999.9,0,0
1.34025,41.2122,31.5807,2.76362,3.89775,0.437265,1.70435,NONE,999.9,0,0
1.34441,41.2122,31.5807,2.76362,3.89775,0.437265,1.70435,NONE,999.9,0,0
1.34915,41.1761,31.5954,2.76768,3.89972,0.362609,1.41407,NONE,999.9,0,0
1.35289,41.1761,31.5954,2.76768,3.89972,0.362609,1.41407,NONE,999.9,0,0
1.35622,41.1761,31.5954,2.76768,3.89972,0.362609,1.41407,NONE,999.9,0,0
1.36045,41.14,31.6101,2.77095,3.90159,0.31065,1.21203,NONE,999.9,0,0
1.36478,41.14,31.6101,2.77095,3.90159,0.31065,1.21203,NONE,999.9,0,0
1.36944,41.1038,31.6246,2.77423,3.90338,0.359757,1.40427,NONE,999.9,0,0
1.37213,41.1038,31.6246,2.77423,3.90338,0.359757,1.40427,NONE,999.9,0,0
1.37625,41.1038,31.6246,2.77423,3.90338,0.359757,1.40427,NONE,999.9,0,0
1.38031,41.0675,31.6389,2.77809,3.90508,0.393043,1.53486,NONE,999.9,0,0
1.3846,41.0675,31.6389,2.77809,3.90508,0.393043,1.53486,NONE,999.9,0,0
1.38927,41.0311,31.6531,2.78209,3.9067,0.422503,1.65059,NONE,999.9,0,0
1.39204,41.0311,31.6531,2.78209,3.9067,0.422503,1.65059,NONE,999.9,0,0
1.39623,41.0311,31.6531,2.78209,3.9067,0.422503,1.65059,NONE,999.9,0,0
1.40028,40.9946,31.6671,2.78649,3.90824,0.440714,1.72241,NONE,999.9,0,0
1.40414,40.9946,31.6671,2.78649,3.90824,0.440714,1.72241,NONE,999.9,0,0
1.40963,40.9581,31.681,2.79091,3.90971,0.45863,1.79311,NONE,999.9,0,0
1.41217,40.9581,31.681,2.79091,3.90971,0.45863,1.79311,NONE,999.9,0,0
1.41627,40.9581,31.681,2.79091,3.90971,0.45863,1.79311,NONE,999.9,0,0
1.42065,40.9214,31.6947,2.79561,3.91545,0.464131,1.81728,NONE,999.9,0,0
1.42414,40.9214,31.6947,2.79561,3.91545,0.464131,1.81728,NONE,999.9,0,0
1.42918,40.8846,31.7083,2.80021,3.92092,0.472617,1.85309,NONE,999.9,0,0
1.43202,40.8846,31.7083,2.80021,3.92092,0.472617,1.85309,NONE,999.9,0,0
1.43656,40.8846,31.7083,2.80021,3.92092,0.472617,1.85309,NONE,999.9,0,0
1.44012,40.8478,31.7217,2.80503,3.92612,0.475279,1.86601,NONE,999.9,0,0
1.44433,40.8478,31.7217,2.80503,3.92612,0.475279,1.86601,NONE,999.9,0,0
1.44996,40.8108,31.7349,2.80958,3.93108,0.43614,1.7145,NONE,999.9,0,0
1.45285,40.8108,31.7349,2.80958,3.93108,0.43614,1.7145,NONE,999.9,0,0
1.45596,40.8108,31.7349,2.80958,3.93108,0.43614,1.7145,NONE,999.9,0,0
1.45998,40.7737,31.7481,2.81363,3.93581,0.361289,1.42196,NONE,999.9,0,0
1.46392,40.7737,31.7481,2.81363,3.93581,0.361289,1.42196,NONE,999.9,0,0
1.46938,40.7366,31.7612,2.81689,3.94031,0.309017,1.21762,NONE,999.9,0,0
1.47204,40.7366,31.7612,2.81689,3.94031,0.309017,1.21762,NONE,999.9,0,0
1.47637,40.7366,31.7612,2.81689,3.94031,0.309017,1.21762,NONE,999.9,0,0
1.48053,40.6994,31.7742,2.81984,3.94459,0.265917,1.04893,NONE,999.9,0,0
1.48482,40.6994,31.7742,2.81984,3.94459,0.265917,1.04893,NONE,999.9,0,0
1.48937,40.6621,31.7871,2.82226,3.94867,0.237896,0.939373,NONE,999.9,0,0
1.49199,40.6621,31.7871,2.82226,3.94867,0.237896,0.939373,NONE,999.9,0,0
1.49595,40.6621,31.7871,2.82226,3.94867,0.237896,0.939373,NONE,999.9,0,0
1.50019,40.6247,31.7999,2.8246,3.95256,0.213253,0.842897,NONE,999.9,0,0
1.50382,40.6247,31.7999,2.8246,3.95256,0.213253,0.842897,NONE,999.9,0,0
1.50895,40.5873,31.8126,2.82657,3.95626,0.199231,0.788211,NONE,999.9,0,0
1.5127,40.5873,31.8126,2.82657,3.95626,0.199231,0.788211,NONE,999.9,0,0
1.51618,40.5873,31.8126,2.82657,3.95626,0.199231,0.788211,NONE,999.9,0,0
1.52018,40.5497,31.8253,2.82889,3.95979,0.276645,1.09546,NONE,999.9,0,0
1.52392,40.5497,31.8253,2.82889,3.95979,0.276645,1.09546,NONE,999.9,0,0
1.52893,40.5121,31.8377,2.83202,3.96315,0.331773,1.31486,NONE,999.9,0,0
1.5318,40.5121,31.8377,2.83202,3.96315,0.331773,1.31486,NONE,999.9,0,0
1.53606,40.5121,31.8377,2.83202,3.96315,0.331773,1.31486,NONE,999.9,0,0
1.54001,40.4744,31.85,2.8355,3.96635,0.377848,1.49868,NONE,999.9,0,0
1.54431,40.4744,31.85,2.8355,3.96635,0.377848,1.49868,NONE,999.9,0,0
1.54953,40.4367,31.8621,2.83952,3.96939,0.408828,1.6228,NONE,999.9,0,0
1.55208,40.4367,31.8621,2.83952,3.96939,0.408828,1.6228,NONE,999.9,0,0
1.55583,40.4367,31.8621,2.83952,3.96939,0.408828,1.6228,NONE,999.9,0,0
1.56001,40.3988,31.8742,2.84367,3.9723,0.43634,1.73327,NONE,999.9,0,0
1.56393,40.3988,31.8742,2.84367,3.9723,0.43634,1.73327,NONE,999.9,0,0
1.56889,40.3609,31.886,2.84821,3.97506,0.453083,1.80103,NONE,999.9,0,0
1.57211,40.3609,31.886,2.84821,3.97506,0.453083,1.80103,NONE,999.9,0,0
1.57645,40.3609,31.886,2.84821,3.97506,0.453083,1.80103,NONE,999.9,0,0
1.58028,40.3229,31.8977,2.85274,3.97769,0.469707,1.86835,NONE,999.9,0,0
1.58475,40.3229,31.8977,2.85274,3.97769,0.469707,1.86835,NONE,999.9,0,0
1.58895,40.2848,31.9093,2.85757,3.9802,0.478147,1.90312,NONE,999.9,0,0
1.59185,40.2848,31.9093,2.85757,3.9802,0.478147,1.90312,NONE,999.9,0,0
1.59586,40.2848,31.9093,2.85757,3.9802,0.478147,1.90312,NONE,999.9,0,0
1.5999,40.2467,31.9207,2.86232,3.98259,0.488462,1.94534,NONE,999.9,0,0
1.60385,40.2467,31.9207,2.86232,3.98259,0.488462,1.94534,NONE,999.9,0,0
1.60988,40.2084,31.9319,2.86729,3.98897,0.488485,1.94855,NONE,999.9,0,0
1.61238,40.2084,31.9319,2.86729,3.98897,0.488485,1.94855,NONE,999.9,0,0
1.61615,40.2084,31.9319,2.86729,3.98897,0.488485,1.94855,NONE,999.9,0,0
1.62017,40.1701,31.943,2.87211,3.99505,0.49262,1.96804,NONE,999.9,0,0
1.62448,40.1701,31.943,2.87211,3.99505,0.49262,1.96804,NONE,999.9,0,0
1.62867,40.1316,31.9539,2.87712,4.00084,0.492,1.96841,NONE,999.9,0,0
1.6319,40.1316,31.9539,2.87712,4.00084,0.492,1.96841,NONE,999.9,0,0
1.63594,40.1316,31.9539,2.87712,4.00084,0.492,1.96841,NONE,999.9,0,0
1.64023,40.0931,31.9647,2.88166,4.00636,0.404879,1.62209,NONE,999.9,0,0
1.6447,40.0931,31.9647,2.88166,4.00636,0.404879,1.62209,NONE,999.9,0,0
1.64878,40.0544,31.9754,2.8853,4.01161,0.342769,1.37506,NONE,999.9,0,0
1.65185,40.0544,31.9754,2.8853,4.01161,0.342769,1.37506,NONE,999.9,0,0
1.65585,40.0544,31.9754,2.8853,4.01161,0.342769,1.37506,NONE,999.9,0,0
1.66016,40.0157,31.9861,2.88855,4.01501,0.292932,1.17613,NONE,999.9,0,0
1.66406,40.0157,31.9861,2.88855,4.01501,0.292932,1.17613,NONE,999.9,0,0
1.66885,39.977,31.9966,2.89122,4.01824,0.259466,1.0426,NONE,999.9,0,0
1.67244,39.977,31.9966,2.89122,4.01824,0.259466,1.0426,NONE,999.9,0,0
1.67653,39.977,31.9966,2.89122,4.01824,0.259466,1.0426,NONE,999.9,0,0
1.68051,39.9381,32.007,2.89375,4.02132,0.230531,0.927041,NONE,999.9,0,0
1.68391,39.9381,32.007,2.89375,4.02132,0.230531,0.927041,NONE,999.9,0,0
1.68863,39.8993,32.0173,2.89588,4.02426,0.213051,0.857372,NONE,999.9,0,0
1.69182,39.8993,32.0173,2.89588,4.02426,0.213051,0.857372,NONE,999.9,0,0
1.69583,39.8993,32.0173,2.89588,4.02426,0.213051,0.857372,NONE,999.9,0,0
1.70053,39.8603,32.0275,2.89801,4.02705,0.196297,0.790497,NONE,999.9,0,0
1.70482,39.8603,32.0275,2.89801,4.02705,0.196297,0.790497,NONE,999.9,0,0
1.70978,39.8213,32.0376,2.89984,4.02971,0.188059,0.757825,NONE,999.9,0,0
1.71201,39.8213,32.0376,2.89984,4.02971,0.188059,0.757825,NONE,999.9,0,0
1.71625,39.8213,32.0376,2.89984,4.02971,0.188059,0.757825,NONE,999.9,0,0
1.72066,39.7823,32.0477,2.90176,4.03225,0.178284,0.718886,NONE,999.9,0,0
1.72411,39.7823,32.0477,2.90176,4.03225,0.178284,0.718886,NONE,999.9,0,0
1.72886,39.7432,32.0576,2.90344,4.03466,0.17529,0.707236,NONE,999.9,0,0
1.73323,39.7432,32.0576,2.90344,4.03466,0.17529,0.707236,NONE,999.9,0,0
1.73664,39.7432,32.0576,2.90344,4.03466,0.17529,0.707236,NONE,999.9,0,0
1.74035,39.7041,32.0675,2.90556,4.03696,0.261555,1.05589,NONE,999.9,0,0
1.74588,39.7041,32.0675,2.90556,4.03696,0.261555,1.05589,NONE,999.9,0,0
1.74903,39.6649,32.0771,2.90858,4.03915,0.323547,1.30685,NONE,999.9,0,0
1.75187,39.6649,32.0771,2.90858,4.03915,0.323547,1.30685,NONE,999.9,0,0
1.75611,39.6649,32.0771,2.90858,4.03915,0.323547,1.30685,NONE,999.9,0,0
1.75987,39.6256,32.0866,2.912,4.04123,0.374813,1.51471,NONE,999.9,0,0
1.76383,39.6256,32.0866,2.912,4.04123,0.374813,1.51471,NONE,999.9,0,0
1.76959,39.5863,32.096,2.91602,4.04322,0.409763,1.65676,NONE,999.9,0,0
1.77225,39.5863,32.096,2.91602,4.04322,0.409763,1.65676,NONE,999.9,0,0
1.7765,39.5863,32.096,2.91602,4.04322,0.409763,1.65676,NONE,999.9,0,0
1.78056,39.5469,32.1052,2.92019,4.04511,0.440188,1.78061,NONE,999.9,0,0
1.78419,39.5469,32.1052,2.92019,4.04511,0.440188,1.78061,NONE,999.9,0,0
1.78946,39.5075,32.1143,2.92477,4.04692,0.459117,1.85801,NONE,999.9,0,0
1.79181,39.5075,32.1143,2.92477,4.04692,0.459117,1.85801,NONE,999.9,0,0
1.79622,39.5075,32.1143,2.92477,4.04692,0.459117,1.85801,NONE,999.9,0,0
1.8003,39.468,32.1232,2.92936,4.05162,0.474697,1.92329,NONE,999.9,0,0
1.80467,39.468,32.1232,2.92936,4.05162,0.474697,1.92329,NONE,999.9,0,0
1.80988,39.4284,32.1319,2.93424,4.0561,0.482543,1.95724,NONE,999.9,0,0
1.81239,39.4284,32.1319,2.93424,4.0561,0.482543,1.95724,NONE,999.9,0,0
1.81601,39.4284,32.1319,2.93424,4.0561,0.482543,1.95724,NONE,999.9,0,0
1.82025,39.3887,32.1406,2.93872,4.06036,0.400969,1.62808,NONE,999.9,0,0
1.82422,39.3887,32.1406,2.93872,4.06036,0.400969,1.62808,NONE,999.9,0,0
1.83008,39.349,32.1491,2.94234,4.06443,0.342607,1.3925,NONE,999.9,0,0
1.83307,39.349,32.1491,2.94234,4.06443,0.342607,1.3925,NONE,999.9,0,0
1.83666,39.349,32.1491,2.94234,4.06443,0.342607,1.3925,NONE,999.9,0,0
1.84305,39.3092,32.1576,2.9456,4.0683,0.29432,1.19738,NONE,999.9,0,0
1.84501,39.3092,32.1576,2.9456,4.0683,0.29432,1.19738,NONE,999.9,0,0
1.84918,39.2694,32.1659,2.94829,4.07198,0.26173,1.06576,NONE,999.9,0,0
1.85184,39.2694,32.1659,2.94829,4.07198,0.26173,1.06576,NONE,999.9,0,0
1.8559,39.2694,32.1659,2.94829,4.07198,0.26173,1.06576,NONE,999.9,0,0
1.86013,39.2295,32.1742,2.95084,4.07549,0.233336,0.950957,NONE,999.9,0,0
1.86425,39.2295,32.1742,2.95084,4.07549,0.233336,0.950957,NONE,999.9,0,0
1.86938,39.1896,32.1823,2.953,4.07884,0.216052,0.881239,NONE,999.9,0,0
1.872,39.1896,32.1823,2.953,4.07884,0.216052,0.881239,NONE,999.9,0,0
1.87633,39.1896,32.1823,2.953,4.07884,0.216052,0.881239,NONE,999.9,0,0
1.88037,39.1496,32.1904,2.95515,4.08202,0.199391,0.813917,NONE,999.9,0,0
1.88413,39.1496,32.1904,2.95515,4.08202,0.199391,0.813917,NONE,999.9,0,0
1.88916,39.1095,32.1984,2.95702,4.08505,0.191068,0.780522,NONE,999.9,0,0
1.89189,39.1095,32.1984,2.95702,4.08505,0.191068,0.780522,NONE,999.9,0,0
1.89639,39.1095,32.1984,2.95702,4.08505,0.191068,0.780522,NONE,999.9,0,0
1.90036,39.0694,32.2062,2.95896,4.08794,0.181218,0.740807,NONE,999.9,0,0
1.90412,39.0694,32.2062,2.95896,4.08794,0.181218,0.740807,NONE,999.9,0,0
1.90927,39.0293,32.214,2.96067,4.09069,0.178047,0.728335,NONE,999.9,0,0
1.91226,39.0293,32.214,2.96067,4.09069,0.178047,0.728335,NONE,999.9,0,0
1.91601,39.0293,32.214,2.96067,4.09069,0.178047,0.728335,NONE,999.9,0,0
1.9204,38.9891,32.2217,2.96282,4.09331,0.264175,1.08135,NONE,999.9,0,0
1.9239,38.9891,32.2217,2.96282,4.09331,0.264175,1.08135,NONE,999.9,0,0
1.92913,38.9488,32.2292,2.96587,4.09581,0.326349,1.33666,NONE,999.9,0,0
1.93244,38.9488,32.2292,2.96587,4.09581,0.326349,1.33666,NONE,999.9,0,0
1.93626,38.9488,32.2292,2.96587,4.09581,0.326349,1.33666,NONE,999.9,0,0
1.94008,38.9085,32.2365,2.96932,4.09819,0.377856,1.54852,NONE,999.9,0,0
1.94434,38.9085,32.2365,2.96932,4.09819,0.377856,1.54852,NONE,999.9,0,0
1.949,38.8682,32.2437,2.97337,4.10045,0.413172,1.69419,NONE,999.9,0,0
1.95193,38.8682,32.2437,2.97337,4.10045,0.413172,1.69419,NONE,999.9,0,0
1.9562,38.8682,32.2437,2.97337,4.10045,0.413172,1.69419,NONE,999.9,0,0
1.96026,38.8277,32.2508,2.97758,4.10261,0.443901,1.82115,NONE,999.9,0,0
1.96425,38.8277,32.2508,2.97758,4.10261,0.443901,1.82115,NONE,999.9,0,0
1.96943,38.7873,32.2577,2.9822,4.10466,0.463185,1.90122,NONE,999.9,0,0
1.97191,38.7873,32.2577,2.9822,4.10466,0.463185,1.90122,NONE,999.9,0,0
1.97622,38.7873,32.2577,2.9822,4.10466,0.463185,1.90122,NONE,999.9,0,0
1.98022,38.7468,32.2644,2.98684,4.10713,0.481144,1.97612,NONE,999.9,0,0
1.98425,38.7468,32.2644,2.98684,4.10713,0.481144,1.97612,NONE,999.9,0,0
1.98951,38.7062,32.271,2.99179,4.10947,0.49068,2.01644,NONE,999.9,0,0
1.99214,38.7062,32.271,2.99179,4.10947,0.49068,2.01644,NONE,999.9,0,0
1.99837,38.7062,32.271,2.99179,4.10947,0.49068,2.01644,NONE,999.9,0,0
2.00124,38.6656,32.2774,2.99635,4.1117,0.409354,1.68314,NONE,999.9,0,0
2.00388,38.6656,32.2774,2.99635,4.1117,0.409354,1.68314,NONE,999.9,0,0
2.00906,38.625,32.2837,3.00006,4.11383,0.350896,1.44353,NONE,999.9,0,0
2.01202,38.625,32.2837,3.00006,4.11383,0.350896,1.44353,NONE,999.9,0,0
2.01595,38.625,32.2837,3.00006,4.11383,0.350896,1.44353,NONE,999.9,0,0
2.02033,38.5843,32.29,3.0034,4.11585,0.302296,1.24421,NONE,999.9,0,0
2.02421,38.5843,32.29,3.0034,4.11585,0.302296,1.24421,NONE,999.9,0,0
2.02958,38.5436,32.2961,3.00616,4.11778,0.269256,1.10874,NONE,999.9,0,0
2.03252,38.5436,32.2961,3.00616,4.11778,0.269256,1.10874,NONE,999.9,0,0
2.03652,38.5436,32.2961,3.00616,4.11778,0.269256,1.10874,NONE,999.9,0,0
2.04017,38.5029,32.3021,3.00879,4.11962,0.240345,0.990131,NONE,999.9,0,0
2.04476,38.5029,32.3021,3.00879,4.11962,0.240345,0.990131,NONE,999.9,0,0
2.04932,38.4621,32.3081,3.01101,4.12137,0.222515,0.917066,NONE,999.9,0,0
2.05208,38.4621,32.3081,3.01101,4.12137,0.222515,0.917066,NONE,999.9,0,0
2.05605,38.4621,32.3081,3.01101,4.12137,0.222515,0.917066,NONE,999.9,0,0
2.06111,38.4213,32.3139,3.01323,4.12304,0.205316,0.846524,NONE,999.9,0,0
2.06395,38.4213,32.3139,3.01323,4.12304,0.205316,0.846524,NONE,999.9,0,0
2.06913,38.3804,32.3196,3.01516,4.12463,0.196473,0.810376,NONE,999.9,0,0
2.07213,38.3804,32.3196,3.01516,4.12463,0.196473,0.810376,NONE,999.9,0,0
2.07673,38.3804,32.3196,3.01516,4.12463,0.196473,0.810376,NONE,999.9,0,0
2.08017,38.3396,32.3252,3.01715,4.12614,0.186142,0.768048,NONE,999.9,0,0
2.08392,38.3396,32.3252,3.01715,4.12614,0.186142,0.768048,NONE,999.9,0,0
2.08958,38.2987,32.3307,3.01891,4.12758,0.182526,0.753391,NONE,999.9,0,0
2.09339,38.2987,32.3307,3.01891,4.12758,0.182526,0.753391,NONE,999.9,0,0
2.09678,38.2987,32.3307,3.01891,4.12758,0.182526,0.753391,NONE,999.9,0,0
2.10004,38.2577,32.3361,3.02079,4.12895,0.176152,0.727322,NONE,999.9,0,0
2.10408,38.2577,32.3361,3.02079,4.12895,0.176152,0.727322,NONE,999.9,0,0
2.10929,38.2168,32.3415,3.02245,4.13255,0.174388,0.720667,NONE,999.9,0,0
2.11197,38.2168,32.3415,3.02245,4.13255,0.174388,0.720667,NONE,999.9,0,0
2.11616,38.2168,32.3415,3.02245,4.13255,0.174388,0.720667,NONE,999.9,0,0
2.12026,38.1758,32.3467,3.02426,4.13598,0.169546,0.70124,NONE,999.9,0,0
2.12424,38.1758,32.3467,3.02426,4.13598,0.169546,0.70124,NONE,999.9,0,0
2.12901,38.1347,32.3519,3.02587,4.13925,0.170077,0.70399,NONE,999.9,0,0
2.13208,38.1347,32.3519,3.02587,4.13925,0.170077,0.70399,NONE,999.9,0,0
2.13607,38.1347,32.3519,3.02587,4.13925,0.170077,0.70399,NONE,999.9,0,0
2.14023,38.0936,32.3569,3.02764,4.14236,0.166918,0.691436,NONE,999.9,0,0
2.14448,38.0936,32.3569,3.02764,4.14236,0.166918,0.691436,NONE,999.9,0,0
2.14874,38.0525,32.3619,3.02923,4.14532,0.16867,0.699194,NONE,999.9,0,0
2.15251,38.0525,32.3619,3.02923,4.14532,0.16867,0.699194,NONE,999.9,0,0
2.15675,38.0525,32.3619,3.02923,4.14532,0.16867,0.699194,NONE,999.9,0,0
2.16038,38.0113,32.3669,3.03099,4.14814,0.166382,0.690176,NONE,999.9,0,0
2.16408,38.0113,32.3669,3.03099,4.14814,0.166382,0.690176,NONE,999.9,0,0
2.16945,37.9701,32.3717,3.03258,4.15083,0.168742,0.700422,NONE,999.9,0,0
2.17228,37.9701,32.3717,3.03258,4.15083,0.168742,0.700422,NONE,999.9,0,0
2.17637,37.9701,32.3717,3.03258,4.15083,0.168742,0.700422,NONE,999.9,0,0
2.18009,37.9289,32.3765,3.03434,4.15339,0.166865,0.693057,NONE,999.9,0,0
2.18465,37.9289,32.3765,3.03434,4.15339,0.166865,0.693057,NONE,999.9,0,0
2.18978,37.8876,32.3812,3.03594,4.15583,0.169494,0.704388,NONE,999.9,0,0
2.19196,37.8876,32.3812,3.03594,4.15583,0.169494,0.704388,NONE,999.9,0,0
2.19627,37.8876,32.3812,3.03594,4.15583,0.169494,0.704388,NONE,999.9,0,0
2.20007,37.8463,32.3858,3.03771,4.15815,0.167778,0.697647,NONE,999.9,0,0
2.20398,37.8463,32.3858,3.03771,4.15815,0.167778,0.697647,NONE,999.9,0,0
2.20893,37.8049,32.3903,3.03932,4.16037,0.170493,0.709314,NONE,999.9,0,0
2.21219,37.8049,32.3903,3.03932,4.16037,0.170493,0.709314,NONE,999.9,0,0
2.21614,37.8049,32.3903,3.03932,4.16037,0.170493,0.709314,NONE,999.9,0,0
2.22032,37.7636,32.3948,3.0411,4.16247,0.168809,0.702662,NONE,999.9,0,0
2.22402,37.7636,32.3948,3.0411,4.16247,0.168809,0.702662,NONE,999.9,0,0
2.22924,37.7222,32.3992,3.04272,4.16448,0.171519,0.714289,NONE,999.9,0,0
2.23222,37.7222,32.3992,3.04272,4.16448,0.171519,0.714289,NONE,999.9,0,0
2.23595,37.7222,32.3992,3.04272,4.16448,0.171519,0.714289,NONE,999.9,0,0
2.24008,37.6807,32.4035,3.04451,4.16639,0.169805,0.707472,NONE,999.9,0,0
2.24443,37.6807,32.4035,3.04451,4.16639,0.169805,0.707472,NONE,999.9,0,0
2.2497,37.6393,32.4078,3.04614,4.16821,0.17247,0.71889,NONE,999.9,0,0
2.25257,37.6393,32.4078,3.04614,4.16821,0.17247,0.71889,NONE,999.9,0,0
2.2562,37.6393,32.4078,3.04614,4.16821,0.17247,0.71889,NONE,999.9,0,0
2.25995,37.5978,32.412,3.04794,4.16995,0.170699,0.711806,NONE,999.9,0,0
2.26391,37.5978,32.412,3.04794,4.16995,0.170699,0.711806,NONE,999.9,0,0
2.26911,37.5563,32.4161,3.04957,4.1716,0.173304,0.722957,NONE,999.9,0,0
2.2718,37.5563,32.4161,3.04957,4.1716,0.173304,0.722957,NONE,999.9,0,0
2.27623,37.5563,32.4161,3.04957,4.1716,0.173304,0.722957,NONE,999.9,0,0
2.28025,37.5148,32.4201,3.05138,4.17317,0.171472,0.715583,NONE,999.9,0,0
2.28473,37.5148,32.4201,3.05138,4.17317,0.171472,0.715583,NONE,999.9,0,0
2.28891,37.4732,32.4241,3.05302,4.17467,0.174018,0.726466,NONE,999.9,0,0
2.29261,37.4732,32.4241,3.05302,4.17467,0.174018,0.726466,NONE,999.9,0,0
2.2961,37.4732,32.4241,3.05302,4.17467,0.174018,0.726466,NONE,999.9,0,0
2.30005,37.4316,32.428,3.05484,4.17681,0.171865,0.717849,NONE,999.9,0,0
2.3039,37.4316,32.428,3.05484,4.17681,0.171865,0.717849,NONE,999.9,0,0
2.30863,37.39,32.4318,3.05648,4.17885,0.174161,0.727793,NONE,999.9,0,0
2.31273,37.39,32.4318,3.05648,4.17885,0.174161,0.727793,NONE,999.9,0,0
2.31622,37.39,32.4318,3.05648,4.17885,0.174161,0.727793,NONE,999.9,0,0
2.32009,37.3484,32.4356,3.0583,4.1808,0.172107,0.719547,NONE,999.9,0,0
2.32406,37.3484,32.4356,3.0583,4.1808,0.172107,0.719547,NONE,999.9,0,0
2.32921,37.3067,32.4392,3.05995,4.18265,0.17447,0.729746,NONE,999.9,0,0
2.33294,37.3067,32.4392,3.05995,4.18265,0.17447,0.729746,NONE,999.9,0,0
2.33613,37.3067,32.4392,3.05995,4.18265,0.17447,0.729746,NONE,999.9,0,0
2.34013,37.2651,32.4429,3.06177,4.18441,0.172458,0.721634,NONE,999.9,0,0
2.34453,37.2651,32.4429,3.06177,4.18441,0.172458,0.721634,NONE,999.9,0,0
2.35038,37.2234,32.4464,3.06342,4.18609,0.174844,0.731912,NONE,999.9,0,0
2.3527,37.2234,32.4464,3.06342,4.18609,0.174844,0.731912,NONE,999.9,0,0
2.35613,37.2234,32.4464,3.06342,4.18609,0.174844,0.731912,NONE,999.9,0,0
2.36009,37.1816,32.4499,3.06524,4.18769,0.172841,0.723805,NONE,999.9,0,0
2.36396,37.1816,32.4499,3.06524,4.18769,0.172841,0.723805,NONE,999.9,0,0
2.36975,37.1399,32.4533,3.0669,4.18922,0.175228,0.734067,NONE,999.9,0,0
2.37221,37.1399,32.4533,3.0669,4.18922,0.175228,0.734067,NONE,999.9,0,0
2.37674,37.1399,32.4533,3.0669,4.18922,0.175228,0.734067,NONE,999.9,0,0
2.38073,37.0981,32.4566,3.06872,4.19067,0.173218,0.725901,NONE,999.9,0,0
2.38416,37.0981,32.4566,3.06872,4.19067,0.173218,0.725901,NONE,999.9,0,0
2.38952,37.0563,32.4599,3.07038,4.19205,0.175595,0.736102,NONE,999.9,0,0
2.3919,37.0563,32.4599,3.07038,4.19205,0.175595,0.736102,NONE,999.9,0,0
2.39606,37.0563,32.4599,3.07038,4.19205,0.175595,0.736102,NONE,999.9,0,0
2.40017,37.0145,32.463,3.07221,4.19337,0.173571,0.727848,NONE,999.9,0,0
2.40413,37.0145,32.463,3.07221,4.19337,0.173571,0.727848,NONE,999.9,0,0
2.4098,36.9727,32.4662,3.07388,4.19462,0.175933,0.73797,NONE,999.9,0,0
2.41243,36.9727,32.4662,3.07388,4.19462,0.175933,0.73797,NONE,999.9,0,0
2.41646,36.9727,32.4662,3.07388,4.19462,0.175933,0.73797,NONE,999.9,0,0
2.42049,36.9309,32.4692,3.07571,4.19582,0.173892,0.72962,NONE,999.9,0,0
2.42393,36.9309,32.4692,3.07571,4.19582,0.173892,0.72962,NONE,999.9,0,0
2.42905,36.889,32.4722,3.07738,4.19695,0.176237,0.739659,NONE,999.9,0,0
2.43211,36.889,32.4722,3.07738,4.19695,0.176237,0.739659,NONE,999.9,0,0
2.43657,36.889,32.4722,3.07738,4.19695,0.176237,0.739659,NONE,999.9,0,0
2.44059,36.8471,32.4751,3.07921,4.19804,0.17418,0.731214,NONE,999.9,0,0
2.44423,36.8471,32.4751,3.07921,4.19804,0.17418,0.731214,NONE,999.9,0,0
2.44973,36.8052,32.4779,3.08088,4.20077,0.175846,0.73869,NONE,999.9,0,0
2.45218,36.8052,32.4779,3.08088,4.20077,0.175846,0.73869,NONE,999.9,0,0
2.45617,36.8052,32.4779,3.08088,4.20077,0.175846,0.73869,NONE,999.9,0,0
2.46069,36.7633,32.4806,3.08271,4.20337,0.173357,0.728685,NONE,999.9,0,0
2.46425,36.7633,32.4806,3.08271,4.20337,0.173357,0.728685,NONE,999.9,0,0
2.46896,36.7213,32.4833,3.08437,4.20584,0.175362,0.737547,NONE,999.9,0,0
2.47203,36.7213,32.4833,3.08437,4.20584,0.175362,0.737547,NONE,999.9,0,0
2.47662,36.7213,32.4833,3.08437,4.20584,0.175362,0.737547,NONE,999.9,0,0
2.48092,36.6794,32.4859,3.08619,4.2082,0.173125,0.728547,NONE,999.9,0,0
2.48608,36.6794,32.4859,3.08619,4.2082,0.173125,0.728547,NONE,999.9,0,0
2.48952,36.6373,32.4885,3.08785,4.21045,0.175318,0.738166,NONE,999.9,0,0
2.49193,36.6373,32.4885,3.08785,4.21045,0.175318,0.738166,NONE,999.9,0,0
2.49593,36.6373,32.4885,3.08785,4.21045,0.175318,0.738166,NONE,999.9,0,0
2.50041,36.5953,32.4909,3.08968,4.21259,0.173216,0.729686,NONE,999.9,0,0
2.50432,36.5953,32.4909,3.08968,4.21259,0.173216,0.729686,NONE,999.9,0,0
2.51009,36.5532,32.4933,3.09134,4.21463,0.175505,0.739687,NONE,999.9,0,0
2.51252,36.5532,32.4933,3.09134,4.21463,0.175505,0.739687,NONE,999.9,0,0
2.51644,36.5532,32.4933,3.09134,4.21463,0.175505,0.739687,NONE,999.9,0,0
2.52193,36.5111,32.4957,3.09317,4.21657,0.173469,0.731444,NONE,999.9,0,0
2.52429,36.5111,32.4957,3.09317,4.21657,0.173469,0.731444,NONE,999.9,0,0
2.5294,36.469,32.4979,3.09483,4.21842,0.175803,0.74161,NONE,999.9,0,0
2.53198,36.469,32.4979,3.09483,4.21842,0.175803,0.74161,NONE,999.9,0,0
2.53643,36.469,32.4979,3.09483,4.21842,0.175803,0.74161,NONE,999.9,0,0
2.54036,36.4269,32.5001,3.09666,4.22018,0.173794,0.733442,NONE,999.9,0,0
2.54438,36.4269,32.5001,3.09666,4.22018,0.173794,0.733442,NONE,999.9,0,0
2.54884,36.3847,32.5022,3.09833,4.22185,0.176143,0.743651,NONE,999.9,0,0
2.55256,36.3847,32.5022,3.09833,4.22185,0.176143,0.743651,NONE,999.9,0,0
2.55607,36.3847,32.5022,3.09833,4.22185,0.176143,0.743651,NONE,999.9,0,0
2.56033,36.3425,32.5042,3.10016,4.22345,0.17414,0.73547,NONE,999.9,0,0
2.56401,36.3425,32.5042,3.10016,4.22345,0.17414,0.73547,NONE,999.9,0,0
2.56957,36.3003,32.5062,3.10183,4.22497,0.176488,0.745657,NONE,999.9,0,0
2.57207,36.3003,32.5062,3.10183,4.22497,0.176488,0.745657,NONE,999.9,0,0
2.5768,36.3003,32.5062,3.10183,4.22497,0.176488,0.745657,NONE,999.9,0,0
2.5803,36.2581,32.5081,3.10367,4.22642,0.174478,0.737418,NONE,999.9,0,0
2.58442,36.2581,32.5081,3.10367,4.22642,0.174478,0.737418,NONE,999.9,0,0
2.58878,36.2159,32.5099,3.10534,4.2278,0.176818,0.74755,NONE,999.9,0,0
2.59185,36.2159,32.5099,3.10534,4.2278,0.176818,0.74755,NONE,999.9,0,0
2.59588,36.2159,32.5099,3.10534,4.2278,0.176818,0.74755,NONE,999.9,0,0
2.60011,36.1737,32.5116,3.10719,4.22912,0.174796,0.739233,NONE,999.9,0,0
2.6046,36.1737,32.5116,3.10719,4.22912,0.174796,0.739233,NONE,999.9,0,0
2.60964,36.1314,32.5133,3.10886,4.23037,0.177123,0.749297,NONE,999.9,0,0
2.61256,36.1314,32.5133,3.10886,4.23037,0.177123,0.749297,NONE,999.9,0,0
2.616,36.1314,32.5133,3.10886,4.23037,0.177123,0.749297,NONE,999.9,0,0
2.62041,36.0891,32.5149,3.11071,4.2319,0.174961,0.740419,NONE,999.9,0,0
2.62432,36.0891,32.5149,3.11071,4.2319,0.174961,0.740419,NONE,999.9,0,0
2.62908,36.0468,32.5164,3.11238,4.23337,0.17718,0.750067,NONE,999.9,0,0
2.63215,36.0468,32.5164,3.11238,4.23337,0.17718,0.750067,NONE,999.9,0,0
2.63667,36.0468,32.5164,3.11238,4.23337,0.17718,0.750067,NONE,999.9,0,0
2.6413,36.0045,32.5179,3.11423,4.23476,0.175076,0.741403,NONE,999.9,0,0
2.64438,36.0045,32.5179,3.11423,4.23476,0.175076,0.741403,NONE,999.9,0,0
2.64873,35.9622,32.5193,3.11591,4.23608,0.177336,0.751209,NONE,999.9,0,0
2.65205,35.9622,32.5193,3.11591,4.23608,0.177336,0.751209,NONE,999.9,0,0
2.65621,35.9622,32.5193,3.11591,4.23608,0.177336,0.751209,NONE,999.9,0,0
2.66021,35.9198,32.5206,3.11775,4.23735,0.175259,0.742632,NONE,999.9,0,0
2.66435,35.9198,32.5206,3.11775,4.23735,0.175259,0.742632,NONE,999.9,0,0
2.66926,35.8775,32.5218,3.11943,4.23855,0.177537,0.7525,NONE,999.9,0,0
2.67204,35.8775,32.5218,3.11943,4.23855,0.177537,0.7525,NONE,999.9,0,0
2.67615,35.8775,32.5218,3.11943,4.23855,0.177537,0.7525,NONE,999.9,0,0
2.68001,35.8351,32.5229,3.12128,4.2397,0.17547,0.743941,NONE,999.9,0,0
2.68384,35.8351,32.5229,3.12128,4.2397,0.17547,0.743941,NONE,999.9,0,0
2.68896,35.7927,32.524,3.12296,4.24079,0.177754,0.753815,NONE,999.9,0,0
2.69187,35.7927,32.524,3.12296,4.24079,0.177754,0.753815,NONE,999.9,0,0
2.69607,35.7927,32.524,3.12296,4.24079,0.177754,0.753815,NONE,999.9,0,0
2.70025,35.7503,32.525,3.12482,4.24183,0.175687,0.745234,NONE,999.9,0,0
2.70399,35.7503,32.525,3.12482,4.24183,0.175687,0.745234,NONE,999.9,0,0
2.70983,35.7079,32.526,3.1265,4.24282,0.177968,0.755086,NONE,999.9,0,0
2.7121,35.7079,32.526,3.1265,4.24282,0.177968,0.755086,NONE,999.9,0,0
2.71598,35.7079,32.526,3.1265,4.24282,0.177968,0.755086,NONE,999.9,0,0
2.72027,35.6655,32.5268,3.12835,4.24376,0.175897,0.746464,NONE,999.9,0,0
2.72378,35.6655,32.5268,3.12835,4.24376,0.175897,0.746464,NONE,999.9,0,0
2.72918,35.623,32.5276,3.13004,4.24466,0.178172,0.756279,NONE,999.9,0,0
2.73221,35.623,32.5276,3.13004,4.24466,0.178172,0.756279,NONE,999.9,0,0
2.73627,35.623,32.5276,3.13004,4.24466,0.178172,0.756279,NONE,999.9,0,0
2.74034,35.5806,32.5283,3.1319,4.24551,0.176093,0.747607,NONE,999.9,0,0
2.74425,35.5806,32.5283,3.1319,4.24551,0.176093,0.747607,NONE,999.9,0,0
2.74909,35.5381,32.5289,3.13358,4.24633,0.178361,0.75738,NONE,999.9,0,0
2.75213,35.5381,32.5289,3.13358,4.24633,0.178361,0.75738,NONE,999.9,0,0
2.75627,35.5381,32.5289,3.13358,4.24633,0.178361,0.75738,NONE,999.9,0,0
2.76031,35.4956,32.5295,3.13544,4.2484,0.175789,0.746819,NONE,999.9,0,0
2.76432,35.4956,32.5295,3.13544,4.2484,0.175789,0.746819,NONE,999.9,0,0
2.76949,35.4532,32.53,3.13712,4.25037,0.177684,0.755223,NONE,999.9,0,0
2.77184,35.4532,32.53,3.13712,4.25037,0.177684,0.755223,NONE,999.9,0,0
2.77656,35.4532,32.53,3.13712,4.25037,0.177684,0.755223,NONE,999.9,0,0
2.78008,35.4106,32.5304,3.13897,4.25225,0.175377,0.745748,NONE,999.9,0,0
2.78409,35.4106,32.5304,3.13897,4.25225,0.175377,0.745748,NONE,999.9,0,0
2.78928,35.3681,32.5307,3.14065,4.25403,0.177474,0.754979,NONE,999.9,0,0
2.79273,35.3681,32.5307,3.14065,4.25403,0.177474,0.754979,NONE,999.9,0,0
2.79636,35.3681,32.5307,3.14065,4.25403,0.177474,0.754979,NONE,999.9,0,0
2.80082,35.3256,32.531,-3.14069,4.25574,0.175315,0.746096,NONE,999.9,0,0
2.80424,35.3256,32.531,-3.14069,4.25574,0.175315,0.746096,NONE,999.9,0,0
2.80971,35.283,32.5312,-3.13901,4.25736,0.177521,0.755772,NONE,999.9,0,0
2.81214,35.283,32.5312,-3.13901,4.25736,0.177521,0.755772,NONE,999.9,0,0
2.81621,35.283,32.5312,-3.13901,4.25736,0.177521,0.755772,NONE,999.9,0,0
2.82066,35.2404,32.5313,-3.13716,4.2589,0.175441,0.747187,NONE,999.9,0,0
2.825,35.2404,32.5313,-3.13716,4.2589,0.175441,0.747187,NONE,999.9,0,0
2.82956,35.1978,32.5313,-3.13548,4.26038,0.177702,0.757079,NONE,999.9,0,0
2.83195,35.1978,32.5313,-3.13548,4.26038,0.177702,0.757079,NONE,999.9,0,0
2.83607,35.1978,32.5313,-3.13548,4.26038,0.177702,0.757079,NONE,999.9,0,0
2.84017,35.1552,32.5313,-3.13363,4.26178,0.175659,0.74862,NONE,999.9,0,0
2.84423,35.1552,32.5313,-3.13363,4.26178,0.175659,0.74862,NONE,999.9,0,0
2.84984,35.1126,32.5312,-3.13194,4.26311,0.177944,0.758596,NONE,999.9,0,0
2.85263,35.1126,32.5312,-3.13194,4.26311,0.177944,0.758596,NONE,999.9,0,0
2.85634,35.1126,32.5312,-3.13194,4.26311,0.177944,0.758596,NONE,999.9,0,0
2.86047,35.07,32.531,-3.13009,4.26438,0.175914,0.750165,NONE,999.9,0,0
2.86415,35.07,32.531,-3.13009,4.26438,0.175914,0.750165,NONE,999.9,0,0
2.86973,35.0273,32.5307,-3.1284,4.2656,0.178206,0.760153,NONE,999.9,0,0
2.87231,35.0273,32.5307,-3.1284,4.2656,0.178206,0.760153,NONE,999.9,0,0
2.8764,35.0273,32.5307,-3.1284,4.2656,0.178206,0.760153,NONE,999.9,0,0
2.8802,34.9846,32.5304,-3.12655,4.26675,0.176176,0.751697,NONE,999.9,0,0
2.88419,34.9846,32.5304,-3.12655,4.26675,0.176176,0.751697,NONE,999.9,0,0
2.88917,34.942,32.53,-3.12486,4.26785,0.178464,0.761657,NONE,999.9,0,0
2.89207,34.942,32.53,-3.12486,4.26785,0.178464,0.761657,NONE,999.9,0,0
2.89601,34.942,32.53,-3.12486,4.26785,0.178464,0.761657,NONE,999.9,0,0
2.90027,34.8993,32.5295,-3.123,4.26889,0.176428,0.75315,NONE,999.9,0,0
2.90394,34.8993,32.5295,-3.123,4.26889,0.176428,0.75315,NONE,999.9,0,0
2.90945,34.8566,32.5289,-3.12131,4.26989,0.178708,0.763064,NONE,999.9,0,0
2.91221,34.8566,32.5289,-3.12131,4.26989,0.178708,0.763064,NONE,999.9,0,0
2.91603,34.8566,32.5289,-3.12131,4.26989,0.178708,0.763064,NONE,999.9,0,0
2.92104,34.8139,32.5283,-3.11944,4.27084,0.176662,0.754496,NONE,999.9,0,0
2.92445,34.8139,32.5283,-3.11944,4.27084,0.176662,0.754496,NONE,999.9,0,0
2.92909,34.7712,32.5276,-3.11775,4.27205,0.17881,0.763885,NONE,999.9,0,0
2.93214,34.7712,32.5276,-3.11775,4.27205,0.17881,0.763885,NONE,999.9,0,0
2.93627,34.7712,32.5276,-3.11775,4.27205,0.17881,0.763885,NONE,999.9,0,0
2.9404,34.7285,32.5268,-3.11589,4.2732,0.176675,0.754969,NONE,999.9,0,0
2.94441,34.7285,32.5268,-3.11589,4.2732,0.176675,0.754969,NONE,999.9,0,0
2.94882,34.6857,32.5259,-3.11451,4.2743,0.0858319,0.366871,NONE,999.9,0,0
2.95247,34.6857,32.5259,-3.11451,4.2743,0.0858319,0.366871,NONE,999.9,0,0
2.95611,34.6857,32.5259,-3.11451,4.2743,0.0858319,0.366871,NONE,999.9,0,0
2.96008,34.643,32.5251,-3.11408,4.27534,0.0195944,0.0837729,NONE,999.9,0,0
2.96407,34.643,32.5251,-3.11408,4.27534,0.0195944,0.0837729,NONE,999.9,0,0
2.97007,34.6003,32.5243,-3.11409,4.27634,-0.0350726,-0.149982,NONE,999.9,0,0
2.97193,34.6003,32.5243,-3.11409,4.27634,-0.0350726,-0.149982,NONE,999.9,0,0
2.97642,34.6003,32.5243,-3.11409,4.27634,-0.0350726,-0.149982,NONE,999.9,0,0
2.98021,34.5575,32.5235,-3.11472,4.27729,-0.0730212,-0.312333,NONE,999.9,0,0
2.98574,34.5575,32.5235,-3.11472,4.27729,-0.0730212,-0.312333,NONE,999.9,0,0
2.98967,34.5147,32.5226,-3.11554,4.27819,-0.10563,-0.451905,NONE,999.9,0,0
2.99191,34.5147,32.5226,-3.11554,4.27819,-0.10563,-0.451905,NONE,999.9,0,0
2.9959,34.5147,32.5226,-3.11554,4.27819,-0.10563,-0.451905,NONE,999.9,0,0
3.00052,34.4719,32.5218,-3.11679,4.27905,-0.126431,-0.541004,NONE,999.9,0,0
3.00427,34.4719,32.5218,-3.11679,4.27905,-0.126431,-0.541004,NONE,999.9,0,0
3.00965,34.4292,32.521,-3.11807,4.27987,-0.145756,-0.623818,NONE,999.9,0,0
3.01216,34.4292,32.521,-3.11807,4.27987,-0.145756,-0.623818,NONE,999.9,0,0
3.02122,34.4292,32.521,-3.11807,4.27987,-0.145756,-0.623818,NONE,999.9,0,0
3.02467,34.3864,32.5202,-3.11967,4.28065,-0.156307,-0.669095,NONE,999.9,0,0
3.02916,34.3436,32.5194,-3.12121,4.28139,-0.167757,-0.718235,NONE,999.9,0,0
3.03283,34.3436,32.5194,-3.12121,4.28139,-0.167757,-0.718235,NONE,999.9,0,0
3.03721,34.3436,32.5194,-3.12121,4.28139,-0.167757,-0.718235,NONE,999.9,0,0
3.04161,34.3007,32.5187,-3.12299,4.2821,-0.172288,-0.737755,NONE,999.9,0,0
3.04436,34.3007,32.5187,-3.12299,4.2821,-0.172288,-0.737755,NONE,999.9,0,0
3.04952,34.2579,32.518,-3.12467,4.28278,-0.179164,-0.767319,NONE,999.9,0,0
3.05283,34.2579,32.518,-3.12467,4.28278,-0.179164,-0.767319,NONE,999.9,0,0
3.05691,34.2579,32.518,-3.12467,4.28278,-0.179164,-0.767319,NONE,999.9,0,0
3.06104,34.2151,32.5173,-3.12655,4.28342,-0.180241,-0.772048,NONE,999.9,0,0
3.06428,34.2151,32.5173,-3.12655,4.28342,-0.180241,-0.772048,NONE,999.9,0,0
3.06905,34.1723,32.5167,-3.12829,4.28501,-0.184293,-0.789696,NONE,999.9,0,0
3.07192,34.1723,32.5167,-3.12829,4.28501,-0.184293,-0.789696,NONE,999.9,0,0
3.07648,34.1723,32.5167,-3.12829,4.28501,-0.184293,-0.789696,NONE,999.9,0,0
3.08132,34.1294,32.5161,-3.13021,4.28652,-0.183295,-0.785697,NONE,999.9,0,0
3.08463,34.1294,32.5161,-3.13021,4.28652,-0.183295,-0.785697,NONE,999.9,0,0
3.08925,34.0865,32.5156,-3.13197,4.28796,-0.186043,-0.797745,NONE,999.9,0,0
3.09257,34.0865,32.5156,-3.13197,4.28796,-0.186043,-0.797745,NONE,999.9,0,0
3.09628,34.0865,32.5156,-3.13197,4.28796,-0.186043,-0.797745,NONE,999.9,0,0
3.1004,34.0437,32.5151,-3.13391,4.28933,-0.184114,-0.789726,NONE,999.9,0,0
3.10417,34.0437,32.5151,-3.13391,4.28933,-0.184114,-0.789726,NONE,999.9,0,0
3.11037,34.0008,32.5147,-3.13568,4.29064,-0.186213,-0.798975,NONE,999.9,0,0
3.11273,34.0008,32.5147,-3.13568,4.29064,-0.186213,-0.798975,NONE,999.9,0,0
3.11652,34.0008,32.5147,-3.13568,4.29064,-0.186213,-0.798975,NONE,999.9,0,0
3.12049,33.9579,32.5143,-3.13761,4.29189,-0.183846,-0.789044,NONE,999.9,0,0
3.12416,33.9579,32.5143,-3.13761,4.29189,-0.183846,-0.789044,NONE,999.9,0,0
3.12881,33.9149,32.514,-3.13906,4.29307,-0.0926196,-0.397623,NONE,999.9,0,0
3.13208,33.9149,32.514,-3.13906,4.29307,-0.0926196,-0.397623,NONE,999.9,0,0
3.13635,33.9149,32.514,-3.13906,4.29307,-0.0926196,-0.397623,NONE,999.9,0,0
3.14025,33.872,32.5136,-3.13955,4.2942,-0.0258272,-0.110907,NONE,999.9,0,0
3.14477,33.872,32.5136,-3.13955,4.2942,-0.0258272,-0.110907,NONE,999.9,0,0
3.14939,33.829,32.5133,-3.13961,4.29528,0.0294488,0.126491,NONE,999.9,0,0
3.15198,33.829,32.5133,-3.13961,4.29528,0.0294488,0.126491,NONE,999.9,0,0
3.15631,33.829,32.5133,-3.13961,4.29528,0.0294488,0.126491,NONE,999.9,0,0
3.16011,33.7861,32.5129,-3.13903,4.2963,0.0680511,0.292368,NONE,999.9,0,0
3.16411,33.7861,32.5129,-3.13903,4.2963,0.0680511,0.292368,NONE,999.9,0,0
3.17025,33.7431,32.5126,-3.13826,4.29728,0.101282,0.435237,NONE,999.9,0,0
3.17262,33.7431,32.5126,-3.13826,4.29728,0.101282,0.435237,NONE,999.9,0,0
3.17631,33.7431,32.5126,-3.13826,4.29728,0.101282,0.435237,NONE,999.9,0,0
3.18049,33.7001,32.5122,-3.13705,4.29821,0.122695,0.527367,NONE,999.9,0,0
3.18417,33.7001,32.5122,-3.13705,4.29821,0.122695,0.527367,NONE,999.9,0,0
3.18905,33.6572,32.5118,-3.1358,4.29909,0.142566,0.612905,NONE,999.9,0,0
3.1919,33.6572,32.5118,-3.1358,4.29909,0.142566,0.612905,NONE,999.9,0,0
3.19592,33.6572,32.5118,-3.1358,4.29909,0.142566,0.612905,NONE,999.9,0,0
3.20001,33.6142,32.5113,-3.13423,4.29994,0.153633,0.660613,NONE,999.9,0,0
3.20433,33.6142,32.5113,-3.13423,4.29994,0.153633,0.660613,NONE,999.9,0,0
3.20936,33.5712,32.5109,-3.13272,4.30074,0.165527,0.711887,NONE,999.9,0,0
3.21227,33.5712,32.5109,-3.13272,4.30074,0.165527,0.711887,NONE,999.9,0,0
3.21699,33.5712,32.5109,-3.13272,4.30074,0.165527,0.711887,NONE,999.9,0,0
3.21989,33.5282,32.5104,-3.13095,4.3015,0.17047,0.733276,NONE,999.9,0,0
3.22445,33.5282,32.5104,-3.13095,4.3015,0.17047,0.733276,NONE,999.9,0,0
3.22928,33.4851,32.5099,-3.12929,4.30223,0.177688,0.764454,NONE,999.9,0,0
3.23202,33.4851,32.5099,-3.12929,4.30223,0.177688,0.764454,NONE,999.9,0,0
3.23625,33.4851,32.5099,-3.12929,4.30223,0.177688,0.764454,NONE,999.9,0,0
3.24089,33.4421,32.5093,-3.12742,4.30293,0.179083,0.77058,NONE,999.9,0,0
3.24462,33.4421,32.5093,-3.12742,4.30293,0.179083,0.77058,NONE,999.9,0,0
3.24901,33.3991,32.5087,-3.12601,4.30359,0.0903566,0.388858,NONE,999.9,0,0
3.25185,33.3991,32.5087,-3.12601,4.30359,0.0903566,0.388858,NONE,999.9,0,0
3.25588,33.3991,32.5087,-3.12601,4.30359,0.0903566,0.388858,NONE,999.9,0,0
3.25998,33.3561,32.5082,-3.12553,4.30442,0.0253216,0.108995,NONE,999.9,0,0
3.26449,33.3561,32.5082,-3.12553,4.30442,0.0253216,0.108995,NONE,999.9,0,0
3.269,33.313,32.5077,-3.12548,4.30521,-0.0287737,-0.123877,NONE,999.9,0,0
3.27207,33.313,32.5077,-3.12548,4.30521,-0.0287737,-0.123877,NONE,999.9,0,0
3.27668,33.313,32.5077,-3.12548,4.30521,-0.0287737,-0.123877,NONE,999.9,0,0
3.28031,33.27,32.5072,-3.12605,4.30596,-0.0666257,-0.286888,NONE,999.9,0,0
3.2842,33.27,32.5072,-3.12605,4.30596,-0.0666257,-0.286888,NONE,999.9,0,0
3.28901,33.2269,32.5067,-3.1268,4.30668,-0.0994148,-0.428148,NONE,999.9,0,0
3.29192,33.2269,32.5067,-3.1268,4.30668,-0.0994148,-0.428148,NONE,999.9,0,0
3.29592,33.2269,32.5067,-3.1268,4.30668,-0.0994148,-0.428148,NONE,999.9,0,0
3.3002,33.1838,32.5062,-3.12799,4.30736,-0.120612,-0.519517,NONE,999.9,0,0
3.30409,33.1838,32.5062,-3.12799,4.30736,-0.120612,-0.519517,NONE,999.9,0,0
3.30935,33.1408,32.5058,-3.12921,4.30801,-0.14042,-0.604932,NONE,999.9,0,0
3.31212,33.1408,32.5058,-3.12921,4.30801,-0.14042,-0.604932,NONE,999.9,0,0
3.31596,33.1408,32.5058,-3.12921,4.30801,-0.14042,-0.604932,NONE,999.9,0,0
3.32045,33.0977,32.5054,-3.13076,4.30863,-0.151534,-0.652904,NONE,999.9,0,0
3.32393,33.0977,32.5054,-3.13076,4.30863,-0.151534,-0.652904,NONE,999.9,0,0
3.32947,33.0546,32.505,-3.13225,4.30922,-0.16354,-0.704731,NONE,999.9,0,0
3.33182,33.0546,32.505,-3.13225,4.30922,-0.16354,-0.704731,NONE,999.9,0,0
3.33607,33.0546,32.505,-3.13225,4.30922,-0.16354,-0.704731,NONE,999.9,0,0
3.34019,33.0115,32.5046,-3.134,4.30978,-0.168641,-0.726806,NONE,999.9,0,0
3.34424,33.0115,32.5046,-3.134,4.30978,-0.168641,-0.726806,NONE,999.9,0,0
3.34875,32.9684,32.5043,-3.13564,4.31032,-0.176036,-0.758771,NONE,999.9,0,0
3.35189,32.9684,32.5043,-3.13564,4.31032,-0.176036,-0.758771,NONE,999.9,0,0
3.35588,32.9684,32.5043,-3.13564,4.31032,-0.176036,-0.758771,NONE,999.9,0,0
3.36022,32.9253,32.5041,-3.1375,4.31083,-0.17762,-0.765689,NONE,999.9,0,0
3.36389,32.9253,32.5041,-3.1375,4.31083,-0.17762,-0.765689,NONE,999.9,0,0
3.36944,32.8822,32.5039,-3.13921,4.31131,-0.182351,-0.786171,NONE,999.9,0,0
3.37205,32.8822,32.5039,-3.13921,4.31131,-0.182351,-0.786171,NONE,999.9,0,0
3.37689,32.8822,32.5039,-3.13921,4.31131,-0.182351,-0.786171,NONE,999.9,0,0
3.38086,32.8391,32.5037,-3.14112,4.31177,-0.181931,-0.784445,NONE,999.9,0,0
3.38428,32.8391,32.5037,-3.14112,4.31177,-0.181931,-0.784445,NONE,999.9,0,0
3.38884,32.7959,32.5036,3.14032,4.31296,-0.184943,-0.797651,NONE,999.9,0,0
3.39201,32.7959,32.5036,3.14032,4.31296,-0.184943,-0.797651,NONE,999.9,0,0
3.39585,32.7959,32.5036,3.14032,4.31296,-0.184943,-0.797651,NONE,999.9,0,0
3.40011,32.7528,32.5036,3.13839,4.31409,-0.183275,-0.790665,NONE,999.9,0,0
3.40413,32.7528,32.5036,3.13839,4.31409,-0.183275,-0.790665,NONE,999.9,0,0
3.40892,32.7097,32.5036,3.13663,4.31516,-0.185594,-0.800869,NONE,999.9,0,0
3.41221,32.7097,32.5036,3.13663,4.31516,-0.185594,-0.800869,NONE,999.9,0,0
3.41595,32.7097,32.5036,3.13663,4.31516,-0.185594,-0.800869,NONE,999.9,0,0
3.42014,32.6665,32.5037,3.1347,4.31618,-0.18344,-0.791762,NONE,999.9,0,0
3.42493,32.6665,32.5037,3.1347,4.31618,-0.18344,-0.791762,NONE,999.9,0,0
3.42973,32.6233,32.5039,3.13294,4.31716,-0.185429,-0.800526,NONE,999.9,0,0
3.43254,32.6233,32.5039,3.13294,4.31716,-0.185429,-0.800526,NONE,999.9,0,0
3.43695,32.6233,32.5039,3.13294,4.31716,-0.185429,-0.800526,NONE,999.9,0,0
3.44045,32.5802,32.5041,3.13101,4.31809,-0.18306,-0.790468,NONE,999.9,0,0
3.44437,32.5802,32.5041,3.13101,4.31809,-0.18306,-0.790468,NONE,999.9,0,0
3.44929,32.537,32.5044,3.12926,4.31897,-0.184918,-0.798657,NONE,999.9,0,0
3.45191,32.537,32.5044,3.12926,4.31897,-0.184918,-0.798657,NONE,999.9,0,0
3.45594,32.537,32.5044,3.12926,4.31897,-0.184918,-0.798657,NONE,999.9,0,0
3.46023,32.4938,32.5047,3.12734,4.31981,-0.18248,-0.788279,NONE,999.9,0,0
3.4641,32.4938,32.5047,3.12734,4.31981,-0.18248,-0.788279,NONE,999.9,0,0
3.46945,32.4506,32.5051,3.12559,4.32061,-0.184313,-0.796346,NONE,999.9,0,0
3.47209,32.4506,32.5051,3.12559,4.32061,-0.184313,-0.796346,NONE,999.9,0,0
3.47654,32.4506,32.5051,3.12559,4.32061,-0.184313,-0.796346,NONE,999.9,0,0
3.48011,32.4074,32.5056,3.12367,4.32138,-0.181879,-0.785969,NONE,999.9,0,0
3.48475,32.4074,32.5056,3.12367,4.32138,-0.181879,-0.785969,NONE,999.9,0,0
3.48917,32.3642,32.5062,3.12193,4.32211,-0.183738,-0.794134,NONE,999.9,0,0
3.49185,32.3642,32.5062,3.12193,4.32211,-0.183738,-0.794134,NONE,999.9,0,0
3.49615,32.3642,32.5062,3.12193,4.32211,-0.183738,-0.794134,NONE,999.9,0,0
3.50022,32.3209,32.5069,3.12002,4.3228,-0.181341,-0.783902,NONE,999.9,0,0
3.50399,32.3209,32.5069,3.12002,4.3228,-0.181341,-0.783902,NONE,999.9,0,0
3.50965,32.2777,32.5076,3.11828,4.32346,-0.183245,-0.792252,NONE,999.9,0,0
3.51218,32.2777,32.5076,3.11828,4.32346,-0.183245,-0.792252,NONE,999.9,0,0
3.51599,32.2777,32.5076,3.11828,4.32346,-0.183245,-0.792252,NONE,999.9,0,0
3.52,32.2345,32.5084,3.11637,4.32409,-0.180897,-0.782214,NONE,999.9,0,0
3.52411,32.2345,32.5084,3.11637,4.32409,-0.180897,-0.782214,NONE,999.9,0,0
3.53006,32.1913,32.5092,3.11464,4.32469,-0.18285,-0.790767,NONE,999.9,0,0
3.53237,32.1913,32.5092,3.11464,4.32469,-0.18285,-0.790767,NONE,999.9,0,0
3.53599,32.1913,32.5092,3.11464,4.32469,-0.18285,-0.790767,NONE,999.9,0,0
3.54,32.148,32.5102,3.11274,4.32526,-0.180549,-0.780922,NONE,999.9,0,0
3.54419,32.148,32.5102,3.11274,4.32526,-0.180549,-0.780922,NONE,999.9,0,0
3.54896,32.1048,32.5112,3.11101,4.3258,-0.182548,-0.789665,NONE,999.9,0,0
3.55186,32.1048,32.5112,3.11101,4.3258,-0.182548,-0.789665,NONE,999.9,0,0
3.55611,32.1048,32.5112,3.11101,4.3258,-0.182548,-0.789665,NONE,999.9,0,0
3.56013,32.0615,32.5123,3.10911,4.32655,-0.180199,-0.779641,NONE,999.9,0,0
3.5645,32.0615,32.5123,3.10911,4.32655,-0.180199,-0.779641,NONE,999.9,0,0
3.5689,32.0183,32.5134,3.10738,4.32727,-0.182168,-0.788292,NONE,999.9,0,0
3.57188,32.0183,32.5134,3.10738,4.32727,-0.182168,-0.788292,NONE,999.9,0,0
3.57637,32.0183,32.5134,3.10738,4.32727,-0.182168,-0.788292,NONE,999.9,0,0
3.58041,31.975,32.5147,3.10549,4.32795,-0.179905,-0.778619,NONE,999.9,0,0
3.58434,31.975,32.5147,3.10549,4.32795,-0.179905,-0.778619,NONE,999.9,0,0
3.58912,31.9317,32.516,3.10376,4.3286,-0.181944,-0.787562,NONE,999.9,0,0
3.59265,31.9317,32.516,3.10376,4.3286,-0.181944,-0.787562,NONE,999.9,0,0
3.59633,31.9317,32.516,3.10376,4.3286,-0.181944,-0.787562,NONE,999.9,0,0
3.60031,31.8885,32.5174,3.10187,4.32922,-0.179737,-0.77812,NONE,999.9,0,0
3.60402,31.8885,32.5174,3.10187,4.32922,-0.179737,-0.77812,NONE,999.9,0,0
3.61021,31.8452,32.5189,3.10015,4.32981,-0.181822,-0.787255,NONE,999.9,0,0
3.61223,31.8452,32.5189,3.10015,4.32981,-0.181822,-0.787255,NONE,999.9,0,0
3.61629,31.8452,32.5189,3.10015,4.32981,-0.181822,-0.787255,NONE,999.9,0,0
3.6207,31.8019,32.5204,3.09825,4.33037,-0.179652,-0.777961,NONE,999.9,0,0
3.62423,31.8019,32.5204,3.09825,4.33037,-0.179652,-0.777961,NONE,999.9,0,0
3.62968,31.7587,32.522,3.09653,4.33091,-0.181768,-0.787221,NONE,999.9,0,0
3.63221,31.7587,32.522,3.09653,4.33091,-0.181768,-0.787221,NONE,999.9,0,0
3.63663,31.7587,32.522,3.09653,4.33091,-0.181768,-0.787221,NONE,999.9,0,0
3.64031,31.7154,32.5238,3.09464,4.33142,-0.179622,-0.77802,NONE,999.9,0,0
3.64423,31.7154,32.5238,3.09464,4.33142,-0.179622,-0.77802,NONE,999.9,0,0
3.6497,31.6721,32.5255,3.09292,4.33191,-0.181758,-0.787357,NONE,999.9,0,0
3.65227,31.6721,32.5255,3.09292,4.33191,-0.181758,-0.787357,NONE,999.9,0,0
3.65655,31.6721,32.5255,3.09292,4.33191,-0.181758,-0.787357,NONE,999.9,0,0
3.66054,31.6288,32.5274,3.09103,4.33237,-0.179627,-0.778212,NONE,999.9,0,0
3.6641,31.6288,32.5274,3.09103,4.33237,-0.179627,-0.778212,NONE,999.9,0,0
3.6692,31.5855,32.5293,3.0893,4.33281,-0.181775,-0.787596,NONE,999.9,0,0
3.67219,31.5855,32.5293,3.0893,4.33281,-0.181775,-0.787596,NONE,999.9,0,0
3.67642,31.5855,32.5293,3.0893,4.33281,-0.181775,-0.787596,NONE,999.9,0,0
3.68019,31.5423,32.5314,3.08741,4.33323,-0.179654,-0.778481,NONE,999.9,0,0
3.68408,31.5423,32.5314,3.08741,4.33323,-0.179654,-0.778481,NONE,999.9,0,0
3.68966,31.499,32.5334,3.08601,4.33363,-0.0883795,-0.383004,NONE,999.9,0,0
3.6921,31.499,32.5334,3.08601,4.33363,-0.0883795,-0.383004,NONE,999.9,0,0
3.69619,31.499,32.5334,3.08601,4.33363,-0.0883795,-0.383004,NONE,999.9,0,0
3.70017,31.4557,32.5355,3.08556,4.33401,-0.0215374,-0.0933434,NONE,999.9,0,0
3.70431,31.4557,32.5355,3.08556,4.33401,-0.0215374,-0.0933434,NONE,999.9,0,0
3.70965,31.4124,32.5375,3.08554,4.33437,0.0337412,0.146247,NONE,999.9,0,0
3.71246,31.4124,32.5375,3.08554,4.33437,0.0337412,0.146247,NONE,999.9,0,0
3.71634,31.4124,32.5375,3.08554,4.33437,0.0337412,0.146247,NONE,999.9,0,0
3.72022,31.3691,32.5396,3.08617,4.33472,0.0723381,0.313565,NONE,999.9,0,0
3.72453,31.3691,32.5396,3.08617,4.33472,0.0723381,0.313565,NONE,999.9,0,0
3.72887,31.3258,32.5417,3.08698,4.33505,0.105513,0.457404,NONE,999.9,0,0
3.73205,31.3258,32.5417,3.08698,4.33505,0.105513,0.457404,NONE,999.9,0,0
3.73725,31.3258,32.5417,3.08698,4.33505,0.105513,0.457404,NONE,999.9,0,0
3.7408,31.2825,32.5437,3.08823,4.33591,0.126852,0.550019,NONE,999.9,0,0
3.74487,31.2825,32.5437,3.08823,4.33591,0.126852,0.550019,NONE,999.9,0,0
3.75353,31.2392,32.5458,3.08952,4.33673,0.146583,0.635692,NONE,999.9,0,0
3.75647,31.2392,32.5458,3.08952,4.33673,0.146583,0.635692,NONE,999.9,0,0
3.76055,31.1959,32.5478,3.09113,4.33751,0.157523,0.683256,NONE,999.9,0,0
3.76696,31.1959,32.5478,3.09113,4.33751,0.157523,0.683256,NONE,999.9,0,0
3.77125,31.1525,32.5498,3.09268,4.33826,0.169236,0.73419,NONE,999.9,0,0
3.77302,31.1525,32.5498,3.09268,4.33826,0.169236,0.73419,NONE,999.9,0,0
3.77638,31.1525,32.5498,3.09268,4.33826,0.169236,0.73419,NONE,999.9,0,0
3.78012,31.1092,32.5518,3.09448,4.33897,0.174025,0.755088,NONE,999.9,0,0
3.78518,31.1092,32.5518,3.09448,4.33897,0.174025,0.755088,NONE,999.9,0,0
3.79,31.0658,32.5538,3.09602,4.33965,0.134384,0.583178,NONE,999.9,0,0
3.79193,31.0658,32.5538,3.09602,4.33965,0.134384,0.583178,NONE,999.9,0,0
3.79595,31.0658,32.5538,3.09602,4.33965,0.134384,0.583178,NONE,999.9,0,0
3.80021,31.0225,32.5557,3.09704,4.34029,0.0565963,0.245644,NONE,999.9,0,0
3.8042,31.0225,32.5557,3.09704,4.34029,0.0565963,0.245644,NONE,999.9,0,0
3.80923,30.9791,32.5578,3.09723,4.3409,-0.000119054,-0.000516801,NONE,999.9,0,0
3.81227,30.9791,32.5578,3.09723,4.3409,-0.000119054,-0.000516801,NONE,999.9,0,0
3.81646,30.9791,32.5578,3.09723,4.3409,-0.000119054,-0.000516801,NONE,999.9,0,0
3.82083,30.9358,32.5598,3.09706,4.34149,-0.0478432,-0.207711,NONE,999.9,0,0
3.82413,30.9358,32.5598,3.09706,4.34149,-0.0478432,-0.207711,NONE,999.9,0,0
3.82912,30.8924,32.5619,3.09632,4.34204,-0.080886,-0.35121,NONE,999.9,0,0
3.83191,30.8924,32.5619,3.09632,4.34204,-0.080886,-0.35121,NONE,999.9,0,0
3.83584,30.8924,32.5619,3.09632,4.34204,-0.080886,-0.35121,NONE,999.9,0,0
3.83988,30.849,32.564,3.09545,4.34257,-0.110016,-0.477752,NONE,999.9,0,0
3.84424,30.849,32.564,3.09545,4.34257,-0.110016,-0.477752,NONE,999.9,0,0
3.84928,30.8056,32.5661,3.09417,4.34308,-0.128492,-0.558051,NONE,999.9,0,0
3.85225,30.8056,32.5661,3.09417,4.34308,-0.128492,-0.558051,NONE,999.9,0,0
3.85663,30.8056,32.5661,3.09417,4.34308,-0.128492,-0.558051,NONE,999.9,0,0
3.86118,30.7623,32.5683,3.09287,4.34356,-0.146245,-0.635224,NONE,999.9,0,0
3.8645,30.7623,32.5683,3.09287,4.34356,-0.146245,-0.635224,NONE,999.9,0,0
3.86893,30.7189,32.5705,3.09128,4.34402,-0.155864,-0.677077,NONE,999.9,0,0
3.87199,30.7189,32.5705,3.09128,4.34402,-0.155864,-0.677077,NONE,999.9,0,0
3.87629,30.7189,32.5705,3.09128,4.34402,-0.155864,-0.677077,NONE,999.9,0,0
3.88041,30.6755,32.5727,3.08975,4.34445,-0.166748,-0.724431,NONE,999.9,0,0
3.88647,30.6755,32.5727,3.08975,4.34445,-0.166748,-0.724431,NONE,999.9,0,0
3.89083,30.6321,32.575,3.08797,4.34494,-0.171048,-0.743193,NONE,999.9,0,0
3.89279,30.6321,32.575,3.08797,4.34494,-0.171048,-0.743193,NONE,999.9,0,0
3.89603,30.6321,32.575,3.08797,4.34494,-0.171048,-0.743193,NONE,999.9,0,0
3.90033,30.5887,32.5773,3.08631,4.3454,-0.177842,-0.772794,NONE,999.9,0,0
3.9043,30.5887,32.5773,3.08631,4.3454,-0.177842,-0.772794,NONE,999.9,0,0
3.91064,30.5453,32.5797,3.08444,4.34584,-0.179031,-0.778042,NONE,999.9,0,0
3.91338,30.5453,32.5797,3.08444,4.34584,-0.179031,-0.778042,NONE,999.9,0,0
3.91659,30.5453,32.5797,3.08444,4.34584,-0.179031,-0.778042,NONE,999.9,0,0
3.92145,30.5019,32.5821,3.08303,4.34626,-0.0900208,-0.391254,NONE,999.9,0,0
3.92452,30.5019,32.5821,3.08303,4.34626,-0.0900208,-0.391254,NONE,999.9,0,0
3.93038,30.4585,32.5845,3.08255,4.34666,-0.0246201,-0.107015,NONE,999.9,0,0
3.93218,30.4585,32.5845,3.08255,4.34666,-0.0246201,-0.107015,NONE,999.9,0,0
3.93648,30.4585,32.5845,3.08255,4.34666,-0.0246201,-0.107015,NONE,999.9,0,0
3.94006,30.4151,32.5868,3.08251,4.34704,0.029794,0.129516,NONE,999.9,0,0
3.94444,30.4151,32.5868,3.08251,4.34704,0.029794,0.129516,NONE,999.9,0,0
3.95085,30.3717,32.5891,3.08309,4.3474,0.0679628,0.295461,NONE,999.9,0,0
3.95291,30.3717,32.5891,3.08309,4.3474,0.0679628,0.295461,NONE,999.9,0,0
3.95616,30.3717,32.5891,3.08309,4.3474,0.0679628,0.295461,NONE,999.9,0,0
3.96,30.3283,32.5915,3.08385,4.34774,0.100995,0.4391,NONE,999.9,0,0
3.96497,30.3283,32.5915,3.08385,4.34774,0.100995,0.4391,NONE,999.9,0,0
3.96895,30.2849,32.5938,3.08506,4.34807,0.12242,0.532291,NONE,999.9,0,0
3.97193,30.2849,32.5938,3.08506,4.34807,0.12242,0.532291,NONE,999.9,0,0
3.97667,30.2849,32.5938,3.08506,4.34807,0.12242,0.532291,NONE,999.9,0,0
3.98011,30.2415,32.5961,3.08631,4.34838,0.142381,0.619126,NONE,999.9,0,0
3.98441,30.2415,32.5961,3.08631,4.34838,0.142381,0.619126,NONE,999.9,0,0
3.98945,30.198,32.5983,3.08787,4.34868,0.153635,0.668111,NONE,999.9,0,0
3.99192,30.198,32.5983,3.08787,4.34868,0.153635,0.668111,NONE,999.9,0,0
3.9959,30.198,32.5983,3.08787,4.34868,0.153635,0.668111,NONE,999.9,0,0
4.00046,30.1546,32.6005,3.08939,4.34896,0.165713,0.720679,NONE,999.9,0,0
4.00416,30.1546,32.6005,3.08939,4.34896,0.165713,0.720679,NONE,999.9,0,0
4.00952,30.1112,32.6027,3.09116,4.34923,0.170883,0.743211,NONE,999.9,0,0
4.0124,30.1112,32.6027,3.09116,4.34923,0.170883,0.743211,NONE,999.9,0,0
4.01699,30.1112,32.6027,3.09116,4.34923,0.170883,0.743211,NONE,999.9,0,0
4.02057,30.0677,32.6049,3.09282,4.34949,0.178288,0.775463,NONE,999.9,0,0
4.02395,30.0677,32.6049,3.09282,4.34949,0.178288,0.775463,NONE,999.9,0,0
4.02927,30.0243,32.607,3.0947,4.35016,0.179794,0.782134,NONE,999.9,0,0
4.03212,30.0243,32.607,3.0947,4.35016,0.179794,0.782134,NONE,999.9,0,0
4.03626,30.0243,32.607,3.0947,4.35016,0.179794,0.782134,NONE,999.9,0,0
4.04016,29.9808,32.6091,3.09612,4.3508,0.0910482,0.396133,NONE,999.9,0,0
4.04537,29.9808,32.6091,3.09612,4.3508,0.0910482,0.396133,NONE,999.9,0,0
4.04966,29.9374,32.6112,3.0966,4.35141,0.0257714,0.112142,NONE,999.9,0,0
4.05248,29.9374,32.6112,3.0966,4.35141,0.0257714,0.112142,NONE,999.9,0,0
4.05597,29.9374,32.6112,3.0966,4.35141,0.0257714,0.112142,NONE,999.9,0,0
4.06135,29.8939,32.6133,3.09698,4.35199,0.0647899,0.281965,NONE,999.9,0,0
4.06418,29.8939,32.6133,3.09698,4.35199,0.0647899,0.281965,NONE,999.9,0,0
4.06898,29.8504,32.6153,3.09785,4.35255,0.0914103,0.397868,NONE,999.9,0,0
4.0721,29.8504,32.6153,3.09785,4.35255,0.0914103,0.397868,NONE,999.9,0,0
4.07681,29.8504,32.6153,3.09785,4.35255,0.0914103,0.397868,NONE,999.9,0,0
4.08074,29.8069,32.6173,3.09881,4.35307,0.11585,0.504306,NONE,999.9,0,0
4.08424,29.8069,32.6173,3.09881,4.35307,0.11585,0.504306,NONE,999.9,0,0
4.08896,29.7635,32.6193,3.10013,4.35358,0.130976,0.570216,NONE,999.9,0,0
4.09203,29.7635,32.6193,3.10013,4.35358,0.130976,0.570216,NONE,999.9,0,0
4.09603,29.7635,32.6193,3.10013,4.35358,0.130976,0.570216,NONE,999.9,0,0
4.10051,29.72,32.6212,3.10143,4.35405,0.146376,0.637327,NONE,999.9,0,0
4.10444,29.72,32.6212,3.10143,4.35405,0.146376,0.637327,NONE,999.9,0,0
4.10952,29.6764,32.623,3.10302,4.35451,0.154408,0.672373,NONE,999.9,0,0
4.11227,29.6764,32.623,3.10302,4.35451,0.154408,0.672373,NONE,999.9,0,0
4.1163,29.6764,32.623,3.10302,4.35451,0.154408,0.672373,NONE,999.9,0,0
4.12,29.6329,32.6248,3.10454,4.35494,0.164259,0.715338,NONE,999.9,0,0
4.1241,29.6329,32.6248,3.10454,4.35494,0.164259,0.715338,NONE,999.9,0,0
4.12912,29.5894,32.6265,3.10628,4.35536,0.167965,0.731546,NONE,999.9,0,0
4.13189,29.5894,32.6265,3.10628,4.35536,0.167965,0.731546,NONE,999.9,0,0
4.13652,29.5894,32.6265,3.10628,4.35536,0.167965,0.731546,NONE,999.9,0,0
4.14048,29.5459,32.6281,3.10791,4.35575,0.174454,0.759876,NONE,999.9,0,0
4.1443,29.5459,32.6281,3.10791,4.35575,0.174454,0.759876,NONE,999.9,0,0
4.14873,29.5024,32.6297,3.10975,4.35612,0.175558,0.764751,NONE,999.9,0,0
4.15229,29.5024,32.6297,3.10975,4.35612,0.175558,0.764751,NONE,999.9,0,0
4.15613,29.5024,32.6297,3.10975,4.35612,0.175558,0.764751,NONE,999.9,0,0
4.15985,29.4588,32.6313,3.11112,4.35648,0.0865569,0.377084,NONE,999.9,0,0
4.164,29.4588,32.6313,3.11112,4.35648,0.0865569,0.377084,NONE,999.9,0,0
4.16974,29.4153,32.6328,3.11156,4.35682,0.0212282,0.0924875,NONE,999.9,0,0
4.17199,29.4153,32.6328,3.11156,4.35682,0.0212282,0.0924875,NONE,999.9,0,0
4.17632,29.4153,32.6328,3.11156,4.35682,0.0212282,0.0924875,NONE,999.9,0,0
4.18031,29.3718,32.6344,3.11158,4.35714,-0.0330556,-0.144028,NONE,999.9,0,0
4.18388,29.3718,32.6344,3.11158,4.35714,-0.0330556,-0.144028,NONE,999.9,0,0
4.18898,29.3282,32.636,3.11096,4.35745,-0.0710692,-0.309681,NONE,999.9,0,0
4.19189,29.3282,32.636,3.11096,4.35745,-0.0710692,-0.309681,NONE,999.9,0,0
4.19616,29.3282,32.636,3.11096,4.35745,-0.0710692,-0.309681,NONE,999.9,0,0
4.20034,29.2847,32.6376,3.11017,4.35775,-0.103917,-0.452843,NONE,999.9,0,0
4.20438,29.2847,32.6376,3.11017,4.35775,-0.103917,-0.452843,NONE,999.9,0,0
4.20935,29.2411,32.6392,3.10893,4.35814,-0.125148,-0.545414,NONE,999.9,0,0
4.21228,29.2411,32.6392,3.10893,4.35814,-0.125148,-0.545414,NONE,999.9,0,0
4.2164,29.2411,32.6392,3.10893,4.35814,-0.125148,-0.545414,NONE,999.9,0,0
4.22739,29.1976,32.6409,3.10766,4.35851,-0.144901,-0.631551,NONE,999.9,0,0
4.24017,29.154,32.6425,3.10607,4.35886,-0.155961,-0.679811,NONE,999.9,0,0
4.24353,29.1104,32.6442,3.10453,4.3592,-0.167839,-0.731642,NONE,999.9,0,0
4.25594,29.1104,32.6442,3.10453,4.3592,-0.167839,-0.731642,NONE,999.9,0,0
4.25973,29.0669,32.6459,3.10274,4.35952,-0.17283,-0.753458,NONE,999.9,0,0
4.26185,29.0669,32.6459,3.10274,4.35952,-0.17283,-0.753458,NONE,999.9,0,0
4.27515,29.0233,32.6477,3.10106,4.35983,-0.180056,-0.785015,NONE,999.9,0,0
4.27747,29.0233,32.6477,3.10106,4.35983,-0.180056,-0.785015,NONE,999.9,0,0
4.29092,28.9798,32.6495,3.09917,4.36012,-0.181504,-0.791379,NONE,999.9,0,0
4.29294,28.9798,32.6495,3.09917,4.36012,-0.181504,-0.791379,NONE,999.9,0,0
4.30476,28.9362,32.6513,3.09741,4.3604,-0.186049,-0.811248,NONE,999.9,0,0
4.30963,28.8926,32.6532,3.09547,4.36067,-0.185485,-0.808839,NONE,999.9,0,0
4.31221,28.8926,32.6532,3.09547,4.36067,-0.185485,-0.808839,NONE,999.9,0,0
4.32336,28.8926,32.6532,3.09547,4.36067,-0.185485,-0.808839,NONE,999.9,0,0
4.32757,28.8491,32.6552,3.09384,4.36092,-0.14177,-0.618249,NONE,999.9,0,0
4.33095,28.8055,32.6571,3.09276,4.36116,-0.0608667,-0.265449,NONE,999.9,0,0
4.33304,28.8055,32.6571,3.09276,4.36116,-0.0608667,-0.265449,NONE,999.9,0,0
4.33613,28.8055,32.6571,3.09276,4.36116,-0.0608667,-0.265449,NONE,999.9,0,0
4.34044,28.7619,32.659,3.09255,4.36139,-0.00182768,-0.00797123,NONE,999.9,0,0
4.34464,28.7619,32.659,3.09255,4.36139,-0.00182768,-0.00797123,NONE,999.9,0,0
4.34903,28.7184,32.6609,3.0927,4.3616,0.0475866,0.207554,NONE,999.9,0,0
4.35231,28.7184,32.6609,3.0927,4.3616,0.0475866,0.207554,NONE,999.9,0,0
4.35628,28.7184,32.6609,3.0927,4.3616,0.0475866,0.207554,NONE,999.9,0,0
4.36012,28.6748,32.6628,3.09344,4.36181,0.0818493,0.357011,NONE,999.9,0,0
4.36481,28.6748,32.6628,3.09344,4.36181,0.0818493,0.357011,NONE,999.9,0,0
4.3696,28.6312,32.6647,3.09433,4.36201,0.111819,0.487757,NONE,999.9,0,0
4.37262,28.6312,32.6647,3.09433,4.36201,0.111819,0.487757,NONE,999.9,0,0
4.37645,28.6312,32.6647,3.09433,4.36201,0.111819,0.487757,NONE,999.9,0,0
4.38021,28.5876,32.6665,3.09563,4.36252,0.130837,0.570779,NONE,999.9,0,0
4.38542,28.5876,32.6665,3.09563,4.36252,0.130837,0.570779,NONE,999.9,0,0
4.3887,28.544,32.6683,3.09695,4.363,0.148904,0.649669,NONE,999.9,0,0
4.39223,28.544,32.6683,3.09695,4.363,0.148904,0.649669,NONE,999.9,0,0
4.39661,28.544,32.6683,3.09695,4.363,0.148904,0.649669,NONE,999.9,0,0
4.40088,28.5004,32.6701,3.09858,4.36347,0.158702,0.69249,NONE,999.9,0,0
4.404,28.5004,32.6701,3.09858,4.36347,0.158702,0.69249,NONE,999.9,0,0
4.40956,28.4568,32.6719,3.10014,4.3639,0.169633,0.74026,NONE,999.9,0,0
4.41222,28.4568,32.6719,3.10014,4.3639,0.169633,0.74026,NONE,999.9,0,0
4.41678,28.4568,32.6719,3.10014,4.3639,0.169633,0.74026,NONE,999.9,0,0
4.41995,28.4132,32.6736,3.10194,4.36432,0.173932,0.759097,NONE,999.9,0,0
4.42447,28.4132,32.6736,3.10194,4.36432,0.173932,0.759097,NONE,999.9,0,0
4.42946,28.3696,32.6754,3.10363,4.36472,0.18065,0.788486,NONE,999.9,0,0
4.4326,28.3696,32.6754,3.10363,4.36472,0.18065,0.788486,NONE,999.9,0,0
4.43627,28.3696,32.6754,3.10363,4.36472,0.18065,0.788486,NONE,999.9,0,0
4.4401,28.326,32.677,3.10553,4.3651,0.181741,0.793317,NONE,999.9,0,0
4.44428,28.326,32.677,3.10553,4.3651,0.181741,0.793317,NONE,999.9,0,0
4.45124,28.2824,32.6786,3.10728,4.36546,0.186032,0.812118,NONE,999.9,0,0
4.45286,28.2824,32.6786,3.10728,4.36546,0.186032,0.812118,NONE,999.9,0,0
4.45617,28.2824,32.6786,3.10728,4.36546,0.186032,0.812118,NONE,999.9,0,0
4.46025,28.2387,32.6801,3.10922,4.36581,0.185305,0.809007,NONE,999.9,0,0
4.46432,28.2387,32.6801,3.10922,4.36581,0.185305,0.809007,NONE,999.9,0,0
4.4693,28.1951,32.6816,3.11101,4.36614,0.188249,0.821921,NONE,999.9,0,0
4.47189,28.1951,32.6816,3.11101,4.36614,0.188249,0.821921,NONE,999.9,0,0
4.47638,28.1951,32.6816,3.11101,4.36614,0.188249,0.821921,NONE,999.9,0,0
4.48009,28.1515,32.6831,3.11297,4.36645,0.186535,0.814496,NONE,999.9,0,0
4.48459,28.1515,32.6831,3.11297,4.36645,0.186535,0.814496,NONE,999.9,0,0
4.48952,28.1078,32.6845,3.11476,4.36675,0.188769,0.824306,NONE,999.9,0,0
4.49204,28.1078,32.6845,3.11476,4.36675,0.188769,0.824306,NONE,999.9,0,0
4.49597,28.1078,32.6845,3.11476,4.36675,0.188769,0.824306,NONE,999.9,0,0
4.50084,28.0642,32.6858,3.11672,4.36703,0.186555,0.814693,NONE,999.9,0,0
4.50403,28.0642,32.6858,3.11672,4.36703,0.186555,0.814693,NONE,999.9,0,0
4.50909,28.0205,32.687,3.11851,4.3673,0.188448,0.82301,NONE,999.9,0,0
4.51207,28.0205,32.687,3.11851,4.3673,0.188448,0.82301,NONE,999.9,0,0
4.51639,28.0205,32.687,3.11851,4.3673,0.188448,0.82301,NONE,999.9,0,0
4.5204,27.9769,32.6882,3.12047,4.36756,0.186012,0.812419,NONE,999.9,0,0
4.52422,27.9769,32.6882,3.12047,4.36756,0.186012,0.812419,NONE,999.9,0,0
4.52914,27.9332,32.6893,3.12225,4.3678,0.187771,0.820145,NONE,999.9,0,0
4.53235,27.9332,32.6893,3.12225,4.3678,0.187771,0.820145,NONE,999.9,0,0
4.536,27.9332,32.6893,3.12225,4.3678,0.187771,0.820145,NONE,999.9,0,0
4.54051,27.8895,32.6903,3.1242,4.36804,0.185264,0.809238,NONE,999.9,0,0
4.54457,27.8895,32.6903,3.1242,4.36804,0.185264,0.809238,NONE,999.9,0,0
4.55009,27.8459,32.6913,3.12566,4.36826,0.0934373,0.408158,NONE,999.9,0,0
4.55213,27.8459,32.6913,3.12566,4.36826,0.0934373,0.408158,NONE,999.9,0,0
4.55664,27.8459,32.6913,3.12566,4.36826,0.0934373,0.408158,NONE,999.9,0,0
4.56028,27.8022,32.6923,3.12616,4.36847,0.0259263,0.113258,NONE,999.9,0,0
4.5644,27.8022,32.6923,3.12616,4.36847,0.0259263,0.113258,NONE,999.9,0,0
4.56907,27.7585,32.6933,3.12621,4.36867,-0.0300168,-0.131134,NONE,999.9,0,0
4.5719,27.7585,32.6933,3.12621,4.36867,-0.0300168,-0.131134,NONE,999.9,0,0
4.57661,27.7585,32.6933,3.12621,4.36867,-0.0300168,-0.131134,NONE,999.9,0,0
4.58026,27.7148,32.6944,3.12562,4.36917,-0.0692967,-0.302769,NONE,999.9,0,0
4.58454,27.7148,32.6944,3.12562,4.36917,-0.0692967,-0.302769,NONE,999.9,0,0
4.58978,27.6712,32.6954,3.12484,4.36941,-0.103079,-0.450393,NONE,999.9,0,0
4.5921,27.6712,32.6954,3.12484,4.36941,-0.103079,-0.450393,NONE,999.9,0,0
4.59586,27.6712,32.6954,3.12484,4.36941,-0.103079,-0.450393,NONE,999.9,0,0
4.60037,27.6275,32.6964,3.12361,4.36964,-0.125013,-0.546261,NONE,999.9,0,0
4.60415,27.6275,32.6964,3.12361,4.36964,-0.125013,-0.546261,NONE,999.9,0,0
4.60981,27.5838,32.6974,3.12265,4.36985,-0.0517032,-0.225935,NONE,999.9,0,0
4.612,27.5838,32.6974,3.12265,4.36985,-0.0517032,-0.225935,NONE,999.9,0,0
4.61677,27.5838,32.6974,3.12265,4.36985,-0.0517032,-0.225935,NONE,999.9,0,0
4.62049,27.5401,32.6983,3.1225,4.37006,0.00189956,0.00830119,NONE,999.9,0,0
4.62416,27.5401,32.6983,3.1225,4.37006,0.00189956,0.00830119,NONE,999.9,0,0
4.6293,27.4964,32.6992,3.12267,4.37026,0.0474995,0.207585,NONE,999.9,0,0
4.63252,27.4964,32.6992,3.12267,4.37026,0.0474995,0.207585,NONE,999.9,0,0
4.63604,27.4964,32.6992,3.12267,4.37026,0.0474995,0.207585,NONE,999.9,0,0
4.64022,27.4527,32.7001,3.1234,4.37045,0.0791817,0.346059,NONE,999.9,0,0
4.64449,27.4527,32.7001,3.1234,4.37045,0.0791817,0.346059,NONE,999.9,0,0
4.6508,27.409,32.7009,3.12425,4.37062,0.107477,0.469741,NONE,999.9,0,0
4.65456,27.409,32.7009,3.12425,4.37062,0.107477,0.469741,NONE,999.9,0,0
4.6569,27.409,32.7009,3.12425,4.37062,0.107477,0.469741,NONE,999.9,0,0
4.66006,27.3653,32.7016,3.1255,4.3708,0.125529,0.548662,NONE,999.9,0,0
4.66436,27.3653,32.7016,3.1255,4.3708,0.125529,0.548662,NONE,999.9,0,0
4.66949,27.3216,32.7023,3.12677,4.37096,0.143116,0.625553,NONE,999.9,0,0
4.67202,27.3216,32.7023,3.12677,4.37096,0.143116,0.625553,NONE,999.9,0,0
4.67627,27.3216,32.7023,3.12677,4.37096,0.143116,0.625553,NONE,999.9,0,0
4.68085,27.2779,32.703,3.12833,4.37111,0.152778,0.667809,NONE,999.9,0,0
4.68443,27.2779,32.703,3.12833,4.37111,0.152778,0.667809,NONE,999.9,0,0
4.68947,27.2342,32.7036,3.12983,4.37126,0.163811,0.71606,NONE,999.9,0,0
4.69206,27.2342,32.7036,3.12983,4.37126,0.163811,0.71606,NONE,999.9,0,0
4.69607,27.2342,32.7036,3.12983,4.37126,0.163811,0.71606,NONE,999.9,0,0
4.70031,27.1905,32.7042,3.13158,4.37164,0.168308,0.735784,NONE,999.9,0,0
4.70425,27.1905,32.7042,3.13158,4.37164,0.168308,0.735784,NONE,999.9,0,0
4.71108,27.1468,32.7047,3.13321,4.37201,0.175334,0.766563,NONE,999.9,0,0
4.71487,27.1468,32.7047,3.13321,4.37201,0.175334,0.766563,NONE,999.9,0,0
4.71798,27.1468,32.7047,3.13321,4.37201,0.175334,0.766563,NONE,999.9,0,0
4.7214,27.1031,32.7051,3.13506,4.37236,0.17681,0.773077,NONE,999.9,0,0
4.72424,27.1031,32.7051,3.13506,4.37236,0.17681,0.773077,NONE,999.9,0,0
4.72959,27.0593,32.7055,3.13677,4.37269,0.181517,0.793715,NONE,999.9,0,0
4.7325,27.0593,32.7055,3.13677,4.37269,0.181517,0.793715,NONE,999.9,0,0
4.73664,27.0593,32.7055,3.13677,4.37269,0.181517,0.793715,NONE,999.9,0,0
4.74092,27.0156,32.7058,3.13867,4.373,0.181222,0.792484,NONE,999.9,0,0
4.74472,27.0156,32.7058,3.13867,4.373,0.181222,0.792484,NONE,999.9,0,0
4.75169,26.9719,32.7061,3.14041,4.3733,0.184587,0.807253,NONE,999.9,0,0
4.75413,26.9719,32.7061,3.14041,4.3733,0.184587,0.807253,NONE,999.9,0,0
4.75657,26.9719,32.7061,3.14041,4.3733,0.184587,0.807253,NONE,999.9,0,0
4.76045,26.9281,32.7063,-3.14085,4.37359,0.183283,0.801606,NONE,999.9,0,0
4.76416,26.9281,32.7063,-3.14085,4.37359,0.183283,0.801606,NONE,999.9,0,0
4.76995,26.8844,32.7065,-3.13925,4.37386,0.139123,0.608506,NONE,999.9,0,0
4.77211,26.8844,32.7065,-3.13925,4.37386,0.139123,0.608506,NONE,999.9,0,0
4.77697,26.8844,32.7065,-3.13925,4.37386,0.139123,0.608506,NONE,999.9,0,0
4.78109,26.8407,32.7066,-3.13819,4.37412,0.0579724,0.253578,NONE,999.9,0,0
4.78449,26.8407,32.7066,-3.13819,4.37412,0.0579724,0.253578,NONE,999.9,0,0
4.78965,26.7969,32.7067,-3.13801,4.37437,-0.00119942,-0.00524669,NONE,999.9,0,0
4.79228,26.7969,32.7067,-3.13801,4.37437,-0.00119942,-0.00524669,NONE,999.9,0,0
4.796,26.7969,32.7067,-3.13801,4.37437,-0.00119942,-0.00524669,NONE,999.9,0,0
4.80028,26.7532,32.7069,-3.13819,4.3746,-0.0506371,-0.221517,NONE,999.9,0,0
4.80425,26.7532,32.7069,-3.13819,4.3746,-0.0506371,-0.221517,NONE,999.9,0,0
4.81243,26.7094,32.7071,-3.13896,4.37483,-0.0848651,-0.37127,NONE,999.9,0,0
4.81503,26.7094,32.7071,-3.13896,4.37483,-0.0848651,-0.37127,NONE,999.9,0,0
4.81702,26.7094,32.7071,-3.13896,4.37483,-0.0848651,-0.37127,NONE,999.9,0,0
4.82099,26.6657,32.7072,-3.13988,4.37504,-0.114736,-0.501976,NONE,999.9,0,0
4.82434,26.6657,32.7072,-3.13988,4.37504,-0.114736,-0.501976,NONE,999.9,0,0
4.82958,26.6219,32.7074,-3.14121,4.37524,-0.133662,-0.584803,NONE,999.9,0,0
4.83234,26.6219,32.7074,-3.14121,4.37524,-0.133662,-0.584803,NONE,999.9,0,0
4.83644,26.6219,32.7074,-3.14121,4.37524,-0.133662,-0.584803,NONE,999.9,0,0
4.84075,26.5782,32.7076,3.14063,4.37544,-0.151605,-0.66334,NONE,999.9,0,0
4.84611,26.5782,32.7076,3.14063,4.37544,-0.151605,-0.66334,NONE,999.9,0,0
4.85329,26.5344,32.7078,3.13898,4.37562,-0.161269,-0.70565,NONE,999.9,0,0
4.85638,26.5344,32.7078,3.13898,4.37562,-0.161269,-0.70565,NONE,999.9,0,0
4.86028,26.4907,32.7081,3.13739,4.3758,-0.17205,-0.752858,NONE,999.9,0,0
4.86453,26.4907,32.7081,3.13739,4.3758,-0.17205,-0.752858,NONE,999.9,0,0
4.87179,26.4469,32.7084,3.13556,4.37597,-0.176203,-0.771058,NONE,999.9,0,0
4.87485,26.4469,32.7084,3.13556,4.37597,-0.176203,-0.771058,NONE,999.9,0,0
4.87728,26.4469,32.7084,3.13556,4.37597,-0.176203,-0.771058,NONE,999.9,0,0
4.88563,26.4031,32.7087,3.13385,4.37613,-0.182769,-0.799818,NONE,999.9,0,0
4.88809,26.4031,32.7087,3.13385,4.37613,-0.182769,-0.799818,NONE,999.9,0,0
4.89223,26.3594,32.709,3.13193,4.37628,-0.183716,-0.803993,NONE,999.9,0,0
4.89647,26.3594,32.709,3.13193,4.37628,-0.183716,-0.803993,NONE,999.9,0,0
4.90063,26.3156,32.7094,3.13048,4.37665,-0.0942914,-0.412681,NONE,999.9,0,0
4.9057,26.3156,32.7094,3.13048,4.37665,-0.0942914,-0.412681,NONE,999.9,0,0
4.91203,26.2719,32.7097,3.12996,4.37701,-0.028359,-0.124128,NONE,999.9,0,0
4.9156,26.2719,32.7097,3.12996,4.37701,-0.028359,-0.124128,NONE,999.9,0,0
4.91796,26.2719,32.7097,3.12996,4.37701,-0.028359,-0.124128,NONE,999.9,0,0
4.9217,26.2281,32.7101,3.12988,4.37735,0.0265905,0.116396,NONE,999.9,0,0
4.92451,26.2281,32.7101,3.12988,4.37735,0.0265905,0.116396,NONE,999.9,0,0
4.93061,26.1843,32.7104,3.13043,4.37767,0.0653185,0.285943,NONE,999.9,0,0
4.93465,26.1843,32.7104,3.13043,4.37767,0.0653185,0.285943,NONE,999.9,0,0
4.93713,26.1843,32.7104,3.13043,4.37767,0.0653185,0.285943,NONE,999.9,0,0
4.94098,26.1405,32.7107,3.13118,4.37798,0.0988529,0.432776,NONE,999.9,0,0
4.94475,26.1405,32.7107,3.13118,4.37798,0.0988529,0.432776,NONE,999.9,0,0
4.95137,26.0968,32.7109,3.13237,4.37827,0.120767,0.528752,NONE,999.9,0,0
4.95479,26.0968,32.7109,3.13237,4.37827,0.120767,0.528752,NONE,999.9,0,0
4.95696,26.0968,32.7109,3.13237,4.37827,0.120767,0.528752,NONE,999.9,0,0
4.96095,26.053,32.7112,3.13359,4.37855,0.14114,0.617989,NONE,999.9,0,0
4.96424,26.053,32.7112,3.13359,4.37855,0.14114,0.617989,NONE,999.9,0,0
4.97125,26.0092,32.7114,3.13515,4.37882,0.152785,0.669017,NONE,999.9,0,0
4.9747,26.0092,32.7114,3.13515,4.37882,0.152785,0.669017,NONE,999.9,0,0
4.97777,26.0092,32.7114,3.13515,4.37882,0.152785,0.669017,NONE,999.9,0,0
4.98181,25.9654,32.7116,3.13666,4.37907,0.165174,0.723309,NONE,999.9,0,0
4.98455,25.9654,32.7116,3.13666,4.37907,0.165174,0.723309,NONE,999.9,0,0
4.98997,25.9216,32.7117,3.13843,4.37932,0.170638,0.747278,NONE,999.9,0,0
4.992,25.9216,32.7117,3.13843,4.37932,0.170638,0.747278,NONE,999.9,0,0
4.99633,25.9216,32.7117,3.13843,4.37932,0.170638,0.747278,NONE,999.9,0,0
5.00107,25.8778,32.7119,3.14009,4.37955,0.178265,0.780721,NONE,999.9,0,0
5.0046,25.8778,32.7119,3.14009,4.37955,0.178265,0.780721,NONE,999.9,0,0
5.00991,25.834,32.7119,-3.14122,4.37976,0.18008,0.788708,NONE,999.9,0,0
5.01779,25.834,32.7119,-3.14122,4.37976,0.18008,0.788708,NONE,999.9,0,0
5.02167,25.7902,32.7119,-3.13948,4.37997,0.184929,0.809983,NONE,999.9,0,0
5.02408,25.7902,32.7119,-3.13948,4.37997,0.184929,0.809983,NONE,999.9,0,0
5.02985,25.7464,32.7119,-3.13755,4.38003,0.184683,0.808916,NONE,999.9,0,0
5.03334,25.7464,32.7119,-3.13755,4.38003,0.184683,0.808916,NONE,999.9,0,0
5.03656,25.7464,32.7119,-3.13755,4.38003,0.184683,0.808916,NONE,999.9,0,0
5.04032,25.7026,32.7118,-3.13577,4.38007,0.187992,0.823417,NONE,999.9,0,0
5.04435,25.7026,32.7118,-3.13577,4.38007,0.187992,0.823417,NONE,999.9,0,0
5.04967,25.6588,32.7116,-3.13381,4.3803,0.186508,0.816961,NONE,999.9,0,0
5.05216,25.6588,32.7116,-3.13381,4.3803,0.186508,0.816961,NONE,999.9,0,0
5.05618,25.6588,32.7116,-3.13381,4.3803,0.186508,0.816961,NONE,999.9,0,0
5.06015,25.615,32.7114,-3.13202,4.38051,0.188907,0.827508,NONE,999.9,0,0
5.06452,25.615,32.7114,-3.13202,4.38051,0.188907,0.827508,NONE,999.9,0,0
5.07004,25.5712,32.7111,-3.13005,4.38072,0.186826,0.818433,NONE,999.9,0,0
5.07327,25.5712,32.7111,-3.13005,4.38072,0.186826,0.818433,NONE,999.9,0,0
5.07668,25.5712,32.7111,-3.13005,4.38072,0.186826,0.818433,NONE,999.9,0,0
5.08014,25.5274,32.7108,-3.12842,4.38091,0.142012,0.622141,NONE,999.9,0,0
5.08493,25.5274,32.7108,-3.12842,4.38091,0.142012,0.622141,NONE,999.9,0,0
5.08915,25.4836,32.7105,-3.12734,4.3811,0.0602987,0.264174,NONE,999.9,0,0
5.09247,25.4836,32.7105,-3.12734,4.3811,0.0602987,0.264174,NONE,999.9,0,0
5.09635,25.4836,32.7105,-3.12734,4.3811,0.0602987,0.264174,NONE,999.9,0,0
5.10053,25.4398,32.7101,-3.12713,4.38127,0.000647474,0.00283676,NONE,999.9,0,0
5.10449,25.4398,32.7101,-3.12713,4.38127,0.000647474,0.00283676,NONE,999.9,0,0
5.11012,25.396,32.7098,-3.1273,4.38144,-0.0491881,-0.215515,NONE,999.9,0,0
5.11272,25.396,32.7098,-3.1273,4.38144,-0.0491881,-0.215515,NONE,999.9,0,0
5.1163,25.396,32.7098,-3.1273,4.38144,-0.0491881,-0.215515,NONE,999.9,0,0
5.12029,25.3522,32.7095,-3.12806,4.3816,-0.0837526,-0.366971,NONE,999.9,0,0
5.12403,25.3522,32.7095,-3.12806,4.3816,-0.0837526,-0.366971,NONE,999.9,0,0
5.12936,25.3083,32.7092,-3.12897,4.38176,-0.113898,-0.499075,NONE,999.9,0,0
5.13272,25.3083,32.7092,-3.12897,4.38176,-0.113898,-0.499075,NONE,999.9,0,0
5.13594,25.3083,32.7092,-3.12897,4.38176,-0.113898,-0.499075,NONE,999.9,0,0
5.14025,25.2645,32.7089,-3.13029,4.3819,-0.133055,-0.583032,NONE,999.9,0,0
5.1443,25.2645,32.7089,-3.13029,4.3819,-0.133055,-0.583032,NONE,999.9,0,0
5.15074,25.2207,32.7086,-3.13163,4.38204,-0.151183,-0.662488,NONE,999.9,0,0
5.15315,25.2207,32.7086,-3.13163,4.38204,-0.151183,-0.662488,NONE,999.9,0,0
5.15587,25.2207,32.7086,-3.13163,4.38204,-0.151183,-0.662488,NONE,999.9,0,0
5.16015,25.1769,32.7083,-3.13328,4.38217,-0.161,-0.705531,NONE,999.9,0,0
5.16446,25.1769,32.7083,-3.13328,4.38217,-0.161,-0.705531,NONE,999.9,0,0
5.16908,25.1331,32.7081,-3.13486,4.3823,-0.171902,-0.753327,NONE,999.9,0,0
5.17215,25.1331,32.7081,-3.13486,4.3823,-0.171902,-0.753327,NONE,999.9,0,0
5.17646,25.1331,32.7081,-3.13486,4.3823,-0.171902,-0.753327,NONE,999.9,0,0
5.18007,25.0892,32.7079,-3.13669,4.38242,-0.176155,-0.771986,NONE,999.9,0,0
5.18401,25.0892,32.7079,-3.13669,4.38242,-0.176155,-0.771986,NONE,999.9,0,0
5.18884,25.0454,32.7077,-3.13824,4.38253,-0.135983,-0.595948,NONE,999.9,0,0
5.19207,25.0454,32.7077,-3.13824,4.38253,-0.135983,-0.595948,NONE,999.9,0,0
5.19659,25.0454,32.7077,-3.13824,4.38253,-0.135983,-0.595948,NONE,999.9,0,0
5.20016,25.0016,32.7075,-3.13928,4.38264,-0.0576111,-0.252489,NONE,999.9,0,0
5.20398,25.0016,32.7075,-3.13928,4.38264,-0.0576111,-0.252489,NONE,999.9,0,0
5.20913,24.9578,32.7073,-3.13947,4.38274,-0.000324826,-0.00142363,NONE,999.9,0,0
5.21203,24.9578,32.7073,-3.13947,4.38274,-0.000324826,-0.00142363,NONE,999.9,0,0
5.21588,24.9578,32.7073,-3.13947,4.38274,-0.000324826,-0.00142363,NONE,999.9,0,0
5.22045,24.9139,32.7071,-3.13931,4.38284,0.0478857,0.209875,NONE,999.9,0,0
5.22439,24.9139,32.7071,-3.13931,4.38284,0.0478857,0.209875,NONE,999.9,0,0
5.22919,24.8701,32.7068,-3.13857,4.38293,0.0813794,0.356681,NONE,999.9,0,0
5.23202,24.8701,32.7068,-3.13857,4.38293,0.0813794,0.356681,NONE,999.9,0,0
5.2359,24.8701,32.7068,-3.13857,4.38293,0.0813794,0.356681,NONE,999.9,0,0
5.24001,24.8263,32.7065,-3.13769,4.38302,0.110866,0.48593,NONE,999.9,0,0
5.24421,24.8263,32.7065,-3.13769,4.38302,0.110866,0.48593,NONE,999.9,0,0
5.24919,24.7824,32.7062,-3.1364,4.38328,0.129643,0.568262,NONE,999.9,0,0
5.25202,24.7824,32.7062,-3.1364,4.38328,0.129643,0.568262,NONE,999.9,0,0
5.2563,24.7824,32.7062,-3.1364,4.38328,0.129643,0.568262,NONE,999.9,0,0
5.26043,24.7386,32.7058,-3.13509,4.38352,0.147609,0.647047,NONE,999.9,0,0
5.26417,24.7386,32.7058,-3.13509,4.38352,0.147609,0.647047,NONE,999.9,0,0
5.26898,24.6948,32.7055,-3.13348,4.38375,0.157425,0.69011,NONE,999.9,0,0
5.27198,24.6948,32.7055,-3.13348,4.38375,0.157425,0.69011,NONE,999.9,0,0
5.27665,24.6948,32.7055,-3.13348,4.38375,0.157425,0.69011,NONE,999.9,0,0
5.28038,24.6509,32.7051,-3.13193,4.38397,0.168428,0.738382,NONE,999.9,0,0
5.28404,24.6509,32.7051,-3.13193,4.38397,0.168428,0.738382,NONE,999.9,0,0
5.28916,24.6071,32.7046,-3.13014,4.38418,0.172856,0.757832,NONE,999.9,0,0
5.29213,24.6071,32.7046,-3.13014,4.38418,0.172856,0.757832,NONE,999.9,0,0
5.29646,24.6071,32.7046,-3.13014,4.38418,0.172856,0.757832,NONE,999.9,0,0
5.30005,24.5633,32.7041,-3.12862,4.38438,0.132913,0.582743,NONE,999.9,0,0
5.30389,24.5633,32.7041,-3.12862,4.38438,0.132913,0.582743,NONE,999.9,0,0
5.30944,24.5194,32.7036,-3.12761,4.38457,0.054802,0.240283,NONE,999.9,0,0
5.31235,24.5194,32.7036,-3.12761,4.38457,0.054802,0.240283,NONE,999.9,0,0
5.31632,24.5194,32.7036,-3.12761,4.38457,0.054802,0.240283,NONE,999.9,0,0
5.32027,24.4756,32.7032,-3.12744,4.38475,-0.00223224,-0.0097878,NONE,999.9,0,0
5.32416,24.4756,32.7032,-3.12744,4.38475,-0.00223224,-0.0097878,NONE,999.9,0,0
5.32929,24.4317,32.7027,-3.12763,4.38492,-0.0501957,-0.220104,NONE,999.9,0,0
5.33221,24.4317,32.7027,-3.12763,4.38492,-0.0501957,-0.220104,NONE,999.9,0,0
5.33613,24.4317,32.7027,-3.12763,4.38492,-0.0501957,-0.220104,NONE,999.9,0,0
5.34026,24.3879,32.7023,-3.12839,4.38508,-0.0834586,-0.365973,NONE,999.9,0,0
5.34412,24.3879,32.7023,-3.12839,4.38508,-0.0834586,-0.365973,NONE,999.9,0,0
5.3495,24.344,32.7019,-3.1293,4.38519,-0.112731,-0.494345,NONE,999.9,0,0
5.3521,24.344,32.7019,-3.1293,4.38519,-0.112731,-0.494345,NONE,999.9,0,0
5.35633,24.344,32.7019,-3.1293,4.38519,-0.112731,-0.494345,NONE,999.9,0,0
5.3606,24.3002,32.7016,-3.1306,4.3853,-0.131332,-0.57593,NONE,999.9,0,0
5.3642,24.3002,32.7016,-3.1306,4.3853,-0.131332,-0.57593,NONE,999.9,0,0
5.36898,24.2563,32.7012,-3.13193,4.3854,-0.149135,-0.654018,NONE,999.9,0,0
5.372,24.2563,32.7012,-3.13193,4.3854,-0.149135,-0.654018,NONE,999.9,0,0
5.37679,24.2563,32.7012,-3.13193,4.3854,-0.149135,-0.654018,NONE,999.9,0,0
5.38134,24.2125,32.7009,-3.13355,4.3855,-0.158799,-0.696413,NONE,999.9,0,0
5.38487,24.2125,32.7009,-3.13355,4.3855,-0.158799,-0.696413,NONE,999.9,0,0
5.38934,24.1686,32.7006,-3.13511,4.38559,-0.169664,-0.744079,NONE,999.9,0,0
5.39215,24.1686,32.7006,-3.13511,4.38559,-0.169664,-0.744079,NONE,999.9,0,0
5.39613,24.1686,32.7006,-3.13511,4.38559,-0.169664,-0.744079,NONE,999.9,0,0
5.40006,24.1248,32.7004,-3.13692,4.38568,-0.173966,-0.762959,NONE,999.9,0,0
5.40408,24.1248,32.7004,-3.13692,4.38568,-0.173966,-0.762959,NONE,999.9,0,0
5.40904,24.0809,32.7002,-3.13861,4.38577,-0.180708,-0.792542,NONE,999.9,0,0
5.4123,24.0809,32.7002,-3.13861,4.38577,-0.180708,-0.792542,NONE,999.9,0,0
5.41643,24.0809,32.7002,-3.13861,4.38577,-0.180708,-0.792542,NONE,999.9,0,0
5.42041,24.037,32.7,-3.14051,4.38585,-0.181856,-0.797595,NONE,999.9,0,0
5.42403,24.037,32.7,-3.14051,4.38585,-0.181856,-0.797595,NONE,999.9,0,0
5.42876,23.9932,32.6999,3.14092,4.38592,-0.186204,-0.816678,NONE,999.9,0,0
5.43242,23.9932,32.6999,3.14092,4.38592,-0.186204,-0.816678,NONE,999.9,0,0
5.43606,23.9932,32.6999,3.14092,4.38592,-0.186204,-0.816678,NONE,999.9,0,0
5.4404,23.9493,32.6999,3.13898,4.386,-0.18555,-0.813821,NONE,999.9,0,0
5.44459,23.9493,32.6999,3.13898,4.386,-0.18555,-0.813821,NONE,999.9,0,0
5.44935,23.9055,32.6999,3.13719,4.38606,-0.188553,-0.827006,NONE,999.9,0,0
5.45247,23.9055,32.6999,3.13719,4.38606,-0.188553,-0.827006,NONE,999.9,0,0
5.45613,23.9055,32.6999,3.13719,4.38606,-0.188553,-0.827006,NONE,999.9,0,0
5.46006,23.8616,32.7,3.13523,4.38613,-0.186908,-0.819802,NONE,999.9,0,0
5.46453,23.8616,32.7,3.13523,4.38613,-0.186908,-0.819802,NONE,999.9,0,0
5.47044,23.8177,32.7001,3.13375,4.38619,-0.0955377,-0.419047,NONE,999.9,0,0
5.47222,23.8177,32.7001,3.13375,4.38619,-0.0955377,-0.419047,NONE,999.9,0,0
5.47631,23.8177,32.7001,3.13375,4.38619,-0.0955377,-0.419047,NONE,999.9,0,0
5.48084,23.7739,32.7002,3.13323,4.38625,-0.0282078,-0.123726,NONE,999.9,0,0
5.48542,23.7739,32.7002,3.13323,4.38625,-0.0282078,-0.123726,NONE,999.9,0,0
5.48904,23.73,32.7003,3.13316,4.38643,0.0277154,0.121571,NONE,999.9,0,0
5.49192,23.73,32.7003,3.13316,4.38643,0.0277154,0.121571,NONE,999.9,0,0
5.49582,23.73,32.7003,3.13316,4.38643,0.0277154,0.121571,NONE,999.9,0,0
5.50037,23.6862,32.7004,3.13372,4.38659,0.0671039,0.294358,NONE,999.9,0,0
5.50411,23.6862,32.7004,3.13372,4.38659,0.0671039,0.294358,NONE,999.9,0,0
5.50997,23.6423,32.7004,3.13449,4.38675,0.101055,0.443303,NONE,999.9,0,0
5.51204,23.6423,32.7004,3.13449,4.38675,0.101055,0.443303,NONE,999.9,0,0
5.51884,23.6423,32.7004,3.13449,4.38675,0.101055,0.443303,NONE,999.9,0,0
5.5224,23.5984,32.7005,3.1357,4.3869,0.123213,0.540523,NONE,999.9,0,0
5.52443,23.5984,32.7005,3.1357,4.3869,0.123213,0.540523,NONE,999.9,0,0
5.52931,23.5546,32.7005,3.13695,4.38705,0.143694,0.630391,NONE,999.9,0,0
5.53251,23.5546,32.7005,3.13695,4.38705,0.143694,0.630391,NONE,999.9,0,0
5.53596,23.5546,32.7005,3.13695,4.38705,0.143694,0.630391,NONE,999.9,0,0
5.54022,23.5107,32.7006,3.13854,4.38719,0.155357,0.68158,NONE,999.9,0,0
5.54458,23.5107,32.7006,3.13854,4.38719,0.155357,0.68158,NONE,999.9,0,0
5.55028,23.4668,32.7006,3.14007,4.38732,0.167694,0.735726,NONE,999.9,0,0
5.55265,23.4668,32.7006,3.14007,4.38732,0.167694,0.735726,NONE,999.9,0,0
5.55596,23.4668,32.7006,3.14007,4.38732,0.167694,0.735726,NONE,999.9,0,0
5.56016,23.4229,32.7005,-3.14132,4.38744,0.173065,0.759314,NONE,999.9,0,0
5.56411,23.4229,32.7005,-3.14132,4.38744,0.173065,0.759314,NONE,999.9,0,0
5.56892,23.3791,32.7004,-3.13964,4.38756,0.180566,0.792245,NONE,999.9,0,0
5.57193,23.3791,32.7004,-3.13964,4.38756,0.180566,0.792245,NONE,999.9,0,0
5.57638,23.3791,32.7004,-3.13964,4.38756,0.180566,0.792245,NONE,999.9,0,0
5.58038,23.3352,32.7003,-3.13774,4.38767,0.182243,0.799621,NONE,999.9,0,0
5.58447,23.3352,32.7003,-3.13774,4.38767,0.182243,0.799621,NONE,999.9,0,0
5.58892,23.2913,32.7001,-3.13598,4.38778,0.18694,0.82025,NONE,999.9,0,0
5.5919,23.2913,32.7001,-3.13598,4.38778,0.18694,0.82025,NONE,999.9,0,0
5.59597,23.2913,32.7001,-3.13598,4.38778,0.18694,0.82025,NONE,999.9,0,0
5.60015,23.2474,32.6999,-3.13402,4.38788,0.186506,0.818368,NONE,999.9,0,0
5.60397,23.2474,32.6999,-3.13402,4.38788,0.186506,0.818368,NONE,999.9,0,0
5.61052,23.2036,32.6997,-3.13255,4.38798,0.0959883,0.421195,NONE,999.9,0,0
5.61304,23.2036,32.6997,-3.13255,4.38798,0.0959883,0.421195,NONE,999.9,0,0
5.6165,23.2036,32.6997,-3.13255,4.38798,0.0959883,0.421195,NONE,999.9,0,0
5.62004,23.1597,32.6995,-3.13202,4.38807,0.0292208,0.128223,NONE,999.9,0,0
5.62418,23.1597,32.6995,-3.13202,4.38807,0.0292208,0.128223,NONE,999.9,0,0
5.62923,23.1158,32.6993,-3.13193,4.38816,-0.0263531,-0.115642,NONE,999.9,0,0
5.63233,23.1158,32.6993,-3.13193,4.38816,-0.0263531,-0.115642,NONE,999.9,0,0
5.63607,23.1158,32.6993,-3.13193,4.38816,-0.0263531,-0.115642,NONE,999.9,0,0
5.64024,23.0719,32.6991,-3.13248,4.38825,-0.0655475,-0.287638,NONE,999.9,0,0
5.64438,23.0719,32.6991,-3.13248,4.38825,-0.0655475,-0.287638,NONE,999.9,0,0
5.64956,23.028,32.6989,-3.13323,4.38833,-0.0994169,-0.436274,NONE,999.9,0,0
5.65213,23.028,32.6989,-3.13323,4.38833,-0.0994169,-0.436274,NONE,999.9,0,0
5.65587,23.028,32.6989,-3.13323,4.38833,-0.0994169,-0.436274,NONE,999.9,0,0
5.66003,22.9841,32.6988,-3.13443,4.3884,-0.121572,-0.533505,NONE,999.9,0,0
5.66423,22.9841,32.6988,-3.13443,4.3884,-0.121572,-0.533505,NONE,999.9,0,0
5.66933,22.9403,32.6986,-3.13567,4.38851,-0.142099,-0.623601,NONE,999.9,0,0
5.67288,22.9403,32.6986,-3.13567,4.38851,-0.142099,-0.623601,NONE,999.9,0,0
5.67643,22.9403,32.6986,-3.13567,4.38851,-0.142099,-0.623601,NONE,999.9,0,0
5.68036,22.8964,32.6985,-3.13723,4.38862,-0.153845,-0.675165,NONE,999.9,0,0
5.68436,22.8964,32.6985,-3.13723,4.38862,-0.153845,-0.675165,NONE,999.9,0,0
5.68913,22.8525,32.6985,-3.13875,4.38872,-0.166285,-0.729779,NONE,999.9,0,0
5.69188,22.8525,32.6985,-3.13875,4.38872,-0.166285,-0.729779,NONE,999.9,0,0
5.69597,22.8525,32.6985,-3.13875,4.38872,-0.166285,-0.729779,NONE,999.9,0,0
5.70031,22.8086,32.6984,-3.14053,4.38882,-0.171773,-0.75388,NONE,999.9,0,0
5.70464,22.8086,32.6984,-3.14053,4.38882,-0.171773,-0.75388,NONE,999.9,0,0
5.70971,22.7647,32.6984,3.14098,4.38891,-0.179393,-0.787342,NONE,999.9,0,0
5.71224,22.7647,32.6984,3.14098,4.38891,-0.179393,-0.787342,NONE,999.9,0,0
5.71645,22.7647,32.6984,3.14098,4.38891,-0.179393,-0.787342,NONE,999.9,0,0
5.72038,22.7208,32.6985,3.1391,4.389,-0.18119,-0.795241,NONE,999.9,0,0
5.72393,22.7208,32.6985,3.1391,4.389,-0.18119,-0.795241,NONE,999.9,0,0
5.72893,22.6769,32.6985,3.13766,4.38908,-0.0923507,-0.405334,NONE,999.9,0,0
5.73221,22.6769,32.6985,3.13766,4.38908,-0.0923507,-0.405334,NONE,999.9,0,0
5.73641,22.6769,32.6985,3.13766,4.38908,-0.0923507,-0.405334,NONE,999.9,0,0
5.74044,22.633,32.6986,3.13716,4.38916,-0.0268379,-0.117796,NONE,999.9,0,0
5.74478,22.633,32.6986,3.13716,4.38916,-0.0268379,-0.117796,NONE,999.9,0,0
5.74945,22.5891,32.6986,3.1371,4.38923,0.0278079,0.122055,NONE,999.9,0,0
5.75226,22.5891,32.6986,3.1371,4.38923,0.0278079,0.122055,NONE,999.9,0,0
5.75598,22.5891,32.6986,3.1371,4.38923,0.0278079,0.122055,NONE,999.9,0,0
5.76042,22.5453,32.6986,3.13766,4.38931,0.0663261,0.291126,NONE,999.9,0,0
5.76421,22.5453,32.6986,3.13766,4.38931,0.0663261,0.291126,NONE,999.9,0,0
5.7696,22.5014,32.6985,3.13841,4.38937,0.0997108,0.437668,NONE,999.9,0,0
5.77266,22.5014,32.6985,3.13841,4.38937,0.0997108,0.437668,NONE,999.9,0,0
5.77668,22.5014,32.6985,3.13841,4.38937,0.0997108,0.437668,NONE,999.9,0,0
5.78039,22.4575,32.6985,3.13961,4.38944,0.121527,0.533437,NONE,999.9,0,0
5.78477,22.4575,32.6985,3.13961,4.38944,0.121527,0.533437,NONE,999.9,0,0
5.78932,22.4136,32.6984,3.14084,4.3895,0.14183,0.622563,NONE,999.9,0,0
5.79236,22.4136,32.6984,3.14084,4.3895,0.14183,0.622563,NONE,999.9,0,0
5.79594,22.4136,32.6984,3.14084,4.3895,0.14183,0.622563,NONE,999.9,0,0
5.80118,22.3697,32.6983,-3.14078,4.38956,0.153433,0.673503,NONE,999.9,0,0
5.80448,22.3697,32.6983,-3.14078,4.38956,0.153433,0.673503,NONE,999.9,0,0
5.80964,22.3258,32.6982,-3.13926,4.3897,0.165774,0.727697,NONE,999.9,0,0
5.81235,22.3258,32.6982,-3.13926,4.3897,0.165774,0.727697,NONE,999.9,0,0
5.81616,22.3258,32.6982,-3.13926,4.3897,0.165774,0.727697,NONE,999.9,0,0
5.8202,22.2819,32.698,-3.13749,4.38984,0.17121,0.751585,NONE,999.9,0,0
5.82384,22.2819,32.698,-3.13749,4.38984,0.17121,0.751585,NONE,999.9,0,0
5.8287,22.238,32.6978,-3.13582,4.38997,0.178811,0.784973,NONE,999.9,0,0
5.83269,22.238,32.6978,-3.13582,4.38997,0.178811,0.784973,NONE,999.9,0,0
5.83617,22.238,32.6978,-3.13582,4.38997,0.178811,0.784973,NONE,999.9,0,0
5.84002,22.1941,32.6975,-3.13394,4.39009,0.180612,0.792904,NONE,999.9,0,0
5.84475,22.1941,32.6975,-3.13394,4.39009,0.180612,0.792904,NONE,999.9,0,0
5.84936,22.1502,32.6973,-3.13235,4.39021,0.138624,0.608588,NONE,999.9,0,0
5.85201,22.1502,32.6973,-3.13235,4.39021,0.138624,0.608588,NONE,999.9,0,0
5.85596,22.1502,32.6973,-3.13235,4.39021,0.138624,0.608588,NONE,999.9,0,0
5.86036,22.1063,32.697,-3.1313,4.39032,0.0589167,0.258664,NONE,999.9,0,0
5.86432,22.1063,32.697,-3.1313,4.39032,0.0589167,0.258664,NONE,999.9,0,0
5.86977,22.0624,32.6967,-3.1311,4.39043,0.000647609,0.00284328,NONE,999.9,0,0
5.87247,22.0624,32.6967,-3.1311,4.39043,0.000647609,0.00284328,NONE,999.9,0,0
5.87692,22.0624,32.6967,-3.1311,4.39043,0.000647609,0.00284328,NONE,999.9,0,0
5.88236,22.0185,32.6965,-3.13126,4.39053,-0.0482592,-0.211883,NONE,999.9,0,0
5.88446,22.0185,32.6965,-3.13126,4.39053,-0.0482592,-0.211883,NONE,999.9,0,0
5.88899,21.9746,32.6962,-3.13201,4.39063,-0.0822424,-0.361096,NONE,999.9,0,0
5.89202,21.9746,32.6962,-3.13201,4.39063,-0.0822424,-0.361096,NONE,999.9,0,0
5.89636,21.9746,32.6962,-3.13201,4.39063,-0.0822424,-0.361096,NONE,999.9,0,0
5.90055,21.9307,32.696,-3.1329,4.39072,-0.112048,-0.491972,NONE,999.9,0,0
5.9042,21.9307,32.696,-3.1329,4.39072,-0.112048,-0.491972,NONE,999.9,0,0
5.9093,21.8868,32.6958,-3.1342,4.39081,-0.13105,-0.575414,NONE,999.9,0,0
5.91219,21.8868,32.6958,-3.1342,4.39081,-0.13105,-0.575414,NONE,999.9,0,0
5.91648,21.8868,32.6958,-3.1342,4.39081,-0.13105,-0.575414,NONE,999.9,0,0
5.91998,21.8428,32.6956,-3.13552,4.39089,-0.149141,-0.654861,NONE,999.9,0,0
5.9241,21.8428,32.6956,-3.13552,4.39089,-0.149141,-0.654861,NONE,999.9,0,0
5.92901,21.7989,32.6955,-3.13715,4.39097,-0.159014,-0.698228,NONE,999.9,0,0
5.93241,21.7989,32.6955,-3.13715,4.39097,-0.159014,-0.698228,NONE,999.9,0,0
5.93605,21.7989,32.6955,-3.13715,4.39097,-0.159014,-0.698228,NONE,999.9,0,0
5.9401,21.755,32.6954,-3.13871,4.39105,-0.170021,-0.74657,NONE,999.9,0,0
5.94415,21.755,32.6954,-3.13871,4.39105,-0.170021,-0.74657,NONE,999.9,0,0
5.94991,21.7111,32.6953,-3.14052,4.39112,-0.17442,-0.7659,NONE,999.9,0,0
5.95196,21.7111,32.6953,-3.14052,4.39112,-0.17442,-0.7659,NONE,999.9,0,0
5.95588,21.7111,32.6953,-3.14052,4.39112,-0.17442,-0.7659,NONE,999.9,0,0
5.96043,21.6672,32.6953,3.14097,4.39119,-0.181218,-0.795763,NONE,999.9,0,0
5.96442,21.6672,32.6953,3.14097,4.39119,-0.181218,-0.795763,NONE,999.9,0,0
5.96926,21.6233,32.6953,3.13906,4.39126,-0.182401,-0.80097,NONE,999.9,0,0
5.97189,21.6233,32.6953,3.13906,4.39126,-0.182401,-0.80097,NONE,999.9,0,0
5.97654,21.6233,32.6953,3.13906,4.39126,-0.182401,-0.80097,NONE,999.9,0,0
5.98003,21.5794,32.6954,3.13762,4.39132,-0.0930954,-0.408812,NONE,999.9,0,0
5.98435,21.5794,32.6954,3.13762,4.39132,-0.0930954,-0.408812,NONE,999.9,0,0
5.9891,21.5355,32.6954,3.13712,4.3914,-0.0272337,-0.119594,NONE,999.9,0,0
5.99209,21.5355,32.6954,3.13712,4.3914,-0.0272337,-0.119594,NONE,999.9,0,0
5.99653,21.5355,32.6954,3.13712,4.3914,-0.0272337,-0.119594,NONE,999.9,0,0
6.00014,21.4916,32.6954,3.13705,4.39147,0.0276673,0.1215,NONE,999.9,0,0
6.00408,21.4916,32.6954,3.13705,4.39147,0.0276673,0.1215,NONE,999.9,0,0
6.00932,21.4476,32.6954,3.13761,4.39154,0.0663719,0.291475,NONE,999.9,0,0
6.0123,21.4476,32.6954,3.13761,4.39154,0.0663719,0.291475,NONE,999.9,0,0
6.01666,21.4476,32.6954,3.13761,4.39154,0.0663719,0.291475,NONE,999.9,0,0
6.02029,21.4037,32.6953,3.13836,4.39161,0.0998859,0.43866,NONE,999.9,0,0
6.02431,21.4037,32.6953,3.13836,4.39161,0.0998859,0.43866,NONE,999.9,0,0
6.02947,21.3598,32.6953,3.13956,4.39167,0.121792,0.53487,NONE,999.9,0,0
6.03209,21.3598,32.6953,3.13956,4.39167,0.121792,0.53487,NONE,999.9,0,0
6.03593,21.3598,32.6953,3.13956,4.39167,0.121792,0.53487,NONE,999.9,0,0
6.04022,21.3159,32.6952,3.1408,4.39173,0.14215,0.624285,NONE,999.9,0,0
6.04429,21.3159,32.6952,3.1408,4.39173,0.14215,0.624285,NONE,999.9,0,0
6.04981,21.272,32.6951,-3.14082,4.39179,0.153787,0.675399,NONE,999.9,0,0
6.05229,21.272,32.6951,-3.14082,4.39179,0.153787,0.675399,NONE,999.9,0,0
6.05647,21.272,32.6951,-3.14082,4.39179,0.153787,0.675399,NONE,999.9,0,0
6.06044,21.2281,32.6949,-3.1393,4.39184,0.166158,0.72974,NONE,999.9,0,0
6.06883,21.2281,32.6949,-3.1393,4.39184,0.166158,0.72974,NONE,999.9,0,0
6.07208,21.1841,32.6948,-3.13752,4.39189,0.171609,0.753689,NONE,999.9,0,0
6.0746,21.1841,32.6948,-3.13752,4.39189,0.171609,0.753689,NONE,999.9,0,0
6.0778,21.1841,32.6948,-3.13752,4.39189,0.171609,0.753689,NONE,999.9,0,0
6.08323,21.1402,32.6946,-3.13585,4.39194,0.179213,0.787092,NONE,999.9,0,0
6.08523,21.1402,32.6946,-3.13585,4.39194,0.179213,0.787092,NONE,999.9,0,0
6.08927,21.0963,32.6943,-3.13397,4.39199,0.181009,0.794989,NONE,999.9,0,0
6.09222,21.0963,32.6943,-3.13397,4.39199,0.181009,0.794989,NONE,999.9,0,0
6.09605,21.0963,32.6943,-3.13397,4.39199,0.181009,0.794989,NONE,999.9,0,0
6.10021,21.0524,32.694,-3.13253,4.39203,0.0921578,0.40476,NONE,999.9,0,0
6.10419,21.0524,32.694,-3.13253,4.39203,0.0921578,0.40476,NONE,999.9,0,0
6.10887,21.0085,32.6938,-3.13204,4.39208,0.0266319,0.116969,NONE,999.9,0,0
6.11259,21.0085,32.6938,-3.13204,4.39208,0.0266319,0.116969,NONE,999.9,0,0
6.11595,21.0085,32.6938,-3.13204,4.39208,0.0266319,0.116969,NONE,999.9,0,0
6.12065,20.9645,32.6935,-3.13197,4.39212,-0.028023,-0.12308,NONE,999.9,0,0
6.12409,20.9645,32.6935,-3.13197,4.39212,-0.028023,-0.12308,NONE,999.9,0,0
6.12904,20.9206,32.6933,-3.13254,4.39222,-0.0665455,-0.292283,NONE,999.9,0,0
6.13198,20.9206,32.6933,-3.13254,4.39222,-0.0665455,-0.292283,NONE,999.9,0,0
6.136,20.9206,32.6933,-3.13254,4.39222,-0.0665455,-0.292283,NONE,999.9,0,0
6.14039,20.8767,32.6931,-3.13329,4.39232,-0.0999292,-0.438921,NONE,999.9,0,0
6.14462,20.8767,32.6931,-3.13329,4.39232,-0.0999292,-0.438921,NONE,999.9,0,0
6.14944,20.8328,32.693,-3.13449,4.39242,-0.121746,-0.534762,NONE,999.9,0,0
6.1523,20.8328,32.693,-3.13449,4.39242,-0.121746,-0.534762,NONE,999.9,0,0
6.1566,20.8328,32.693,-3.13449,4.39242,-0.121746,-0.534762,NONE,999.9,0,0
6.16042,20.7888,32.6928,-3.13573,4.39251,-0.142044,-0.623932,NONE,999.9,0,0
6.16401,20.7888,32.6928,-3.13573,4.39251,-0.142044,-0.623932,NONE,999.9,0,0
6.16896,20.7449,32.6927,-3.1373,4.3926,-0.153645,-0.674898,NONE,999.9,0,0
6.172,20.7449,32.6927,-3.1373,4.3926,-0.153645,-0.674898,NONE,999.9,0,0
6.17655,20.7449,32.6927,-3.1373,4.3926,-0.153645,-0.674898,NONE,999.9,0,0
6.18042,20.701,32.6926,-3.13881,4.39268,-0.165994,-0.729159,NONE,999.9,0,0
6.18433,20.701,32.6926,-3.13881,4.39268,-0.165994,-0.729159,NONE,999.9,0,0
6.18904,20.6571,32.6925,-3.14059,4.39276,-0.171437,-0.75308,NONE,999.9,0,0
6.19201,20.6571,32.6925,-3.14059,4.39276,-0.171437,-0.75308,NONE,999.9,0,0
6.19605,20.6571,32.6925,-3.14059,4.39276,-0.171437,-0.75308,NONE,999.9,0,0
6.20004,20.6131,32.6925,3.14093,4.39283,-0.179039,-0.786487,NONE,999.9,0,0
6.2041,20.6131,32.6925,3.14093,4.39283,-0.179039,-0.786487,NONE,999.9,0,0
6.20958,20.5692,32.6926,3.13904,4.3929,-0.180841,-0.794415,NONE,999.9,0,0
6.21208,20.5692,32.6926,3.13904,4.3929,-0.180841,-0.794415,NONE,999.9,0,0
6.21655,20.5692,32.6926,3.13904,4.3929,-0.180841,-0.794415,NONE,999.9,0,0
6.2206,20.5253,32.6926,3.13761,4.39297,-0.092005,-0.404175,NONE,999.9,0,0
6.22409,20.5253,32.6926,3.13761,4.39297,-0.092005,-0.404175,NONE,999.9,0,0
6.22876,20.4814,32.6926,3.13712,4.39304,-0.02649,-0.116371,NONE,999.9,0,0
6.23184,20.4814,32.6926,3.13712,4.39304,-0.02649,-0.116371,NONE,999.9,0,0
6.23607,20.4814,32.6926,3.13712,4.39304,-0.02649,-0.116371,NONE,999.9,0,0
6.24008,20.4374,32.6926,3.13705,4.3931,0.0281547,0.123687,NONE,999.9,0,0
6.24424,20.4374,32.6926,3.13705,4.3931,0.0281547,0.123687,NONE,999.9,0,0
6.2497,20.3935,32.6926,3.13762,4.39316,0.0666741,0.29291,NONE,999.9,0,0
6.25261,20.3935,32.6926,3.13762,4.39316,0.0666741,0.29291,NONE,999.9,0,0
6.25624,20.3935,32.6926,3.13762,4.39316,0.0666741,0.29291,NONE,999.9,0,0
6.26037,20.3496,32.6926,3.13838,4.39321,0.100055,0.439562,NONE,999.9,0,0
6.26429,20.3496,32.6926,3.13838,4.39321,0.100055,0.439562,NONE,999.9,0,0
6.26913,20.3056,32.6925,3.13958,4.39327,0.121869,0.535401,NONE,999.9,0,0
6.27206,20.3056,32.6925,3.13958,4.39327,0.121869,0.535401,NONE,999.9,0,0
6.27641,20.3056,32.6925,3.13958,4.39327,0.121869,0.535401,NONE,999.9,0,0
6.28065,20.2617,32.6925,3.14082,4.39332,0.142163,0.624567,NONE,999.9,0,0
6.28401,20.2617,32.6925,3.14082,4.39332,0.142163,0.624567,NONE,999.9,0,0
6.28894,20.2178,32.6924,-3.1408,4.39336,0.153759,0.675521,NONE,999.9,0,0
6.29183,20.2178,32.6924,-3.1408,4.39336,0.153759,0.675521,NONE,999.9,0,0
6.29599,20.2178,32.6924,-3.1408,4.39336,0.153759,0.675521,NONE,999.9,0,0
6.29998,20.1738,32.6922,-3.13928,4.39343,0.166103,0.729759,NONE,999.9,0,0
6.30445,20.1738,32.6922,-3.13928,4.39343,0.166103,0.729759,NONE,999.9,0,0
6.3092,20.1299,32.6921,-3.13751,4.39348,0.171539,0.753654,NONE,999.9,0,0
6.31248,20.1299,32.6921,-3.13751,4.39348,0.171539,0.753654,NONE,999.9,0,0
6.31637,20.1299,32.6921,-3.13751,4.39348,0.171539,0.753654,NONE,999.9,0,0
6.32016,20.086,32.6918,-3.13584,4.39354,0.179135,0.787038,NONE,999.9,0,0
6.32393,20.086,32.6918,-3.13584,4.39354,0.179135,0.787038,NONE,999.9,0,0
6.32956,20.042,32.6916,-3.13395,4.39359,0.180932,0.79494,NONE,999.9,0,0
6.33186,20.042,32.6916,-3.13395,4.39359,0.180932,0.79494,NONE,999.9,0,0
6.33574,20.042,32.6916,-3.13395,4.39359,0.180932,0.79494,NONE,999.9,0,0
6.34012,19.9981,32.6913,-3.13252,4.39364,0.0920826,0.404578,NONE,999.9,0,0
6.34503,19.9981,32.6913,-3.13252,4.39364,0.0920826,0.404578,NONE,999.9,0,0
6.34912,19.9542,32.6911,-3.13203,4.39369,0.0265539,0.11667,NONE,999.9,0,0
6.35185,19.9542,32.6911,-3.13203,4.39369,0.0265539,0.11667,NONE,999.9,0,0
6.35583,19.9542,32.6911,-3.13203,4.39369,0.0265539,0.11667,NONE,999.9,0,0
6.36029,19.9102,32.6908,-3.13196,4.39374,-0.0281036,-0.12348,NONE,999.9,0,0
6.36483,19.9102,32.6908,-3.13196,4.39374,-0.0281036,-0.12348,NONE,999.9,0,0
6.36887,19.8663,32.6906,-3.13253,4.39378,-0.0666351,-0.29278,NONE,999.9,0,0
6.3719,19.8663,32.6906,-3.13253,4.39378,-0.0666351,-0.29278,NONE,999.9,0,0
6.37675,19.8663,32.6906,-3.13253,4.39378,-0.0666351,-0.29278,NONE,999.9,0,0
6.38057,19.8223,32.6904,-3.13328,4.39382,-0.100027,-0.439499,NONE,999.9,0,0
6.38412,19.8223,32.6904,-3.13328,4.39382,-0.100027,-0.439499,NONE,999.9,0,0
6.38857,19.7784,32.6903,-3.13448,4.39386,-0.12185,-0.535393,NONE,999.9,0,0
6.39188,19.7784,32.6903,-3.13448,4.39386,-0.12185,-0.535393,NONE,999.9,0,0
6.39611,19.7784,32.6903,-3.13448,4.39386,-0.12185,-0.535393,NONE,999.9,0,0
6.39992,19.7345,32.6901,-3.13572,4.3939,-0.142153,-0.624607,NONE,999.9,0,0
6.40394,19.7345,32.6901,-3.13572,4.3939,-0.142153,-0.624607,NONE,999.9,0,0
6.40924,19.6905,32.69,-3.13729,4.39393,-0.153757,-0.675598,NONE,999.9,0,0
6.41224,19.6905,32.69,-3.13729,4.39393,-0.153757,-0.675598,NONE,999.9,0,0
6.4161,19.6905,32.69,-3.13729,4.39393,-0.153757,-0.675598,NONE,999.9,0,0
6.42007,19.6466,32.6899,-3.13881,4.39397,-0.166109,-0.729878,NONE,999.9,0,0
6.42423,19.6466,32.6899,-3.13881,4.39397,-0.166109,-0.729878,NONE,999.9,0,0
6.42873,19.6026,32.6899,-3.14058,4.394,-0.171553,-0.753803,NONE,999.9,0,0
6.43206,19.6026,32.6899,-3.14058,4.394,-0.171553,-0.753803,NONE,999.9,0,0
6.43599,19.6026,32.6899,-3.14058,4.394,-0.171553,-0.753803,NONE,999.9,0,0
6.44033,19.5587,32.6898,3.14093,4.39408,-0.179143,-0.78717,NONE,999.9,0,0
6.4443,19.5587,32.6898,3.14093,4.39408,-0.179143,-0.78717,NONE,999.9,0,0
6.44907,19.5148,32.6899,3.13905,4.39416,-0.180936,-0.795063,NONE,999.9,0,0
6.45222,19.5148,32.6899,3.13905,4.39416,-0.180936,-0.795063,NONE,999.9,0,0
6.45596,19.5148,32.6899,3.13905,4.39416,-0.180936,-0.795063,NONE,999.9,0,0
6.46003,19.4708,32.6899,3.13762,4.39423,-0.0920925,-0.404676,NONE,999.9,0,0
6.4644,19.4708,32.6899,3.13762,4.39423,-0.0920925,-0.404676,NONE,999.9,0,0
6.46906,19.4269,32.6899,3.13712,4.3943,-0.0265639,-0.11673,NONE,999.9,0,0
6.47218,19.4269,32.6899,3.13712,4.3943,-0.0265639,-0.11673,NONE,999.9,0,0
6.4769,19.4269,32.6899,3.13712,4.3943,-0.0265639,-0.11673,NONE,999.9,0,0
6.48046,19.3829,32.69,3.13706,4.39437,0.0280946,0.123458,NONE,999.9,0,0
6.48419,19.3829,32.69,3.13706,4.39437,0.0280946,0.123458,NONE,999.9,0,0
6.48879,19.339,32.6899,3.13762,4.39443,0.0666293,0.292798,NONE,999.9,0,0
6.49196,19.339,32.6899,3.13762,4.39443,0.0666293,0.292798,NONE,999.9,0,0
6.49588,19.339,32.6899,3.13762,4.39443,0.0666293,0.292798,NONE,999.9,0,0
6.50024,19.295,32.6899,3.13838,4.3945,0.100023,0.439551,NONE,999.9,0,0
6.50427,19.295,32.6899,3.13838,4.3945,0.100023,0.439551,NONE,999.9,0,0
6.50977,19.2511,32.6899,3.13958,4.39455,0.12185,0.535478,NONE,999.9,0,0
6.51196,19.2511,32.6899,3.13958,4.39455,0.12185,0.535478,NONE,999.9,0,0
6.51588,19.2511,32.6899,3.13958,4.39455,0.12185,0.535478,NONE,999.9,0,0
6.5204,19.2072,32.6898,3.14082,4.39461,0.142156,0.624719,NONE,999.9,0,0
6.52397,19.2072,32.6898,3.14082,4.39461,0.142156,0.624719,NONE,999.9,0,0
6.52882,19.1632,32.6897,-3.1408,4.39466,0.153763,0.675734,NONE,999.9,0,0
6.53196,19.1632,32.6897,-3.1408,4.39466,0.153763,0.675734,NONE,999.9,0,0
6.53638,19.1632,32.6897,-3.1408,4.39466,0.153763,0.675734,NONE,999.9,0,0
6.54044,19.1193,32.6895,-3.13928,4.39471,0.166116,0.730033,NONE,999.9,0,0
6.54441,19.1193,32.6895,-3.13928,4.39471,0.166116,0.730033,NONE,999.9,0,0
6.54867,19.0753,32.6894,-3.13751,4.39476,0.171562,0.753975,NONE,999.9,0,0
6.55183,19.0753,32.6894,-3.13751,4.39476,0.171562,0.753975,NONE,999.9,0,0
6.55586,19.0753,32.6894,-3.13751,4.39476,0.171562,0.753975,NONE,999.9,0,0
6.56014,19.0314,32.6892,-3.13584,4.3948,0.179165,0.787397,NONE,999.9,0,0
6.56418,19.0314,32.6892,-3.13584,4.3948,0.179165,0.787397,NONE,999.9,0,0
6.56918,18.9874,32.6889,-3.13395,4.39485,0.180968,0.795327,NONE,999.9,0,0
6.57203,18.9874,32.6889,-3.13395,4.39485,0.180968,0.795327,NONE,999.9,0,0
6.57633,18.9874,32.6889,-3.13395,4.39485,0.180968,0.795327,NONE,999.9,0,0
6.58003,18.9435,32.6886,-3.13252,4.39489,0.0921175,0.404846,NONE,999.9,0,0
6.58394,18.9435,32.6886,-3.13252,4.39489,0.0921175,0.404846,NONE,999.9,0,0
6.58876,18.8995,32.6884,-3.13202,4.39493,0.0265821,0.116826,NONE,999.9,0,0
6.59191,18.8995,32.6884,-3.13202,4.39493,0.0265821,0.116826,NONE,999.9,0,0
6.59586,18.8995,32.6884,-3.13202,4.39493,0.0265821,0.116826,NONE,999.9,0,0
6.60029,18.8556,32.6881,-3.13196,4.39498,-0.0280825,-0.123422,NONE,999.9,0,0
6.60417,18.8556,32.6881,-3.13196,4.39498,-0.0280825,-0.123422,NONE,999.9,0,0
6.60996,18.8116,32.6879,-3.13253,4.39502,-0.0666235,-0.292811,NONE,999.9,0,0
6.61228,18.8116,32.6879,-3.13253,4.39502,-0.0666235,-0.292811,NONE,999.9,0,0
6.61605,18.8116,32.6879,-3.13253,4.39502,-0.0666235,-0.292811,NONE,999.9,0,0
6.61996,18.7677,32.6877,-3.13328,4.39507,-0.100023,-0.439608,NONE,999.9,0,0
6.62465,18.7677,32.6877,-3.13328,4.39507,-0.100023,-0.439608,NONE,999.9,0,0
6.62874,18.7237,32.6876,-3.13448,4.39511,-0.121856,-0.53557,NONE,999.9,0,0
6.63202,18.7237,32.6876,-3.13448,4.39511,-0.121856,-0.53557,NONE,999.9,0,0
6.63644,18.7237,32.6876,-3.13448,4.39511,-0.121856,-0.53557,NONE,999.9,0,0
6.64006,18.6798,32.6874,-3.13572,4.39515,-0.142166,-0.62484,NONE,999.9,0,0
6.64423,18.6798,32.6874,-3.13572,4.39515,-0.142166,-0.62484,NONE,999.9,0,0
6.64868,18.6358,32.6873,-3.13729,4.39518,-0.153777,-0.675879,NONE,999.9,0,0
6.65196,18.6358,32.6873,-3.13729,4.39518,-0.153777,-0.675879,NONE,999.9,0,0
6.65603,18.6358,32.6873,-3.13729,4.39518,-0.153777,-0.675879,NONE,999.9,0,0
6.66016,18.5919,32.6872,-3.13881,4.39522,-0.166134,-0.730197,NONE,999.9,0,0
6.66548,18.5919,32.6872,-3.13881,4.39522,-0.166134,-0.730197,NONE,999.9,0,0
6.66919,18.5479,32.6872,-3.14058,4.39526,-0.171583,-0.754153,NONE,999.9,0,0
6.67197,18.5479,32.6872,-3.14058,4.39526,-0.171583,-0.754153,NONE,999.9,0,0
6.67629,18.5479,32.6872,-3.14058,4.39526,-0.171583,-0.754153,NONE,999.9,0,0
6.68055,18.504,32.6872,3.14093,4.39529,-0.179189,-0.787586,NONE,999.9,0,0
6.6846,18.504,32.6872,3.14093,4.39529,-0.179189,-0.787586,NONE,999.9,0,0
6.68894,18.46,32.6872,3.13905,4.39532,-0.180994,-0.795524,NONE,999.9,0,0
6.69233,18.46,32.6872,3.13905,4.39532,-0.180994,-0.795524,NONE,999.9,0,0
6.70147,18.46,32.6872,3.13905,4.39532,-0.180994,-0.795524,NONE,999.9,0,0
6.70507,18.4161,32.6873,3.13746,4.39535,-0.13898,-0.610866,NONE,999.9,0,0
6.70965,18.3721,32.6873,3.1364,4.39538,-0.0592203,-0.260296,NONE,999.9,0,0
6.71363,18.3721,32.6873,3.1364,4.39538,-0.0592203,-0.260296,NONE,999.9,0,0
6.71686,18.3721,32.6873,3.1364,4.39538,-0.0592203,-0.260296,NONE,999.9,0,0
6.72205,18.3282,32.6874,3.13619,4.3954,-0.000889424,-0.00390938,NONE,999.9,0,0
6.72382,18.3282,32.6874,3.13619,4.3954,-0.000889424,-0.00390938,NONE,999.9,0,0
6.72987,18.2842,32.6874,3.13635,4.39543,0.0480776,0.211322,NONE,999.9,0,0
6.7326,18.2842,32.6874,3.13635,4.39543,0.0480776,0.211322,NONE,999.9,0,0
6.73719,18.2842,32.6874,3.13635,4.39543,0.0480776,0.211322,NONE,999.9,0,0
6.74127,18.2402,32.6874,3.1371,4.39545,0.0821217,0.360962,NONE,999.9,0,0
6.74426,18.2402,32.6874,3.1371,4.39545,0.0821217,0.360962,NONE,999.9,0,0
6.74953,18.1963,32.6874,3.13799,4.39548,0.111981,0.492211,NONE,999.9,0,0
6.75288,18.1963,32.6874,3.13799,4.39548,0.111981,0.492211,NONE,999.9,0,0
6.75593,18.1963,32.6874,3.13799,4.39548,0.111981,0.492211,NONE,999.9,0,0
6.7611,18.1523,32.6874,3.13929,4.39554,0.13103,0.575947,NONE,999.9,0,0
6.76463,18.1523,32.6874,3.13929,4.39554,0.13103,0.575947,NONE,999.9,0,0
6.76971,18.1084,32.6873,3.14061,4.3956,0.149159,0.655644,NONE,999.9,0,0
6.77222,18.1084,32.6873,3.14061,4.3956,0.149159,0.655644,NONE,999.9,0,0
6.77655,18.1084,32.6873,3.14061,4.3956,0.149159,0.655644,NONE,999.9,0,0
6.78127,18.0644,32.6872,-3.14094,4.39565,0.159069,0.699213,NONE,999.9,0,0
6.78475,18.0644,32.6872,-3.14094,4.39565,0.159069,0.699213,NONE,999.9,0,0
6.78925,18.0205,32.6871,-3.13938,4.3957,0.170103,0.747722,NONE,999.9,0,0
6.79224,18.0205,32.6871,-3.13938,4.3957,0.170103,0.747722,NONE,999.9,0,0
6.79748,18.0205,32.6871,-3.13938,4.3957,0.170103,0.747722,NONE,999.9,0,0
6.80283,17.9765,32.6869,-3.13757,4.39575,0.174528,0.767182,NONE,999.9,0,0
6.80482,17.9765,32.6869,-3.13757,4.39575,0.174528,0.767182,NONE,999.9,0,0
6.80961,17.9326,32.6867,-3.13587,4.3958,0.181343,0.79715,NONE,999.9,0,0
6.81229,17.9326,32.6867,-3.13587,4.3958,0.181343,0.79715,NONE,999.9,0,0
6.81658,17.9326,32.6867,-3.13587,4.3958,0.181343,0.79715,NONE,999.9,0,0
6.82064,17.8886,32.6865,-3.13397,4.39584,0.182544,0.802434,NONE,999.9,0,0
6.8246,17.8886,32.6865,-3.13397,4.39584,0.182544,0.802434,NONE,999.9,0,0
6.82963,17.8446,32.6862,-3.13252,4.39589,0.0932326,0.40984,NONE,999.9,0,0
6.83244,17.8446,32.6862,-3.13252,4.39589,0.0932326,0.40984,NONE,999.9,0,0
6.83647,17.8446,32.6862,-3.13252,4.39589,0.0932326,0.40984,NONE,999.9,0,0
6.8404,17.8007,32.686,-3.13202,4.39593,0.0273443,0.120204,NONE,999.9,0,0
6.84459,17.8007,32.686,-3.13202,4.39593,0.0273443,0.120204,NONE,999.9,0,0
6.84955,17.7567,32.6858,-3.13195,4.39597,-0.0275876,-0.121274,NONE,999.9,0,0
6.85231,17.7567,32.6858,-3.13195,4.39597,-0.0275876,-0.121274,NONE,999.9,0,0
6.8563,17.7567,32.6858,-3.13195,4.39597,-0.0275876,-0.121274,NONE,999.9,0,0
6.86093,17.7128,32.6856,-3.13251,4.396,-0.0663296,-0.291585,NONE,999.9,0,0
6.86461,17.7128,32.6856,-3.13251,4.396,-0.0663296,-0.291585,NONE,999.9,0,0
6.86938,17.6688,32.6854,-3.13326,4.39604,-0.0998774,-0.439065,NONE,999.9,0,0
6.87193,17.6688,32.6854,-3.13326,4.39604,-0.0998774,-0.439065,NONE,999.9,0,0
6.87643,17.6688,32.6854,-3.13326,4.39604,-0.0998774,-0.439065,NONE,999.9,0,0
6.88036,17.6248,32.6852,-3.13446,4.39607,-0.121819,-0.535524,NONE,999.9,0,0
6.88445,17.6248,32.6852,-3.13446,4.39607,-0.121819,-0.535524,NONE,999.9,0,0
6.89128,17.5809,32.6851,-3.1357,4.39611,-0.142205,-0.62515,NONE,999.9,0,0
6.89305,17.5809,32.6851,-3.1357,4.39611,-0.142205,-0.62515,NONE,999.9,0,0
6.89619,17.5809,32.6851,-3.1357,4.39611,-0.142205,-0.62515,NONE,999.9,0,0
6.90096,17.5369,32.685,-3.13727,4.39614,-0.15387,-0.676435,NONE,999.9,0,0
6.90552,17.5369,32.685,-3.13727,4.39614,-0.15387,-0.676435,NONE,999.9,0,0
6.90949,17.493,32.6849,-3.13879,4.39617,-0.166263,-0.730918,NONE,999.9,0,0
6.91214,17.493,32.6849,-3.13879,4.39617,-0.166263,-0.730918,NONE,999.9,0,0
6.91663,17.493,32.6849,-3.13879,4.39617,-0.166263,-0.730918,NONE,999.9,0,0
6.9227,17.449,32.6848,-3.14056,4.39619,-0.171734,-0.754976,NONE,999.9,0,0
6.92502,17.449,32.6848,-3.14056,4.39619,-0.171734,-0.754976,NONE,999.9,0,0
6.92911,17.405,32.6848,3.14095,4.39622,-0.179351,-0.788466,NONE,999.9,0,0
6.93249,17.405,32.6848,3.14095,4.39622,-0.179351,-0.788466,NONE,999.9,0,0
6.93649,17.405,32.6848,3.14095,4.39622,-0.179351,-0.788466,NONE,999.9,0,0
6.94077,17.3611,32.6849,3.13906,4.39624,-0.181161,-0.796427,NONE,999.9,0,0
6.94435,17.3611,32.6849,3.13906,4.39624,-0.181161,-0.796427,NONE,999.9,0,0
6.94957,17.3171,32.6849,3.13763,4.39627,-0.0923011,-0.405781,NONE,999.9,0,0
6.95249,17.3171,32.6849,3.13763,4.39627,-0.0923011,-0.405781,NONE,999.9,0,0
6.95627,17.3171,32.6849,3.13763,4.39627,-0.0923011,-0.405781,NONE,999.9,0,0
6.9602,17.2731,32.6849,3.13713,4.39633,-0.026752,-0.117611,NONE,999.9,0,0
6.96455,17.2731,32.6849,3.13713,4.39633,-0.026752,-0.117611,NONE,999.9,0,0
6.96944,17.2292,32.6849,3.13706,4.39635,0.0279327,0.122802,NONE,999.9,0,0
6.97192,17.2292,32.6849,3.13706,4.39635,0.0279327,0.122802,NONE,999.9,0,0
6.97661,17.2292,32.6849,3.13706,4.39635,0.0279327,0.122802,NONE,999.9,0,0
6.98054,17.1852,32.6849,3.13763,4.39638,0.066496,0.292342,NONE,999.9,0,0
6.98449,17.1852,32.6849,3.13763,4.39638,0.066496,0.292342,NONE,999.9,0,0
6.9894,17.1413,32.6849,3.13838,4.3964,0.0999173,0.439277,NONE,999.9,0,0
6.9921,17.1413,32.6849,3.13838,4.3964,0.0999173,0.439277,NONE,999.9,0,0
6.99627,17.1413,32.6849,3.13838,4.3964,0.0999173,0.439277,NONE,999.9,0,0
7.00028,17.0973,32.6848,3.13958,4.39643,0.121772,0.53536,NONE,999.9,0,0
7.00435,17.0973,32.6848,3.13958,4.39643,0.121772,0.53536,NONE,999.9,0,0
7.00926,17.0533,32.6848,3.14082,4.39645,0.142101,0.624739,NONE,999.9,0,0
7.01241,17.0533,32.6848,3.14082,4.39645,0.142101,0.624739,NONE,999.9,0,0
7.01665,17.0533,32.6848,3.14082,4.39645,0.142101,0.624739,NONE,999.9,0,0
7.02133,17.0094,32.6847,-3.1408,4.39647,0.15373,0.67587,NONE,999.9,0,0
7.0241,17.0094,32.6847,-3.1408,4.39647,0.15373,0.67587,NONE,999.9,0,0
7.02936,16.9654,32.6845,-3.13928,4.39649,0.166103,0.730269,NONE,999.9,0,0
7.03231,16.9654,32.6845,-3.13928,4.39649,0.166103,0.730269,NONE,999.9,0,0
7.03611,16.9654,32.6845,-3.13928,4.39649,0.166103,0.730269,NONE,999.9,0,0
7.04024,16.9214,32.6844,-3.13751,4.39651,0.171566,0.754292,NONE,999.9,0,0
7.04452,16.9214,32.6844,-3.13751,4.39651,0.171566,0.754292,NONE,999.9,0,0
7.04959,16.8775,32.6842,-3.13584,4.39653,0.179183,0.787783,NONE,999.9,0,0
7.05226,16.8775,32.6842,-3.13584,4.39653,0.179183,0.787783,NONE,999.9,0,0
7.05602,16.8775,32.6842,-3.13584,4.39653,0.179183,0.787783,NONE,999.9,0,0
7.06019,16.8335,32.6839,-3.13395,4.39658,0.180991,0.795743,NONE,999.9,0,0
7.06389,16.8335,32.6839,-3.13395,4.39658,0.180991,0.795743,NONE,999.9,0,0
7.06879,16.7895,32.6836,-3.13252,4.39662,0.0921429,0.405117,NONE,999.9,0,0
7.0719,16.7895,32.6836,-3.13252,4.39662,0.0921429,0.405117,NONE,999.9,0,0
7.07661,16.7895,32.6836,-3.13252,4.39662,0.0921429,0.405117,NONE,999.9,0,0
7.08035,16.7456,32.6834,-3.13202,4.39666,0.0266011,0.116956,NONE,999.9,0,0
7.08448,16.7456,32.6834,-3.13202,4.39666,0.0266011,0.116956,NONE,999.9,0,0
7.08886,16.7016,32.6831,-3.13196,4.3967,-0.0280725,-0.123426,NONE,999.9,0,0
7.09189,16.7016,32.6831,-3.13196,4.3967,-0.0280725,-0.123426,NONE,999.9,0,0
7.09595,16.7016,32.6831,-3.13196,4.3967,-0.0280725,-0.123426,NONE,999.9,0,0
7.09997,16.6576,32.6829,-3.13252,4.39674,-0.0666253,-0.292934,NONE,999.9,0,0
7.10398,16.6576,32.6829,-3.13252,4.39674,-0.0666253,-0.292934,NONE,999.9,0,0
7.10922,16.6137,32.6827,-3.13328,4.39678,-0.100036,-0.439834,NONE,999.9,0,0
7.11238,16.6137,32.6827,-3.13328,4.39678,-0.100036,-0.439834,NONE,999.9,0,0
7.11625,16.6137,32.6827,-3.13328,4.39678,-0.100036,-0.439834,NONE,999.9,0,0
7.12007,16.5697,32.6826,-3.13448,4.39681,-0.12188,-0.535883,NONE,999.9,0,0
7.12405,16.5697,32.6826,-3.13448,4.39681,-0.12188,-0.535883,NONE,999.9,0,0
7.12897,16.5257,32.6824,-3.13572,4.39684,-0.142199,-0.625226,NONE,999.9,0,0
7.13207,16.5257,32.6824,-3.13572,4.39684,-0.142199,-0.625226,NONE,999.9,0,0
7.13673,16.5257,32.6824,-3.13572,4.39684,-0.142199,-0.625226,NONE,999.9,0,0
7.14057,16.4818,32.6823,-3.13729,4.39688,-0.153819,-0.676324,NONE,999.9,0,0
7.14498,16.4818,32.6823,-3.13729,4.39688,-0.153819,-0.676324,NONE,999.9,0,0
7.15014,16.4378,32.6822,-3.1388,4.39691,-0.166183,-0.730689,NONE,999.9,0,0
7.15245,16.4378,32.6822,-3.1388,4.39691,-0.166183,-0.730689,NONE,999.9,0,0
7.15633,16.4378,32.6822,-3.1388,4.39691,-0.166183,-0.730689,NONE,999.9,0,0
7.16023,16.3938,32.6822,-3.14058,4.39694,-0.171638,-0.754682,NONE,999.9,0,0
7.16408,16.3938,32.6822,-3.14058,4.39694,-0.171638,-0.754682,NONE,999.9,0,0
7.16934,16.3499,32.6821,3.14093,4.39696,-0.179247,-0.788144,NONE,999.9,0,0
7.17208,16.3499,32.6821,3.14093,4.39696,-0.179247,-0.788144,NONE,999.9,0,0
7.17676,16.3499,32.6821,3.14093,4.39696,-0.179247,-0.788144,NONE,999.9,0,0
7.18053,16.3059,32.6822,3.13905,4.39699,-0.181056,-0.796103,NONE,999.9,0,0
7.18414,16.3059,32.6822,3.13905,4.39699,-0.181056,-0.796103,NONE,999.9,0,0
7.19008,16.2619,32.6822,3.13761,4.39701,-0.0921986,-0.405398,NONE,999.9,0,0
7.19266,16.2619,32.6822,3.13761,4.39701,-0.0921986,-0.405398,NONE,999.9,0,0
7.19633,16.2619,32.6822,3.13761,4.39701,-0.0921986,-0.405398,NONE,999.9,0,0
7.20049,16.218,32.6823,3.13712,4.39704,-0.026648,-0.117172,NONE,999.9,0,0
7.20419,16.218,32.6823,3.13712,4.39704,-0.026648,-0.117172,NONE,999.9,0,0
7.2109,16.174,32.6823,3.13705,4.39706,0.0280341,0.123268,NONE,999.9,0,0
7.21453,16.174,32.6823,3.13705,4.39706,0.0280341,0.123268,NONE,999.9,0,0
7.21768,16.174,32.6823,3.13705,4.39706,0.0280341,0.123268,NONE,999.9,0,0
7.22122,16.13,32.6822,3.13762,4.39708,0.0665949,0.292823,NONE,999.9,0,0
7.22411,16.13,32.6822,3.13762,4.39708,0.0665949,0.292823,NONE,999.9,0,0
7.22969,16.086,32.6822,3.13837,4.3971,0.100013,0.439765,NONE,999.9,0,0
7.2329,16.086,32.6822,3.13837,4.3971,0.100013,0.439765,NONE,999.9,0,0
7.23627,16.086,32.6822,3.13837,4.3971,0.100013,0.439765,NONE,999.9,0,0
7.24078,16.0421,32.6822,3.13957,4.39712,0.121863,0.535848,NONE,999.9,0,0
7.2447,16.0421,32.6822,3.13957,4.39712,0.121863,0.535848,NONE,999.9,0,0
7.25154,15.9981,32.6821,3.14081,4.39714,0.142188,0.625221,NONE,999.9,0,0
7.25344,15.9981,32.6821,3.14081,4.39714,0.142188,0.625221,NONE,999.9,0,0
7.25636,15.9981,32.6821,3.14081,4.39714,0.142188,0.625221,NONE,999.9,0,0
7.26012,15.9541,32.682,-3.1408,4.39718,0.15381,0.67633,NONE,999.9,0,0
7.26427,15.9541,32.682,-3.1408,4.39718,0.15381,0.67633,NONE,999.9,0,0
7.26918,15.9102,32.6819,-3.13929,4.39723,0.166174,0.730705,NONE,999.9,0,0
7.27256,15.9102,32.6819,-3.13929,4.39723,0.166174,0.730705,NONE,999.9,0,0
7.27675,15.9102,32.6819,-3.13929,4.39723,0.166174,0.730705,NONE,999.9,0,0
7.28061,15.8662,32.6817,-3.13751,4.39727,0.171631,0.754707,NONE,999.9,0,0
7.28473,15.8662,32.6817,-3.13751,4.39727,0.171631,0.754707,NONE,999.9,0,0
7.28946,15.8222,32.6815,-3.13584,4.39731,0.179241,0.788177,NONE,999.9,0,0
7.29201,15.8222,32.6815,-3.13584,4.39731,0.179241,0.788177,NONE,999.9,0,0
7.29601,15.8222,32.6815,-3.13584,4.39731,0.179241,0.788177,NONE,999.9,0,0
7.30039,15.7782,32.6812,-3.13395,4.39734,0.181051,0.796143,NONE,999.9,0,0
7.30454,15.7782,32.6812,-3.13395,4.39734,0.181051,0.796143,NONE,999.9,0,0
7.31201,15.7343,32.6809,-3.13252,4.39736,0.0921953,0.405416,NONE,999.9,0,0
7.3147,15.7343,32.6809,-3.13252,4.39736,0.0921953,0.405416,NONE,999.9,0,0
7.317,15.7343,32.6809,-3.13252,4.39736,0.0921953,0.405416,NONE,999.9,0,0
7.32021,15.6903,32.6807,-3.13202,4.39738,0.0266451,0.117169,NONE,999.9,0,0
7.32413,15.6903,32.6807,-3.13202,4.39738,0.0266451,0.117169,NONE,999.9,0,0
7.32973,15.6463,32.6805,-3.13196,4.3974,-0.0280374,-0.123292,NONE,999.9,0,0
7.33223,15.6463,32.6805,-3.13196,4.3974,-0.0280374,-0.123292,NONE,999.9,0,0
7.33633,15.6463,32.6805,-3.13196,4.3974,-0.0280374,-0.123292,NONE,999.9,0,0
7.34051,15.6023,32.6803,-3.13252,4.39741,-0.0665994,-0.292865,NONE,999.9,0,0
7.34548,15.6023,32.6803,-3.13252,4.39741,-0.0665994,-0.292865,NONE,999.9,0,0
7.3503,15.5584,32.6801,-3.13328,4.39743,-0.100018,-0.439824,NONE,999.9,0,0
7.35305,15.5584,32.6801,-3.13328,4.39743,-0.100018,-0.439824,NONE,999.9,0,0
7.3566,15.5584,32.6801,-3.13328,4.39743,-0.100018,-0.439824,NONE,999.9,0,0
7.36036,15.5144,32.6799,-3.13448,4.39744,-0.121871,-0.53592,NONE,999.9,0,0
7.36451,15.5144,32.6799,-3.13448,4.39744,-0.121871,-0.53592,NONE,999.9,0,0
7.37021,15.4704,32.6797,-3.13572,4.39746,-0.142197,-0.625305,NONE,999.9,0,0
7.37295,15.4704,32.6797,-3.13572,4.39746,-0.142197,-0.625305,NONE,999.9,0,0
7.37644,15.4704,32.6797,-3.13572,4.39746,-0.142197,-0.625305,NONE,999.9,0,0
7.38053,15.4264,32.6796,-3.13729,4.39747,-0.153824,-0.676436,NONE,999.9,0,0
7.38453,15.4264,32.6796,-3.13729,4.39747,-0.153824,-0.676436,NONE,999.9,0,0
7.38947,15.3825,32.6795,-3.1388,4.39748,-0.166193,-0.73083,NONE,999.9,0,0
7.39281,15.3825,32.6795,-3.1388,4.39748,-0.166193,-0.73083,NONE,999.9,0,0
7.39646,15.3825,32.6795,-3.1388,4.39748,-0.166193,-0.73083,NONE,999.9,0,0
7.40132,15.3385,32.6795,-3.14058,4.39749,-0.171653,-0.754845,NONE,999.9,0,0
7.40427,15.3385,32.6795,-3.14058,4.39749,-0.171653,-0.754845,NONE,999.9,0,0
7.40955,15.2945,32.6795,3.14093,4.3975,-0.179267,-0.788325,NONE,999.9,0,0
7.41249,15.2945,32.6795,3.14093,4.3975,-0.179267,-0.788325,NONE,999.9,0,0
7.41616,15.2945,32.6795,3.14093,4.3975,-0.179267,-0.788325,NONE,999.9,0,0
7.42052,15.2505,32.6795,3.13905,4.39754,-0.181074,-0.796279,NONE,999.9,0,0
7.42419,15.2505,32.6795,3.13905,4.39754,-0.181074,-0.796279,NONE,999.9,0,0
7.42931,15.2066,32.6796,3.13745,4.39757,-0.139059,-0.61152,NONE,999.9,0,0
7.43247,15.2066,32.6796,3.13745,4.39757,-0.139059,-0.61152,NONE,999.9,0,0
7.43616,15.2066,32.6796,3.13745,4.39757,-0.139059,-0.61152,NONE,999.9,0,0
7.44038,15.1626,32.6796,3.13639,4.3976,-0.0592914,-0.26074,NONE,999.9,0,0
7.4444,15.1626,32.6796,3.13639,4.3976,-0.0592914,-0.26074,NONE,999.9,0,0
7.44954,15.1186,32.6797,3.13619,4.39762,-0.00094496,-0.00415558,NONE,999.9,0,0
7.45194,15.1186,32.6797,3.13619,4.39762,-0.00094496,-0.00415558,NONE,999.9,0,0
7.45606,15.1186,32.6797,3.13619,4.39762,-0.00094496,-0.00415558,NONE,999.9,0,0
7.46037,15.0746,32.6797,3.13635,4.39765,0.0480382,0.211255,NONE,999.9,0,0
7.46443,15.0746,32.6797,3.13635,4.39765,0.0480382,0.211255,NONE,999.9,0,0
7.46955,15.0307,32.6797,3.13709,4.39767,0.0821014,0.361055,NONE,999.9,0,0
7.4723,15.0307,32.6797,3.13709,4.39767,0.0821014,0.361055,NONE,999.9,0,0
7.4763,15.0307,32.6797,3.13709,4.39767,0.0821014,0.361055,NONE,999.9,0,0
7.48042,14.9867,32.6797,3.13799,4.3977,0.111977,0.492441,NONE,999.9,0,0
7.4843,14.9867,32.6797,3.13799,4.3977,0.111977,0.492441,NONE,999.9,0,0
7.48888,14.9427,32.6797,3.13929,4.39772,0.131047,0.576307,NONE,999.9,0,0
7.49191,14.9427,32.6797,3.13929,4.39772,0.131047,0.576307,NONE,999.9,0,0
7.49633,14.9427,32.6797,3.13929,4.39772,0.131047,0.576307,NONE,999.9,0,0
7.50005,14.8987,32.6796,3.14061,4.39774,0.149193,0.656113,NONE,999.9,0,0
7.50414,14.8987,32.6796,3.14061,4.39774,0.149193,0.656113,NONE,999.9,0,0
7.50903,14.8548,32.6795,-3.14095,4.39776,0.159119,0.699768,NONE,999.9,0,0
7.51218,14.8548,32.6795,-3.14095,4.39776,0.159119,0.699768,NONE,999.9,0,0
7.51586,14.8548,32.6795,-3.14095,4.39776,0.159119,0.699768,NONE,999.9,0,0
7.51996,14.8108,32.6794,-3.13938,4.39778,0.170165,0.748348,NONE,999.9,0,0
7.5238,14.8108,32.6794,-3.13938,4.39778,0.170165,0.748348,NONE,999.9,0,0
7.52936,14.7668,32.6792,-3.13757,4.3978,0.174601,0.76786,NONE,999.9,0,0
7.53252,14.7668,32.6792,-3.13757,4.3978,0.174601,0.76786,NONE,999.9,0,0
7.53616,14.7668,32.6792,-3.13757,4.3978,0.174601,0.76786,NONE,999.9,0,0
7.54001,14.7228,32.679,-3.13587,4.39782,0.181424,0.797871,NONE,999.9,0,0
7.54454,14.7228,32.679,-3.13587,4.39782,0.181424,0.797871,NONE,999.9,0,0
7.54884,14.6788,32.6788,-3.13397,4.39784,0.182631,0.803183,NONE,999.9,0,0
7.55189,14.6788,32.6788,-3.13397,4.39784,0.182631,0.803183,NONE,999.9,0,0
7.55605,14.6788,32.6788,-3.13397,4.39784,0.182631,0.803183,NONE,999.9,0,0
7.56073,14.6349,32.6785,-3.13252,4.39785,0.0933102,0.410365,NONE,999.9,0,0
7.56435,14.6349,32.6785,-3.13252,4.39785,0.0933102,0.410365,NONE,999.9,0,0
7.56921,14.5909,32.6783,-3.13202,4.39787,0.027406,0.120528,NONE,999.9,0,0
7.57194,14.5909,32.6783,-3.13202,4.39787,0.027406,0.120528,NONE,999.9,0,0
7.57657,14.5909,32.6783,-3.13202,4.39787,0.027406,0.120528,NONE,999.9,0,0
7.58035,14.5469,32.6781,-3.13194,4.39788,-0.027543,-0.121131,NONE,999.9,0,0
7.58397,14.5469,32.6781,-3.13194,4.39788,-0.027543,-0.121131,NONE,999.9,0,0
7.58845,14.5029,32.6779,-3.13251,4.3979,-0.0663038,-0.291597,NONE,999.9,0,0
7.59231,14.5029,32.6779,-3.13251,4.3979,-0.0663038,-0.291597,NONE,999.9,0,0
7.59621,14.5029,32.6779,-3.13251,4.3979,-0.0663038,-0.291597,NONE,999.9,0,0
7.60008,14.459,32.6777,-3.13326,4.39791,-0.0998686,-0.439213,NONE,999.9,0,0
7.60406,14.459,32.6777,-3.13326,4.39791,-0.0998686,-0.439213,NONE,999.9,0,0
7.60903,14.415,32.6775,-3.13446,4.39792,-0.121827,-0.535785,NONE,999.9,0,0
7.61227,14.415,32.6775,-3.13446,4.39792,-0.121827,-0.535785,NONE,999.9,0,0
7.61584,14.415,32.6775,-3.13446,4.39792,-0.121827,-0.535785,NONE,999.9,0,0
7.62014,14.371,32.6774,-3.1357,4.39796,-0.142225,-0.625497,NONE,999.9,0,0
7.624,14.371,32.6774,-3.1357,4.39796,-0.142225,-0.625497,NONE,999.9,0,0
7.62937,14.327,32.6773,-3.13727,4.39797,-0.153903,-0.67686,NONE,999.9,0,0
7.63229,14.327,32.6773,-3.13727,4.39797,-0.153903,-0.67686,NONE,999.9,0,0
7.63599,14.327,32.6773,-3.13727,4.39797,-0.153903,-0.67686,NONE,999.9,0,0
7.64016,14.283,32.6772,-3.13879,4.39799,-0.166305,-0.731406,NONE,999.9,0,0
7.64435,14.283,32.6772,-3.13879,4.39799,-0.166305,-0.731406,NONE,999.9,0,0
7.64866,14.2391,32.6771,-3.14056,4.39801,-0.171785,-0.755513,NONE,999.9,0,0
7.6521,14.2391,32.6771,-3.14056,4.39801,-0.171785,-0.755513,NONE,999.9,0,0
7.65624,14.2391,32.6771,-3.14056,4.39801,-0.171785,-0.755513,NONE,999.9,0,0
7.66064,14.1951,32.6771,3.14095,4.39802,-0.179409,-0.789043,NONE,999.9,0,0
7.66417,14.1951,32.6771,3.14095,4.39802,-0.179409,-0.789043,NONE,999.9,0,0
7.66951,14.1511,32.6772,3.13906,4.39804,-0.181224,-0.797032,NONE,999.9,0,0
7.67231,14.1511,32.6772,3.13906,4.39804,-0.181224,-0.797032,NONE,999.9,0,0
7.67636,14.1511,32.6772,3.13906,4.39804,-0.181224,-0.797032,NONE,999.9,0,0
7.68027,14.1071,32.6772,3.13747,4.39805,-0.139208,-0.612245,NONE,999.9,0,0
7.68388,14.1071,32.6772,3.13747,4.39805,-0.139208,-0.612245,NONE,999.9,0,0
7.68994,14.0631,32.6773,3.1364,4.39806,-0.0594318,-0.261385,NONE,999.9,0,0
7.69284,14.0631,32.6773,3.1364,4.39806,-0.0594318,-0.261385,NONE,999.9,0,0
7.69605,14.0631,32.6773,3.1364,4.39806,-0.0594318,-0.261385,NONE,999.9,0,0
7.70006,14.0192,32.6773,3.1362,4.39808,-0.0010737,-0.00472223,NONE,999.9,0,0
7.70409,14.0192,32.6773,3.1362,4.39808,-0.0010737,-0.00472223,NONE,999.9,0,0
7.70925,13.9752,32.6774,3.13636,4.39809,0.0479224,0.210767,NONE,999.9,0,0
7.71225,13.9752,32.6774,3.13636,4.39809,0.0479224,0.210767,NONE,999.9,0,0
7.71596,13.9752,32.6774,3.13636,4.39809,0.0479224,0.210767,NONE,999.9,0,0
7.72025,13.9312,32.6774,3.1371,4.3981,0.0819991,0.36064,NONE,999.9,0,0
7.72423,13.9312,32.6774,3.1371,4.3981,0.0819991,0.36064,NONE,999.9,0,0
7.72886,13.8872,32.6774,3.13799,4.39811,0.111888,0.492096,NONE,999.9,0,0
7.73186,13.8872,32.6774,3.13799,4.39811,0.111888,0.492096,NONE,999.9,0,0
7.73614,13.8872,32.6774,3.13799,4.39811,0.111888,0.492096,NONE,999.9,0,0
7.73996,13.8432,32.6773,3.1393,4.39812,0.130971,0.576024,NONE,999.9,0,0
7.74444,13.8432,32.6773,3.1393,4.39812,0.130971,0.576024,NONE,999.9,0,0
7.74899,13.7993,32.6773,3.14062,4.39813,0.149129,0.655889,NONE,999.9,0,0
7.75245,13.7993,32.6773,3.14062,4.39813,0.149129,0.655889,NONE,999.9,0,0
7.7562,13.7993,32.6773,3.14062,4.39813,0.149129,0.655889,NONE,999.9,0,0
7.76023,13.7553,32.6772,-3.14094,4.39814,0.159066,0.699594,NONE,999.9,0,0
7.76392,13.7553,32.6772,-3.14094,4.39814,0.159066,0.699594,NONE,999.9,0,0
7.76915,13.7113,32.6771,-3.13938,4.39815,0.170121,0.74822,NONE,999.9,0,0
7.77187,13.7113,32.6771,-3.13938,4.39815,0.170121,0.74822,NONE,999.9,0,0
7.777,13.7113,32.6771,-3.13938,4.39815,0.170121,0.74822,NONE,999.9,0,0
7.78019,13.6673,32.6769,-3.13757,4.39817,0.174563,0.76776,NONE,999.9,0,0
7.78456,13.6673,32.6769,-3.13757,4.39817,0.174563,0.76776,NONE,999.9,0,0
7.78973,13.6233,32.6767,-3.13603,4.3982,0.134546,0.591762,NONE,999.9,0,0
7.79225,13.6233,32.6767,-3.13603,4.3982,0.134546,0.591762,NONE,999.9,0,0
7.79602,13.6233,32.6767,-3.13603,4.3982,0.134546,0.591762,NONE,999.9,0,0
7.8,13.5793,32.6766,-3.13501,4.39822,0.0562806,0.247534,NONE,999.9,0,0
7.80418,13.5793,32.6766,-3.13501,4.39822,0.0562806,0.247534,NONE,999.9,0,0
7.80961,13.5354,32.6764,-3.13483,4.39824,-0.00094904,-0.00417411,NONE,999.9,0,0
7.81204,13.5354,32.6764,-3.13483,4.39824,-0.00094904,-0.00417411,NONE,999.9,0,0
7.81625,13.5354,32.6764,-3.13483,4.39824,-0.00094904,-0.00417411,NONE,999.9,0,0
7.8202,13.4914,32.6763,-3.135,4.39826,-0.0491113,-0.216004,NONE,999.9,0,0
7.8244,13.4914,32.6763,-3.135,4.39826,-0.0491113,-0.216004,NONE,999.9,0,0
7.82864,13.4474,32.6762,-3.13575,4.39828,-0.0825814,-0.363216,NONE,999.9,0,0
7.83193,13.4474,32.6762,-3.13575,4.39828,-0.0825814,-0.363216,NONE,999.9,0,0
7.83585,13.4474,32.6762,-3.13575,4.39828,-0.0825814,-0.363216,NONE,999.9,0,0
7.84045,13.4034,32.6761,-3.13665,4.3983,-0.112037,-0.492772,NONE,999.9,0,0
7.84425,13.4034,32.6761,-3.13665,4.3983,-0.112037,-0.492772,NONE,999.9,0,0
7.84905,13.3594,32.6761,-3.13795,4.39832,-0.130818,-0.575379,NONE,999.9,0,0
7.85201,13.3594,32.6761,-3.13795,4.39832,-0.130818,-0.575379,NONE,999.9,0,0
7.85609,13.3594,32.6761,-3.13795,4.39832,-0.130818,-0.575379,NONE,999.9,0,0
7.86001,13.3155,32.676,-3.13927,4.39833,-0.148774,-0.654357,NONE,999.9,0,0
7.86397,13.3155,32.676,-3.13927,4.39833,-0.148774,-0.654357,NONE,999.9,0,0
7.86907,13.2715,32.676,-3.14089,4.39835,-0.158583,-0.697502,NONE,999.9,0,0
7.87203,13.2715,32.676,-3.14089,4.39835,-0.158583,-0.697502,NONE,999.9,0,0
7.87683,13.2715,32.676,-3.14089,4.39835,-0.158583,-0.697502,NONE,999.9,0,0
7.88037,13.2275,32.6761,3.14073,4.39836,-0.169565,-0.745806,NONE,999.9,0,0
7.88412,13.2275,32.6761,3.14073,4.39836,-0.169565,-0.745806,NONE,999.9,0,0
7.88895,13.1835,32.6762,3.13893,4.39838,-0.173976,-0.765211,NONE,999.9,0,0
7.89192,13.1835,32.6762,3.13893,4.39838,-0.173976,-0.765211,NONE,999.9,0,0
7.89596,13.1835,32.6762,3.13893,4.39838,-0.173976,-0.765211,NONE,999.9,0,0
7.90001,13.1395,32.6763,3.13756,4.39839,-0.0871061,-0.383127,NONE,999.9,0,0
7.90385,13.1395,32.6763,3.13756,4.39839,-0.0871061,-0.383127,NONE,999.9,0,0
7.9093,13.0955,32.6763,3.1371,4.3984,-0.0230648,-0.101448,NONE,999.9,0,0
7.91236,13.0955,32.6763,3.1371,4.3984,-0.0230648,-0.101448,NONE,999.9,0,0
7.91629,13.0955,32.6763,3.1371,4.3984,-0.0230648,-0.101448,NONE,999.9,0,0
7.92009,13.0515,32.6763,3.13707,4.39842,0.030479,0.134059,NONE,999.9,0,0
7.92463,13.0515,32.6763,3.13707,4.39842,0.030479,0.134059,NONE,999.9,0,0
7.92895,13.0076,32.6764,3.13765,4.39843,0.0681905,0.299931,NONE,999.9,0,0
7.93182,13.0076,32.6764,3.13765,4.39843,0.0681905,0.299931,NONE,999.9,0,0
7.93599,13.0076,32.6764,3.13765,4.39843,0.0681905,0.299931,NONE,999.9,0,0
7.94021,12.9636,32.6764,3.13842,4.39845,0.10098,0.444157,NONE,999.9,0,0
7.94519,12.9636,32.6764,3.13842,4.39845,0.10098,0.444157,NONE,999.9,0,0
7.94921,12.9196,32.6763,3.13963,4.39846,0.122375,0.538264,NONE,999.9,0,0
7.95233,12.9196,32.6763,3.13963,4.39846,0.122375,0.538264,NONE,999.9,0,0
7.95625,12.9196,32.6763,3.13963,4.39846,0.122375,0.538264,NONE,999.9,0,0
7.96028,12.8756,32.6763,3.14087,4.39847,0.142374,0.626228,NONE,999.9,0,0
7.96401,12.8756,32.6763,3.14087,4.39847,0.142374,0.626228,NONE,999.9,0,0
7.9693,12.8316,32.6762,-3.14074,4.39849,0.153773,0.676368,NONE,999.9,0,0
7.9721,12.8316,32.6762,-3.14074,4.39849,0.153773,0.676368,NONE,999.9,0,0
7.97722,12.8316,32.6762,-3.14074,4.39849,0.153773,0.676368,NONE,999.9,0,0
7.98467,12.7876,32.6761,-3.13923,4.3985,0.165988,0.730097,NONE,999.9,0,0
7.98945,12.7437,32.6759,-3.13745,4.39851,0.171351,0.753688,NONE,999.9,0,0
7.99204,12.7437,32.6759,-3.13745,4.39851,0.171351,0.753688,NONE,999.9,0,0
7.99605,12.7437,32.6759,-3.13745,4.39851,0.171351,0.753688,NONE,999.9,0,0
8.00041,12.6997,32.6757,-3.13579,4.39852,0.178906,0.786922,NONE,999.9,0,0
8.00396,12.6997,32.6757,-3.13579,4.39852,0.178906,0.786922,NONE,999.9,0,0
8.00954,12.6557,32.6754,-3.1339,4.39853,0.180691,0.794777,NONE,999.9,0,0
8.01254,12.6557,32.6754,-3.1339,4.39853,0.180691,0.794777,NONE,999.9,0,0
8.01615,12.6557,32.6754,-3.1339,4.39853,0.180691,0.794777,NONE,999.9,0,0
8.02018,12.6117,32.6752,-3.13247,4.39854,0.0918207,0.403878,NONE,999.9,0,0
8.02419,12.6117,32.6752,-3.13247,4.39854,0.0918207,0.403878,NONE,999.9,0,0
8.02919,12.5677,32.6749,-3.13198,4.39855,0.026267,0.115537,NONE,999.9,0,0
8.03205,12.5677,32.6749,-3.13198,4.39855,0.026267,0.115537,NONE,999.9,0,0
8.0363,12.5677,32.6749,-3.13198,4.39855,0.026267,0.115537,NONE,999.9,0,0
8.04058,12.5237,32.6747,-3.13192,4.39856,-0.0284093,-0.12496,NONE,999.9,0,0
8.04498,12.5237,32.6747,-3.13192,4.39856,-0.0284093,-0.12496,NONE,999.9,0,0
8.04901,12.4797,32.6745,-3.13249,4.39857,-0.0669596,-0.294527,NONE,999.9,0,0
8.05194,12.4797,32.6745,-3.13249,4.39857,-0.0669596,-0.294527,NONE,999.9,0,0
8.05636,12.4797,32.6745,-3.13249,4.39857,-0.0669596,-0.294527,NONE,999.9,0,0
8.06056,12.4358,32.6743,-3.13325,4.39858,-0.100362,-0.441449,NONE,999.9,0,0
8.0644,12.4358,32.6743,-3.13325,4.39858,-0.100362,-0.441449,NONE,999.9,0,0
8.06922,12.3918,32.6742,-3.13445,4.39859,-0.122196,-0.537488,NONE,999.9,0,0
8.07271,12.3918,32.6742,-3.13445,4.39859,-0.122196,-0.537488,NONE,999.9,0,0
8.07821,12.3918,32.6742,-3.13445,4.39859,-0.122196,-0.537488,NONE,999.9,0,0
8.08424,12.3478,32.674,-3.13569,4.39859,-0.142501,-0.626803,NONE,999.9,0,0
8.08705,12.3478,32.674,-3.13569,4.39859,-0.142501,-0.626803,NONE,999.9,0,0
8.09355,12.3038,32.6739,-3.13727,4.39861,-0.154105,-0.677849,NONE,999.9,0,0
8.0962,12.3038,32.6739,-3.13727,4.39861,-0.154105,-0.677849,NONE,999.9,0,0
8.1003,12.2598,32.6738,-3.13879,4.39863,-0.166451,-0.732157,NONE,999.9,0,0
8.1043,12.2598,32.6738,-3.13879,4.39863,-0.166451,-0.732157,NONE,999.9,0,0
8.10992,12.2158,32.6738,-3.14056,4.39865,-0.17189,-0.756086,NONE,999.9,0,0
8.11313,12.2158,32.6738,-3.14056,4.39865,-0.17189,-0.756086,NONE,999.9,0,0
8.11655,12.2158,32.6738,-3.14056,4.39865,-0.17189,-0.756086,NONE,999.9,0,0
8.12086,12.1718,32.6738,3.14095,4.39867,-0.179482,-0.789483,NONE,999.9,0,0
8.12409,12.1718,32.6738,3.14095,4.39867,-0.179482,-0.789483,NONE,999.9,0,0
8.12946,12.1279,32.6738,3.13906,4.39868,-0.181276,-0.797374,NONE,999.9,0,0
8.13215,12.1279,32.6738,3.13906,4.39868,-0.181276,-0.797374,NONE,999.9,0,0
8.13865,12.1279,32.6738,3.13906,4.39868,-0.181276,-0.797374,NONE,999.9,0,0
8.14484,12.0839,32.6738,3.13762,4.3987,-0.0923952,-0.406418,NONE,999.9,0,0
8.14905,12.0399,32.6739,3.13713,4.39871,-0.0268169,-0.11796,NONE,999.9,0,0
8.15231,12.0399,32.6739,3.13713,4.39871,-0.0268169,-0.11796,NONE,999.9,0,0
8.15616,12.0399,32.6739,3.13713,4.39871,-0.0268169,-0.11796,NONE,999.9,0,0
8.16032,11.9959,32.6739,3.13706,4.39872,0.0278926,0.122692,NONE,999.9,0,0
8.16445,11.9959,32.6739,3.13706,4.39872,0.0278926,0.122692,NONE,999.9,0,0
8.16938,11.9519,32.6739,3.13762,4.39874,0.0664815,0.292435,NONE,999.9,0,0
8.17361,11.9519,32.6739,3.13762,4.39874,0.0664815,0.292435,NONE,999.9,0,0
8.17688,11.9519,32.6739,3.13762,4.39874,0.0664815,0.292435,NONE,999.9,0,0
8.18147,11.9079,32.6738,3.13838,4.39875,0.0999242,0.439542,NONE,999.9,0,0
8.18417,11.9079,32.6738,3.13838,4.39875,0.0999242,0.439542,NONE,999.9,0,0
8.18927,11.8639,32.6738,3.13958,4.39876,0.121799,0.535766,NONE,999.9,0,0
8.19227,11.8639,32.6738,3.13958,4.39876,0.121799,0.535766,NONE,999.9,0,0
8.19642,11.8639,32.6738,3.13958,4.39876,0.121799,0.535766,NONE,999.9,0,0
8.20144,11.8199,32.6737,3.14082,4.39877,0.142144,0.62526,NONE,999.9,0,0
8.2052,11.8199,32.6737,3.14082,4.39877,0.142144,0.62526,NONE,999.9,0,0
8.20971,11.776,32.6736,-3.1408,4.39878,0.153789,0.676483,NONE,999.9,0,0
8.21362,11.776,32.6736,-3.1408,4.39878,0.153789,0.676483,NONE,999.9,0,0
8.2163,11.776,32.6736,-3.1408,4.39878,0.153789,0.676483,NONE,999.9,0,0
8.2224,11.732,32.6735,-3.13928,4.39879,0.166172,0.730955,NONE,999.9,0,0
8.22457,11.732,32.6735,-3.13928,4.39879,0.166172,0.730955,NONE,999.9,0,0
8.22954,11.688,32.6733,-3.13751,4.3988,0.171645,0.755034,NONE,999.9,0,0
8.23297,11.688,32.6733,-3.13751,4.3988,0.171645,0.755034,NONE,999.9,0,0
8.23637,11.688,32.6733,-3.13751,4.3988,0.171645,0.755034,NONE,999.9,0,0
8.24003,11.644,32.6731,-3.13584,4.39881,0.179268,0.788567,NONE,999.9,0,0
8.24469,11.644,32.6731,-3.13584,4.39881,0.179268,0.788567,NONE,999.9,0,0
8.25009,11.6,32.6728,-3.13395,4.39882,0.18109,0.796581,NONE,999.9,0,0
8.25214,11.6,32.6728,-3.13395,4.39882,0.18109,0.796581,NONE,999.9,0,0
8.25627,11.6,32.6728,-3.13395,4.39882,0.18109,0.796581,NONE,999.9,0,0
8.26042,11.556,32.6725,-3.13252,4.39883,0.0922312,0.405709,NONE,999.9,0,0
8.26473,11.556,32.6725,-3.13252,4.39883,0.0922312,0.405709,NONE,999.9,0,0
8.26964,11.512,32.6723,-3.13202,4.39884,0.0266726,0.117328,NONE,999.9,0,0
8.27225,11.512,32.6723,-3.13202,4.39884,0.0266726,0.117328,NONE,999.9,0,0
8.27677,11.512,32.6723,-3.13202,4.39884,0.0266726,0.117328,NONE,999.9,0,0
8.28392,11.468,32.6721,-3.13195,4.39884,-0.0280195,-0.123254,NONE,999.9,0,0
8.28641,11.468,32.6721,-3.13195,4.39884,-0.0280195,-0.123254,NONE,999.9,0,0
8.2896,11.4241,32.6719,-3.13252,4.39886,-0.0665923,-0.29293,NONE,999.9,0,0
8.29202,11.4241,32.6719,-3.13252,4.39886,-0.0665923,-0.29293,NONE,999.9,0,0
8.29766,11.4241,32.6719,-3.13252,4.39886,-0.0665923,-0.29293,NONE,999.9,0,0
8.30391,11.3801,32.6717,-3.13328,4.39888,-0.100021,-0.439979,NONE,999.9,0,0
8.30627,11.3801,32.6717,-3.13328,4.39888,-0.100021,-0.439979,NONE,999.9,0,0
8.31026,11.3361,32.6715,-3.13448,4.3989,-0.121883,-0.536152,NONE,999.9,0,0
8.31397,11.3361,32.6715,-3.13448,4.3989,-0.121883,-0.536152,NONE,999.9,0,0
8.31795,11.3361,32.6715,-3.13448,4.3989,-0.121883,-0.536152,NONE,999.9,0,0
8.32194,11.2921,32.6713,-3.13572,4.3989,-0.142219,-0.625606,NONE,999.9,0,0
8.32425,11.2921,32.6713,-3.13572,4.3989,-0.142219,-0.625606,NONE,999.9,0,0
8.32964,11.2481,32.6712,-3.13728,4.39891,-0.153855,-0.676792,NONE,999.9,0,0
8.33382,11.2481,32.6712,-3.13728,4.39891,-0.153855,-0.676792,NONE,999.9,0,0
8.33782,11.2481,32.6712,-3.13728,4.39891,-0.153855,-0.676792,NONE,999.9,0,0
8.3411,11.2041,32.6711,-3.1388,4.39891,-0.16623,-0.731232,NONE,999.9,0,0
8.34454,11.2041,32.6711,-3.1388,4.39891,-0.16623,-0.731232,NONE,999.9,0,0
8.34979,11.1601,32.6711,-3.14058,4.39892,-0.171697,-0.755282,NONE,999.9,0,0
8.35281,11.1601,32.6711,-3.14058,4.39892,-0.171697,-0.755282,NONE,999.9,0,0
8.35666,11.1601,32.6711,-3.14058,4.39892,-0.171697,-0.755282,NONE,999.9,0,0
8.36055,11.1161,32.6711,3.14093,4.39892,-0.179314,-0.788789,NONE,999.9,0,0
8.36471,11.1161,32.6711,3.14093,4.39892,-0.179314,-0.788789,NONE,999.9,0,0
8.36947,11.0721,32.6711,3.13905,4.39893,-0.181131,-0.79678,NONE,999.9,0,0
8.37211,11.0721,32.6711,3.13905,4.39893,-0.181131,-0.79678,NONE,999.9,0,0
8.37711,11.0721,32.6711,3.13905,4.39893,-0.181131,-0.79678,NONE,999.9,0,0
8.38162,11.0282,32.6712,3.13729,4.39893,-0.185965,-0.818047,NONE,999.9,0,0
8.38426,11.0282,32.6712,3.13729,4.39893,-0.185965,-0.818047,NONE,999.9,0,0
8.38895,10.9842,32.6713,3.13535,4.39895,-0.185673,-0.816767,NONE,999.9,0,0
8.39284,10.9842,32.6713,3.13535,4.39895,-0.185673,-0.816767,NONE,999.9,0,0
8.39732,10.9842,32.6713,3.13535,4.39895,-0.185673,-0.816767,NONE,999.9,0,0
8.40139,10.9402,32.6715,3.13388,4.39896,-0.0952314,-0.418919,NONE,999.9,0,0
8.40401,10.9402,32.6715,3.13388,4.39896,-0.0952314,-0.418919,NONE,999.9,0,0
8.40978,10.8962,32.6716,3.13336,4.39897,-0.0284972,-0.125359,NONE,999.9,0,0
8.41303,10.8962,32.6716,3.13336,4.39897,-0.0284972,-0.125359,NONE,999.9,0,0
8.41615,10.8962,32.6716,3.13336,4.39897,-0.0284972,-0.125359,NONE,999.9,0,0
8.4203,10.8522,32.6718,3.13328,4.39899,0.0270555,0.119017,NONE,999.9,0,0
8.42458,10.8522,32.6718,3.13328,4.39899,0.0270555,0.119017,NONE,999.9,0,0
8.4295,10.8082,32.6719,3.13384,4.399,0.0662485,0.291427,NONE,999.9,0,0
8.43339,10.8082,32.6719,3.13384,4.399,0.0662485,0.291427,NONE,999.9,0,0
8.43627,10.8082,32.6719,3.13384,4.399,0.0662485,0.291427,NONE,999.9,0,0
8.44016,10.7642,32.672,3.13459,4.39901,0.100113,0.440398,NONE,999.9,0,0
8.4444,10.7642,32.672,3.13459,4.39901,0.100113,0.440398,NONE,999.9,0,0
8.44911,10.7202,32.672,3.1358,4.39902,0.122273,0.53788,NONE,999.9,0,0
8.45203,10.7202,32.672,3.1358,4.39902,0.122273,0.53788,NONE,999.9,0,0
8.4569,10.7202,32.672,3.1358,4.39902,0.122273,0.53788,NONE,999.9,0,0
8.46117,10.6762,32.6721,3.13704,4.39903,0.1428,0.628179,NONE,999.9,0,0
8.46435,10.6762,32.6721,3.13704,4.39903,0.1428,0.628179,NONE,999.9,0,0
8.46933,10.6323,32.6721,3.13862,4.39904,0.15455,0.679871,NONE,999.9,0,0
8.4733,10.6323,32.6721,3.13862,4.39904,0.15455,0.679871,NONE,999.9,0,0
8.47856,10.6323,32.6721,3.13862,4.39904,0.15455,0.679871,NONE,999.9,0,0
8.48209,10.5883,32.6722,3.14014,4.39905,0.166984,0.734569,NONE,999.9,0,0
8.48398,10.5883,32.6722,3.14014,4.39905,0.166984,0.734569,NONE,999.9,0,0
8.48947,10.5443,32.6721,-3.14126,4.39905,0.172468,0.758698,NONE,999.9,0,0
8.49256,10.5443,32.6721,-3.14126,4.39905,0.172468,0.758698,NONE,999.9,0,0
8.49769,10.5443,32.6721,-3.14126,4.39905,0.172468,0.758698,NONE,999.9,0,0
8.50137,10.5003,32.6721,-3.13958,4.39906,0.180075,0.792162,NONE,999.9,0,0
8.50409,10.5003,32.6721,-3.13958,4.39906,0.180075,0.792162,NONE,999.9,0,0
8.50913,10.4563,32.6719,-3.13768,4.39907,0.181862,0.800024,NONE,999.9,0,0
8.51249,10.4563,32.6719,-3.13768,4.39907,0.181862,0.800024,NONE,999.9,0,0
8.51607,10.4563,32.6719,-3.13768,4.39907,0.181862,0.800024,NONE,999.9,0,0
8.52123,10.4123,32.6718,-3.13593,4.39908,0.186655,0.821109,NONE,999.9,0,0
8.52419,10.4123,32.6718,-3.13593,4.39908,0.186655,0.821109,NONE,999.9,0,0
8.52958,10.3683,32.6716,-3.13397,4.39908,0.186317,0.819624,NONE,999.9,0,0
8.53233,10.3683,32.6716,-3.13397,4.39908,0.186317,0.819624,NONE,999.9,0,0
8.53816,10.3683,32.6716,-3.13397,4.39908,0.186317,0.819624,NONE,999.9,0,0
8.54096,10.3243,32.6714,-3.1325,4.39909,0.095822,0.42153,NONE,999.9,0,0
8.54451,10.3243,32.6714,-3.1325,4.39909,0.095822,0.42153,NONE,999.9,0,0
8.54934,10.2803,32.6712,-3.13197,4.3991,0.0290337,0.127722,NONE,999.9,0,0
8.55226,10.2803,32.6712,-3.13197,4.3991,0.0290337,0.127722,NONE,999.9,0,0
8.5569,10.2803,32.6712,-3.13197,4.3991,0.0290337,0.127722,NONE,999.9,0,0
8.56,10.2363,32.671,-3.13189,4.3991,-0.0265724,-0.116895,NONE,999.9,0,0
8.56423,10.2363,32.671,-3.13189,4.3991,-0.0265724,-0.116895,NONE,999.9,0,0
8.56958,10.1923,32.6708,-3.13244,4.39911,-0.0658165,-0.289534,NONE,999.9,0,0
8.57208,10.1923,32.6708,-3.13244,4.39911,-0.0658165,-0.289534,NONE,999.9,0,0
8.57675,10.1923,32.6708,-3.13244,4.39911,-0.0658165,-0.289534,NONE,999.9,0,0
8.58121,10.1484,32.6706,-3.13319,4.39911,-0.0997292,-0.43872,NONE,999.9,0,0
8.58425,10.1484,32.6706,-3.13319,4.39911,-0.0997292,-0.43872,NONE,999.9,0,0
8.58935,10.1044,32.6705,-3.13439,4.39913,-0.121933,-0.536398,NONE,999.9,0,0
8.59211,10.1044,32.6705,-3.13439,4.39913,-0.121933,-0.536398,NONE,999.9,0,0
8.59617,10.1044,32.6705,-3.13439,4.39913,-0.121933,-0.536398,NONE,999.9,0,0
8.60071,10.0604,32.6703,-3.13563,4.39914,-0.1425,-0.626876,NONE,999.9,0,0
8.60398,10.0604,32.6703,-3.13563,4.39914,-0.1425,-0.626876,NONE,999.9,0,0
8.60916,10.0164,32.6702,-3.13721,4.39915,-0.154287,-0.678731,NONE,999.9,0,0
8.61215,10.0164,32.6702,-3.13721,4.39915,-0.154287,-0.678731,NONE,999.9,0,0
8.61642,10.0164,32.6702,-3.13721,4.39915,-0.154287,-0.678731,NONE,999.9,0,0
8.62041,9.97239,32.6702,-3.13873,4.39916,-0.166753,-0.733574,NONE,999.9,0,0
8.624,9.97239,32.6702,-3.13873,4.39916,-0.166753,-0.733574,NONE,999.9,0,0
8.62877,9.9284,32.6701,-3.14051,4.39918,-0.172267,-0.757835,NONE,999.9,0,0
8.63207,9.9284,32.6701,-3.14051,4.39918,-0.172267,-0.757835,NONE,999.9,0,0
8.63584,9.9284,32.6701,-3.14051,4.39918,-0.172267,-0.757835,NONE,999.9,0,0
8.64011,9.88441,32.6701,3.141,4.39919,-0.1799,-0.791414,NONE,999.9,0,0
8.64425,9.88441,32.6701,3.141,4.39919,-0.1799,-0.791414,NONE,999.9,0,0
8.64966,9.84042,32.6702,3.1391,4.3992,-0.18171,-0.79938,NONE,999.9,0,0
8.65254,9.84042,32.6702,3.1391,4.3992,-0.18171,-0.79938,NONE,999.9,0,0
8.65618,9.84042,32.6702,3.1391,4.3992,-0.18171,-0.79938,NONE,999.9,0,0
8.66033,9.79642,32.6702,3.13766,4.39921,-0.0928261,-0.408361,NONE,999.9,0,0
8.66465,9.79642,32.6702,3.13766,4.39921,-0.0928261,-0.408361,NONE,999.9,0,0
8.66927,9.75243,32.6703,3.13716,4.39922,-0.0272307,-0.119794,NONE,999.9,0,0
8.67197,9.75243,32.6703,3.13716,4.39922,-0.0272307,-0.119794,NONE,999.9,0,0
8.67681,9.75243,32.6703,3.13716,4.39922,-0.0272307,-0.119794,NONE,999.9,0,0
8.68251,9.70844,32.6703,3.13709,4.39923,0.0275038,0.120995,NONE,999.9,0,0
8.68502,9.70844,32.6703,3.13709,4.39923,0.0275038,0.120995,NONE,999.9,0,0
8.68937,9.66445,32.6703,3.13765,4.39923,0.0661227,0.290889,NONE,999.9,0,0
8.69197,9.66445,32.6703,3.13765,4.39923,0.0661227,0.290889,NONE,999.9,0,0
8.69642,9.66445,32.6703,3.13765,4.39923,0.0661227,0.290889,NONE,999.9,0,0
8.70059,9.62045,32.6702,3.1384,4.39924,0.0995975,0.438153,NONE,999.9,0,0
8.7041,9.62045,32.6702,3.1384,4.39924,0.0995975,0.438153,NONE,999.9,0,0
8.70965,9.57646,32.6702,3.1396,4.39925,0.121506,0.534534,NONE,999.9,0,0
8.71318,9.57646,32.6702,3.1396,4.39925,0.121506,0.534534,NONE,999.9,0,0
8.7179,9.57646,32.6702,3.1396,4.39925,0.121506,0.534534,NONE,999.9,0,0
8.72255,9.53247,32.6701,3.14084,4.39925,0.141883,0.624179,NONE,999.9,0,0
8.72463,9.53247,32.6701,3.14084,4.39925,0.141883,0.624179,NONE,999.9,0,0
8.72972,9.48848,32.67,-3.14078,4.39925,0.153559,0.675543,NONE,999.9,0,0
8.73263,9.48848,32.67,-3.14078,4.39925,0.153559,0.675543,NONE,999.9,0,0
8.73631,9.48848,32.67,-3.14078,4.39925,0.153559,0.675543,NONE,999.9,0,0
8.74,9.44449,32.6699,-3.13927,4.39925,0.16597,0.730146,NONE,999.9,0,0
8.74465,9.44449,32.6699,-3.13927,4.39925,0.16597,0.730146,NONE,999.9,0,0
8.74954,9.40049,32.6697,-3.1375,4.39926,0.17147,0.754342,NONE,999.9,0,0
8.75236,9.40049,32.6697,-3.1375,4.39926,0.17147,0.754342,NONE,999.9,0,0
8.75604,9.40049,32.6697,-3.1375,4.39926,0.17147,0.754342,NONE,999.9,0,0
8.76007,9.3565,32.6695,-3.13598,4.39926,0.132267,0.581877,NONE,999.9,0,0
8.7642,9.3565,32.6695,-3.13598,4.39926,0.132267,0.581877,NONE,999.9,0,0
8.76938,9.31251,32.6693,-3.13498,4.39926,0.0546212,0.240293,NONE,999.9,0,0
8.7723,9.31251,32.6693,-3.13498,4.39926,0.0546212,0.240293,NONE,999.9,0,0
8.77667,9.31251,32.6693,-3.13498,4.39926,0.0546212,0.240293,NONE,999.9,0,0
8.78052,9.26852,32.6692,-3.13482,4.39926,-0.00213741,-0.00940302,NONE,999.9,0,0
8.78432,9.26852,32.6692,-3.13482,4.39926,-0.00213741,-0.00940302,NONE,999.9,0,0
8.78972,9.22452,32.669,-3.135,4.39927,-0.0499429,-0.219713,NONE,999.9,0,0
8.79209,9.22452,32.669,-3.135,4.39927,-0.0499429,-0.219713,NONE,999.9,0,0
8.79619,9.22452,32.669,-3.135,4.39927,-0.0499429,-0.219713,NONE,999.9,0,0
8.80049,9.18053,32.6689,-3.13576,4.39928,-0.0831467,-0.365786,NONE,999.9,0,0
8.80432,9.18053,32.6689,-3.13576,4.39928,-0.0831467,-0.365786,NONE,999.9,0,0
8.80995,9.13654,32.6688,-3.13666,4.39929,-0.112404,-0.494499,NONE,999.9,0,0
8.81244,9.13654,32.6688,-3.13666,4.39929,-0.112404,-0.494499,NONE,999.9,0,0
8.81652,9.13654,32.6688,-3.13666,4.39929,-0.112404,-0.494499,NONE,999.9,0,0
8.82186,9.09255,32.6688,-3.13796,4.3993,-0.131041,-0.57649,NONE,999.9,0,0
8.82418,9.09255,32.6688,-3.13796,4.3993,-0.131041,-0.57649,NONE,999.9,0,0
8.82934,9.04855,32.6687,-3.13928,4.3993,-0.148893,-0.655025,NONE,999.9,0,0
8.83212,9.04855,32.6687,-3.13928,4.3993,-0.148893,-0.655025,NONE,999.9,0,0
8.83628,9.04855,32.6687,-3.13928,4.3993,-0.148893,-0.655025,NONE,999.9,0,0
8.84061,9.00456,32.6688,-3.14091,4.39931,-0.158629,-0.697858,NONE,999.9,0,0
8.84551,9.00456,32.6688,-3.14091,4.39931,-0.158629,-0.697858,NONE,999.9,0,0
8.84949,8.96057,32.6688,3.14072,4.39932,-0.16956,-0.74595,NONE,999.9,0,0
8.85264,8.96057,32.6688,3.14072,4.39932,-0.16956,-0.74595,NONE,999.9,0,0
8.85614,8.96057,32.6688,3.14072,4.39932,-0.16956,-0.74595,NONE,999.9,0,0
8.86081,8.91657,32.6689,3.13891,4.39932,-0.173939,-0.765214,NONE,999.9,0,0
8.86423,8.91657,32.6689,3.13891,4.39932,-0.173939,-0.765214,NONE,999.9,0,0
8.86912,8.87258,32.669,3.13754,4.39933,-0.0870443,-0.382937,NONE,999.9,0,0
8.87222,8.87258,32.669,3.13754,4.39933,-0.0870443,-0.382937,NONE,999.9,0,0
8.8765,8.87258,32.669,3.13754,4.39933,-0.0870443,-0.382937,NONE,999.9,0,0
8.88123,8.82859,32.669,3.13709,4.39933,-0.0229842,-0.101115,NONE,999.9,0,0
8.88424,8.82859,32.669,3.13709,4.39933,-0.0229842,-0.101115,NONE,999.9,0,0
8.88915,8.78459,32.669,3.13705,4.39934,0.0305721,0.134497,NONE,999.9,0,0
8.89197,8.78459,32.669,3.13705,4.39934,0.0305721,0.134497,NONE,999.9,0,0
8.89626,8.78459,32.669,3.13705,4.39934,0.0305721,0.134497,NONE,999.9,0,0
8.90034,8.7406,32.669,3.13764,4.39934,0.0682925,0.300442,NONE,999.9,0,0
8.90437,8.7406,32.669,3.13764,4.39934,0.0682925,0.300442,NONE,999.9,0,0
8.90951,8.69661,32.669,3.13841,4.39935,0.101087,0.444717,NONE,999.9,0,0
8.91209,8.69661,32.669,3.13841,4.39935,0.101087,0.444717,NONE,999.9,0,0
8.91596,8.69661,32.669,3.13841,4.39935,0.101087,0.444717,NONE,999.9,0,0
8.91997,8.65261,32.669,3.13962,4.39935,0.122484,0.538852,NONE,999.9,0,0
8.9239,8.65261,32.669,3.13962,4.39935,0.122484,0.538852,NONE,999.9,0,0
8.92956,8.60862,32.669,3.14086,4.39936,0.142482,0.626831,NONE,999.9,0,0
8.93194,8.60862,32.669,3.14086,4.39936,0.142482,0.626831,NONE,999.9,0,0
8.93676,8.60862,32.669,3.14086,4.39936,0.142482,0.626831,NONE,999.9,0,0
8.94118,8.56463,32.6689,-3.14075,4.39936,0.15388,0.676975,NONE,999.9,0,0
8.94413,8.56463,32.6689,-3.14075,4.39936,0.15388,0.676975,NONE,999.9,0,0
8.94868,8.52063,32.6687,-3.13923,4.39937,0.166092,0.730699,NONE,999.9,0,0
8.95198,8.52063,32.6687,-3.13923,4.39937,0.166092,0.730699,NONE,999.9,0,0
8.95584,8.52063,32.6687,-3.13923,4.39937,0.166092,0.730699,NONE,999.9,0,0
8.95998,8.47664,32.6686,-3.13746,4.39937,0.171451,0.754278,NONE,999.9,0,0
8.96387,8.47664,32.6686,-3.13746,4.39937,0.171451,0.754278,NONE,999.9,0,0
8.96987,8.43265,32.6684,-3.13579,4.39937,0.179002,0.787497,NONE,999.9,0,0
8.97235,8.43265,32.6684,-3.13579,4.39937,0.179002,0.787497,NONE,999.9,0,0
8.9763,8.43265,32.6684,-3.13579,4.39937,0.179002,0.787497,NONE,999.9,0,0
8.98009,8.38865,32.6681,-3.13391,4.39938,0.180783,0.795333,NONE,999.9,0,0
8.98399,8.38865,32.6681,-3.13391,4.39938,0.180783,0.795333,NONE,999.9,0,0
8.989,8.34466,32.6679,-3.13248,4.39939,0.0919041,0.404322,NONE,999.9,0,0
8.9919,8.34466,32.6679,-3.13248,4.39939,0.0919041,0.404322,NONE,999.9,0,0
8.99642,8.34466,32.6679,-3.13248,4.39939,0.0919041,0.404322,NONE,999.9,0,0
9.00038,8.30067,32.6676,-3.13198,4.3994,0.0263388,0.115875,NONE,999.9,0,0
9.00494,8.30067,32.6676,-3.13198,4.3994,0.0263388,0.115875,NONE,999.9,0,0
9.01095,8.25667,32.6674,-3.13192,4.3994,-0.0283492,-0.12472,NONE,999.9,0,0
9.01319,8.25667,32.6674,-3.13192,4.3994,-0.0283492,-0.12472,NONE,999.9,0,0
9.01625,8.25667,32.6674,-3.13192,4.3994,-0.0283492,-0.12472,NONE,999.9,0,0
9.02022,8.21268,32.6672,-3.13249,4.39941,-0.0669119,-0.294373,NONE,999.9,0,0
9.02423,8.21268,32.6672,-3.13249,4.39941,-0.0669119,-0.294373,NONE,999.9,0,0
9.02962,8.16869,32.667,-3.13325,4.39942,-0.100325,-0.441372,NONE,999.9,0,0
9.03353,8.16869,32.667,-3.13325,4.39942,-0.100325,-0.441372,NONE,999.9,0,0
9.03641,8.16869,32.667,-3.13325,4.39942,-0.100325,-0.441372,NONE,999.9,0,0
9.04034,8.12469,32.6668,-3.13445,4.39943,-0.12217,-0.537477,NONE,999.9,0,0
9.04469,8.12469,32.6668,-3.13445,4.39943,-0.12217,-0.537477,NONE,999.9,0,0
9.0494,8.0807,32.6667,-3.13569,4.39943,-0.142484,-0.626849,NONE,999.9,0,0
9.05206,8.0807,32.6667,-3.13569,4.39943,-0.142484,-0.626849,NONE,999.9,0,0
9.05613,8.0807,32.6667,-3.13569,4.39943,-0.142484,-0.626849,NONE,999.9,0,0
9.06013,8.0367,32.6666,-3.13727,4.39944,-0.154099,-0.677949,NONE,999.9,0,0
9.06461,8.0367,32.6666,-3.13727,4.39944,-0.154099,-0.677949,NONE,999.9,0,0
9.06971,7.99271,32.6665,-3.13879,4.39944,-0.166453,-0.732303,NONE,999.9,0,0
9.07262,7.99271,32.6665,-3.13879,4.39944,-0.166453,-0.732303,NONE,999.9,0,0
9.07656,7.99271,32.6665,-3.13879,4.39944,-0.166453,-0.732303,NONE,999.9,0,0
9.08022,7.94871,32.6664,-3.14056,4.39945,-0.1719,-0.756267,NONE,999.9,0,0
9.08425,7.94871,32.6664,-3.14056,4.39945,-0.1719,-0.756267,NONE,999.9,0,0
9.08943,7.90472,32.6664,3.14095,4.39945,-0.179498,-0.789694,NONE,999.9,0,0
9.09208,7.90472,32.6664,3.14095,4.39945,-0.179498,-0.789694,NONE,999.9,0,0
9.09664,7.90472,32.6664,3.14095,4.39945,-0.179498,-0.789694,NONE,999.9,0,0
9.1005,7.86073,32.6665,3.13906,4.39946,-0.181297,-0.797608,NONE,999.9,0,0
9.10423,7.86073,32.6665,3.13906,4.39946,-0.181297,-0.797608,NONE,999.9,0,0
9.10941,7.81673,32.6666,3.1373,4.39946,-0.186114,-0.818803,NONE,999.9,0,0
9.11221,7.81673,32.6666,3.1373,4.39946,-0.186114,-0.818803,NONE,999.9,0,0
9.11635,7.81673,32.6666,3.1373,4.39946,-0.186114,-0.818803,NONE,999.9,0,0
9.12057,7.77274,32.6667,3.13536,4.39946,-0.18581,-0.817466,NONE,999.9,0,0
9.12404,7.77274,32.6667,3.13536,4.39946,-0.18581,-0.817466,NONE,999.9,0,0
9.1292,7.72874,32.6669,3.13389,4.39947,-0.0953517,-0.419497,NONE,999.9,0,0
9.13241,7.72874,32.6669,3.13389,4.39947,-0.0953517,-0.419497,NONE,999.9,0,0
9.13628,7.72874,32.6669,3.13389,4.39947,-0.0953517,-0.419497,NONE,999.9,0,0
9.1403,7.68475,32.667,3.13337,4.39947,-0.0286007,-0.125828,NONE,999.9,0,0
9.14456,7.68475,32.667,3.13337,4.39947,-0.0286007,-0.125828,NONE,999.9,0,0
9.14927,7.64075,32.6671,3.13329,4.39947,0.0269678,0.118644,NONE,999.9,0,0
9.15246,7.64075,32.6671,3.13329,4.39947,0.0269678,0.118644,NONE,999.9,0,0
9.1563,7.64075,32.6671,3.13329,4.39947,0.0269678,0.118644,NONE,999.9,0,0
9.16042,7.59676,32.6672,3.13384,4.39947,0.0661756,0.291138,NONE,999.9,0,0
9.16476,7.59676,32.6672,3.13384,4.39947,0.0661756,0.291138,NONE,999.9,0,0
9.16884,7.55276,32.6673,3.1346,4.39948,0.100053,0.440182,NONE,999.9,0,0
9.17198,7.55276,32.6673,3.1346,4.39948,0.100053,0.440182,NONE,999.9,0,0
9.1763,7.55276,32.6673,3.1346,4.39948,0.100053,0.440182,NONE,999.9,0,0
9.18036,7.50877,32.6674,3.1358,4.39949,0.122225,0.537726,NONE,999.9,0,0
9.18405,7.50877,32.6674,3.1358,4.39949,0.122225,0.537726,NONE,999.9,0,0
9.18876,7.46477,32.6675,3.13704,4.39949,0.142762,0.628079,NONE,999.9,0,0
9.19216,7.46477,32.6675,3.13704,4.39949,0.142762,0.628079,NONE,999.9,0,0
9.19638,7.46477,32.6675,3.13704,4.39949,0.142762,0.628079,NONE,999.9,0,0
9.20001,7.42078,32.6675,3.13862,4.3995,0.154521,0.679816,NONE,999.9,0,0
9.204,7.42078,32.6675,3.13862,4.3995,0.154521,0.679816,NONE,999.9,0,0
9.20924,7.37678,32.6675,3.14014,4.39951,0.166962,0.734552,NONE,999.9,0,0
9.21202,7.37678,32.6675,3.14014,4.39951,0.166962,0.734552,NONE,999.9,0,0
9.21615,7.37678,32.6675,3.14014,4.39951,0.166962,0.734552,NONE,999.9,0,0
9.22001,7.33279,32.6675,-3.14126,4.39951,0.172454,0.758714,NONE,999.9,0,0
9.22443,7.33279,32.6675,-3.14126,4.39951,0.172454,0.758714,NONE,999.9,0,0
9.22911,7.28879,32.6674,-3.13958,4.39952,0.180066,0.792205,NONE,999.9,0,0
9.23191,7.28879,32.6674,-3.13958,4.39952,0.180066,0.792205,NONE,999.9,0,0
9.23591,7.28879,32.6674,-3.13958,4.39952,0.180066,0.792205,NONE,999.9,0,0
9.2403,7.2448,32.6673,-3.13768,4.39952,0.181858,0.800089,NONE,999.9,0,0
9.24413,7.2448,32.6673,-3.13768,4.39952,0.181858,0.800089,NONE,999.9,0,0
9.24853,7.2008,32.6672,-3.13592,4.39953,0.186655,0.821192,NONE,999.9,0,0
9.25187,7.2008,32.6672,-3.13592,4.39953,0.186655,0.821192,NONE,999.9,0,0
9.25637,7.2008,32.6672,-3.13592,4.39953,0.186655,0.821192,NONE,999.9,0,0
9.26056,7.15681,32.6669,-3.13397,4.39953,0.18632,0.819722,NONE,999.9,0,0
9.26413,7.15681,32.6669,-3.13397,4.39953,0.18632,0.819722,NONE,999.9,0,0
9.26871,7.11281,32.6667,-3.1325,4.39954,0.0958261,0.42159,NONE,999.9,0,0
9.27195,7.11281,32.6667,-3.1325,4.39954,0.0958261,0.42159,NONE,999.9,0,0
9.27655,7.11281,32.6667,-3.1325,4.39954,0.0958261,0.42159,NONE,999.9,0,0
9.28044,7.06882,32.6665,-3.13197,4.39954,0.0290365,0.127747,NONE,999.9,0,0
9.28394,7.06882,32.6665,-3.13197,4.39954,0.0290365,0.127747,NONE,999.9,0,0
9.28943,7.02482,32.6663,-3.13189,4.39954,-0.0265715,-0.116902,NONE,999.9,0,0
9.29242,7.02482,32.6663,-3.13189,4.39954,-0.0265715,-0.116902,NONE,999.9,0,0
9.29639,7.02482,32.6663,-3.13189,4.39954,-0.0265715,-0.116902,NONE,999.9,0,0
9.30003,6.98083,32.6661,-3.13244,4.39955,-0.0658183,-0.289571,NONE,999.9,0,0
9.30393,6.98083,32.6661,-3.13244,4.39955,-0.0658183,-0.289571,NONE,999.9,0,0
9.3089,6.93683,32.666,-3.13319,4.39955,-0.0997334,-0.438782,NONE,999.9,0,0
9.31245,6.93683,32.666,-3.13319,4.39955,-0.0997334,-0.438782,NONE,999.9,0,0
9.31606,6.93683,32.666,-3.13319,4.39955,-0.0997334,-0.438782,NONE,999.9,0,0
9.3202,6.89284,32.6658,-3.13439,4.39956,-0.12194,-0.536483,NONE,999.9,0,0
9.32417,6.89284,32.6658,-3.13439,4.39956,-0.12194,-0.536483,NONE,999.9,0,0
9.329,6.84884,32.6657,-3.13563,4.39956,-0.14251,-0.626982,NONE,999.9,0,0
9.33218,6.84884,32.6657,-3.13563,4.39956,-0.14251,-0.626982,NONE,999.9,0,0
9.33596,6.84884,32.6657,-3.13563,4.39956,-0.14251,-0.626982,NONE,999.9,0,0
9.33996,6.80485,32.6656,-3.1372,4.39956,-0.1543,-0.678852,NONE,999.9,0,0
9.34414,6.80485,32.6656,-3.1372,4.39956,-0.1543,-0.678852,NONE,999.9,0,0
9.3487,6.76085,32.6655,-3.13873,4.39956,-0.166769,-0.733709,NONE,999.9,0,0
9.3521,6.76085,32.6655,-3.13873,4.39956,-0.166769,-0.733709,NONE,999.9,0,0
9.35636,6.76085,32.6655,-3.13873,4.39956,-0.166769,-0.733709,NONE,999.9,0,0
9.36037,6.71686,32.6655,-3.14051,4.39957,-0.172285,-0.757979,NONE,999.9,0,0
9.36408,6.71686,32.6655,-3.14051,4.39957,-0.172285,-0.757979,NONE,999.9,0,0
9.36898,6.67286,32.6655,3.141,4.39957,-0.179918,-0.791563,NONE,999.9,0,0
9.37193,6.67286,32.6655,3.141,4.39957,-0.179918,-0.791563,NONE,999.9,0,0
9.37636,6.67286,32.6655,3.141,4.39957,-0.179918,-0.791563,NONE,999.9,0,0
9.3802,6.62887,32.6655,3.1391,4.39958,-0.181729,-0.799531,NONE,999.9,0,0
9.38418,6.62887,32.6655,3.1391,4.39958,-0.181729,-0.799531,NONE,999.9,0,0
9.38941,6.58487,32.6656,3.13751,4.39959,-0.139692,-0.614589,NONE,999.9,0,0
9.39195,6.58487,32.6656,3.13751,4.39959,-0.139692,-0.614589,NONE,999.9,0,0
9.39626,6.58487,32.6656,3.13751,4.39959,-0.139692,-0.614589,NONE,999.9,0,0
9.40001,6.54087,32.6657,3.13644,4.39959,-0.0598833,-0.263462,NONE,999.9,0,0
9.40392,6.54087,32.6657,3.13644,4.39959,-0.0598833,-0.263462,NONE,999.9,0,0
9.40955,6.49688,32.6657,3.13623,4.39959,-0.00148407,-0.0065293,NONE,999.9,0,0
9.41204,6.49688,32.6657,3.13623,4.39959,-0.00148407,-0.0065293,NONE,999.9,0,0
9.41633,6.49688,32.6657,3.13623,4.39959,-0.00148407,-0.0065293,NONE,999.9,0,0
9.42054,6.45288,32.6658,3.13639,4.3996,0.0475552,0.209224,NONE,999.9,0,0
9.42421,6.45288,32.6658,3.13639,4.3996,0.0475552,0.209224,NONE,999.9,0,0
9.42894,6.40889,32.6658,3.13712,4.3996,0.0816769,0.359345,NONE,999.9,0,0
9.43181,6.40889,32.6658,3.13712,4.3996,0.0816769,0.359345,NONE,999.9,0,0
9.4359,6.40889,32.6658,3.13712,4.3996,0.0816769,0.359345,NONE,999.9,0,0
9.43996,6.36489,32.6658,3.13801,4.3996,0.111608,0.491031,NONE,999.9,0,0
9.44441,6.36489,32.6658,3.13801,4.3996,0.111608,0.491031,NONE,999.9,0,0
9.44937,6.32089,32.6657,3.13931,4.3996,0.130732,0.575168,NONE,999.9,0,0
9.45216,6.32089,32.6657,3.13931,4.3996,0.130732,0.575168,NONE,999.9,0,0
9.45595,6.32089,32.6657,3.13931,4.3996,0.130732,0.575168,NONE,999.9,0,0
9.46013,6.2769,32.6657,3.14063,4.3996,0.148927,0.655221,NONE,999.9,0,0
9.46418,6.2769,32.6657,3.14063,4.3996,0.148927,0.655221,NONE,999.9,0,0
9.46933,6.2329,32.6656,-3.14093,4.39961,0.158899,0.699091,NONE,999.9,0,0
9.472,6.2329,32.6656,-3.14093,4.39961,0.158899,0.699091,NONE,999.9,0,0
9.4763,6.2329,32.6656,-3.14093,4.39961,0.158899,0.699091,NONE,999.9,0,0
9.48062,6.18891,32.6655,-3.13937,4.39961,0.169984,0.747863,NONE,999.9,0,0
9.48418,6.18891,32.6655,-3.13937,4.39961,0.169984,0.747863,NONE,999.9,0,0
9.48872,6.14491,32.6653,-3.13756,4.39961,0.174457,0.767541,NONE,999.9,0,0
9.49198,6.14491,32.6653,-3.13756,4.39961,0.174457,0.767541,NONE,999.9,0,0
9.4959,6.14491,32.6653,-3.13756,4.39961,0.174457,0.767541,NONE,999.9,0,0
9.49996,6.10091,32.6652,-3.13602,4.39961,0.13446,0.591572,NONE,999.9,0,0
9.50392,6.10091,32.6652,-3.13602,4.39961,0.13446,0.591572,NONE,999.9,0,0
9.50962,6.05692,32.665,-3.135,4.39961,0.0562044,0.247278,NONE,999.9,0,0
9.51222,6.05692,32.665,-3.135,4.39961,0.0562044,0.247278,NONE,999.9,0,0
9.5162,6.05692,32.665,-3.135,4.39961,0.0562044,0.247278,NONE,999.9,0,0
9.52002,6.01292,32.6648,-3.13482,4.39962,-0.00102054,-0.00449,NONE,999.9,0,0
9.52381,6.01292,32.6648,-3.13482,4.39962,-0.00102054,-0.00449,NONE,999.9,0,0
9.52884,5.96893,32.6647,-3.135,4.39962,-0.0491799,-0.216373,NONE,999.9,0,0
9.53194,5.96893,32.6647,-3.135,4.39962,-0.0491799,-0.216373,NONE,999.9,0,0
9.53585,5.96893,32.6647,-3.135,4.39962,-0.0491799,-0.216373,NONE,999.9,0,0
9.54007,5.92493,32.6646,-3.13575,4.39962,-0.08265,-0.363629,NONE,999.9,0,0
9.54444,5.92493,32.6646,-3.13575,4.39962,-0.08265,-0.363629,NONE,999.9,0,0
9.54952,5.88093,32.6645,-3.13664,4.39963,-0.112105,-0.493222,NONE,999.9,0,0
9.5519,5.88093,32.6645,-3.13664,4.39963,-0.112105,-0.493222,NONE,999.9,0,0
9.55624,5.88093,32.6645,-3.13664,4.39963,-0.112105,-0.493222,NONE,999.9,0,0
9.56008,5.83694,32.6645,-3.13795,4.39963,-0.130888,-0.575859,NONE,999.9,0,0
9.56405,5.83694,32.6645,-3.13795,4.39963,-0.130888,-0.575859,NONE,999.9,0,0
9.56896,5.79294,32.6644,-3.13926,4.39964,-0.148844,-0.654861,NONE,999.9,0,0
9.57199,5.79294,32.6644,-3.13926,4.39964,-0.148844,-0.654861,NONE,999.9,0,0
9.57674,5.79294,32.6644,-3.13926,4.39964,-0.148844,-0.654861,NONE,999.9,0,0
9.58046,5.74895,32.6645,-3.14089,4.39964,-0.158654,-0.698023,NONE,999.9,0,0
9.58404,5.74895,32.6645,-3.14089,4.39964,-0.158654,-0.698023,NONE,999.9,0,0
9.58863,5.70495,32.6645,3.14074,4.39964,-0.169636,-0.746339,NONE,999.9,0,0
9.59211,5.70495,32.6645,3.14074,4.39964,-0.169636,-0.746339,NONE,999.9,0,0
9.5963,5.70495,32.6645,3.14074,4.39964,-0.169636,-0.746339,NONE,999.9,0,0
9.60017,5.66095,32.6646,3.13893,4.39965,-0.174048,-0.76575,NONE,999.9,0,0
9.60424,5.66095,32.6646,3.13893,4.39965,-0.174048,-0.76575,NONE,999.9,0,0
9.60912,5.61696,32.6647,3.13756,4.39965,-0.0871715,-0.383524,NONE,999.9,0,0
9.61208,5.61696,32.6647,3.13756,4.39965,-0.0871715,-0.383524,NONE,999.9,0,0
9.61606,5.61696,32.6647,3.13756,4.39965,-0.0871715,-0.383524,NONE,999.9,0,0
9.62016,5.57296,32.6647,3.13711,4.39965,-0.0231189,-0.101715,NONE,999.9,0,0
9.62384,5.57296,32.6647,3.13711,4.39965,-0.0231189,-0.101715,NONE,999.9,0,0
9.62875,5.52896,32.6648,3.13707,4.39966,0.0304368,0.133911,NONE,999.9,0,0
9.63187,5.52896,32.6648,3.13707,4.39966,0.0304368,0.133911,NONE,999.9,0,0
9.63582,5.52896,32.6648,3.13707,4.39966,0.0304368,0.133911,NONE,999.9,0,0
9.64066,5.48497,32.6648,3.13765,4.39966,0.0681617,0.299888,NONE,999.9,0,0
9.6441,5.48497,32.6648,3.13765,4.39966,0.0681617,0.299888,NONE,999.9,0,0
9.64889,5.44097,32.6648,3.13842,4.39966,0.100964,0.444206,NONE,999.9,0,0
9.65194,5.44097,32.6648,3.13842,4.39966,0.100964,0.444206,NONE,999.9,0,0
9.65615,5.44097,32.6648,3.13842,4.39966,0.100964,0.444206,NONE,999.9,0,0
9.6601,5.39697,32.6647,3.13963,4.39967,0.122371,0.53839,NONE,999.9,0,0
9.66396,5.39697,32.6647,3.13963,4.39967,0.122371,0.53839,NONE,999.9,0,0
9.66854,5.35298,32.6647,3.14087,4.39967,0.142379,0.62642,NONE,999.9,0,0
9.67237,5.35298,32.6647,3.14087,4.39967,0.142379,0.62642,NONE,999.9,0,0
9.6765,5.35298,32.6647,3.14087,4.39967,0.142379,0.62642,NONE,999.9,0,0
9.68053,5.30898,32.6646,-3.14074,4.39967,0.153787,0.676614,NONE,999.9,0,0
9.68413,5.30898,32.6646,-3.14074,4.39967,0.153787,0.676614,NONE,999.9,0,0
9.68887,5.26498,32.6645,-3.13923,4.39967,0.16601,0.730388,NONE,999.9,0,0
9.69197,5.26498,32.6645,-3.13923,4.39967,0.16601,0.730388,NONE,999.9,0,0
9.69594,5.26498,32.6645,-3.13923,4.39967,0.16601,0.730388,NONE,999.9,0,0
9.70013,5.22099,32.6643,-3.13745,4.39967,0.171379,0.754013,NONE,999.9,0,0
9.70437,5.22099,32.6643,-3.13745,4.39967,0.171379,0.754013,NONE,999.9,0,0
9.71052,5.17699,32.6641,-3.13579,4.39968,0.178939,0.787275,NONE,999.9,0,0
9.71394,5.17699,32.6641,-3.13579,4.39968,0.178939,0.787275,NONE,999.9,0,0
9.71605,5.17699,32.6641,-3.13579,4.39968,0.178939,0.787275,NONE,999.9,0,0
9.72017,5.133,32.6639,-3.1339,4.39968,0.180729,0.79515,NONE,999.9,0,0
9.72417,5.133,32.6639,-3.1339,4.39968,0.180729,0.79515,NONE,999.9,0,0
9.72893,5.089,32.6636,-3.13247,4.39968,0.0918565,0.40414,NONE,999.9,0,0
9.73197,5.089,32.6636,-3.13247,4.39968,0.0918565,0.40414,NONE,999.9,0,0
9.73638,5.089,32.6636,-3.13247,4.39968,0.0918565,0.40414,NONE,999.9,0,0
9.74025,5.045,32.6634,-3.13198,4.39969,0.0262958,0.115693,NONE,999.9,0,0
9.74429,5.045,32.6634,-3.13198,4.39969,0.0262958,0.115693,NONE,999.9,0,0
9.7491,5.00101,32.6631,-3.1316,4.39969,0.0653126,0.287355,NONE,999.9,0,0
9.75208,5.00101,32.6631,-3.1316,4.39969,0.0653126,0.287355,NONE,999.9,0,0
9.75593,5.00101,32.6631,-3.1316,4.39969,0.0653126,0.287355,NONE,999.9,0,0
9.76017,4.95701,32.6628,-3.13072,4.39969,0.0920335,0.404919,NONE,999.9,0,0
9.76431,4.95701,32.6628,-3.13072,4.39969,0.0920335,0.404919,NONE,999.9,0,0
9.76936,4.91302,32.6624,-3.13008,4.39969,0.0228799,0.100665,NONE,999.9,0,0
9.77229,4.91302,32.6624,-3.13008,4.39969,0.0228799,0.100665,NONE,999.9,0,0
9.77687,4.91302,32.6624,-3.13008,4.39969,0.0228799,0.100665,NONE,999.9,0,0
9.78083,4.86902,32.6621,-3.13019,4.3997,-0.0271184,-0.119313,NONE,999.9,0,0
9.78392,4.86902,32.6621,-3.13019,4.3997,-0.0271184,-0.119313,NONE,999.9,0,0
9.7892,4.82502,32.6618,-3.1306,4.3997,-0.0695509,-0.306003,NONE,999.9,0,0
9.79189,4.82502,32.6618,-3.1306,4.3997,-0.0695509,-0.306003,NONE,999.9,0,0
9.79592,4.82502,32.6618,-3.1306,4.3997,-0.0695509,-0.306003,NONE,999.9,0,0
9.80042,4.78103,32.6615,-3.13153,4.3997,-0.0984916,-0.433333,NONE,999.9,0,0
9.80454,4.78103,32.6615,-3.13153,4.3997,-0.0984916,-0.433333,NONE,999.9,0,0
9.80874,4.73703,32.6613,-3.13257,4.3997,-0.124373,-0.547203,NONE,999.9,0,0
9.81219,4.73703,32.6613,-3.13257,4.3997,-0.124373,-0.547203,NONE,999.9,0,0
9.81584,4.73703,32.6613,-3.13257,4.3997,-0.124373,-0.547203,NONE,999.9,0,0
9.81995,4.69304,32.661,-3.13398,4.3997,-0.140342,-0.617461,NONE,999.9,0,0
9.82391,4.69304,32.661,-3.13398,4.3997,-0.140342,-0.617461,NONE,999.9,0,0
9.8288,4.64904,32.6608,-3.13538,4.39971,-0.156089,-0.686746,NONE,999.9,0,0
9.83198,4.64904,32.6608,-3.13538,4.39971,-0.156089,-0.686746,NONE,999.9,0,0
9.83662,4.64904,32.6608,-3.13538,4.39971,-0.156089,-0.686746,NONE,999.9,0,0
9.84003,4.60504,32.6607,-3.13707,4.39971,-0.16417,-0.7223,NONE,999.9,0,0
9.84438,4.60504,32.6607,-3.13707,4.39971,-0.16417,-0.7223,NONE,999.9,0,0
9.85025,4.56105,32.6605,-3.13868,4.39971,-0.173803,-0.764683,NONE,999.9,0,0
9.85278,4.56105,32.6605,-3.13868,4.39971,-0.173803,-0.764683,NONE,999.9,0,0
9.85608,4.56105,32.6605,-3.13868,4.39971,-0.173803,-0.764683,NONE,999.9,0,0
9.86023,4.51705,32.6604,-3.14052,4.39971,-0.177167,-0.779483,NONE,999.9,0,0
9.86449,4.51705,32.6604,-3.14052,4.39971,-0.177167,-0.779483,NONE,999.9,0,0
9.86953,4.47305,32.6604,3.14127,4.39971,-0.0894789,-0.393681,NONE,999.9,0,0
9.87296,4.47305,32.6604,3.14127,4.39971,-0.0894789,-0.393681,NONE,999.9,0,0
9.87759,4.47305,32.6604,3.14127,4.39971,-0.0894789,-0.393681,NONE,999.9,0,0
9.88079,4.42905,32.6602,3.14079,4.39972,-0.0248013,-0.109119,NONE,999.9,0,0
9.88396,4.42905,32.6602,3.14079,4.39972,-0.0248013,-0.109119,NONE,999.9,0,0
9.88919,4.38506,32.6601,3.14074,4.39972,0.0292329,0.128617,NONE,999.9,0,0
9.89197,4.38506,32.6601,3.14074,4.39972,0.0292329,0.128617,NONE,999.9,0,0
9.8964,4.38506,32.6601,3.14074,4.39972,0.0292329,0.128617,NONE,999.9,0,0
9.90055,4.34106,32.6599,3.14132,4.39973,0.067322,0.296198,NONE,999.9,0,0
9.90441,4.34106,32.6599,3.14132,4.39973,0.067322,0.296198,NONE,999.9,0,0
9.9097,4.29706,32.6598,-3.14111,4.39973,0.100398,0.441726,NONE,999.9,0,0
9.91268,4.29706,32.6598,-3.14111,4.39973,0.100398,0.441726,NONE,999.9,0,0
9.91616,4.29706,32.6598,-3.14111,4.39973,0.100398,0.441726,NONE,999.9,0,0
9.92019,4.25307,32.6596,-3.1399,4.39973,0.122011,0.536815,NONE,999.9,0,0
9.92398,4.25307,32.6596,-3.1399,4.39973,0.122011,0.536815,NONE,999.9,0,0
9.92926,4.20907,32.6594,-3.13866,4.39973,0.142171,0.625513,NONE,999.9,0,0
9.93238,4.20907,32.6594,-3.13866,4.39973,0.142171,0.625513,NONE,999.9,0,0
9.93604,4.20907,32.6594,-3.13866,4.39973,0.142171,0.625513,NONE,999.9,0,0
9.93997,4.16507,32.6591,-3.1371,4.39974,0.153689,0.676193,NONE,999.9,0,0
9.94428,4.16507,32.6591,-3.1371,4.39974,0.153689,0.676193,NONE,999.9,0,0
9.94898,4.12108,32.6588,-3.13558,4.39974,0.16599,0.730313,NONE,999.9,0,0
9.95207,4.12108,32.6588,-3.13558,4.39974,0.16599,0.730313,NONE,999.9,0,0
9.95597,4.12108,32.6588,-3.13558,4.39974,0.16599,0.730313,NONE,999.9,0,0
9.96044,4.07708,32.6585,-3.13381,4.39974,0.171414,0.754179,NONE,999.9,0,0
9.96422,4.07708,32.6585,-3.13381,4.39974,0.171414,0.754179,NONE,999.9,0,0
9.96886,4.03308,32.6581,-3.13214,4.39974,0.179011,0.787603,NONE,999.9,0,0
9.97196,4.03308,32.6581,-3.13214,4.39974,0.179011,0.787603,NONE,999.9,0,0
9.97616,4.03308,32.6581,-3.13214,4.39974,0.179011,0.787603,NONE,999.9,0,0
9.98005,3.98909,32.6577,-3.13025,4.39975,0.180824,0.795579,NONE,999.9,0,0
9.9839,3.98909,32.6577,-3.13025,4.39975,0.180824,0.795579,NONE,999.9,0,0
9.9888,3.94509,32.6572,-3.1285,4.39975,0.185665,0.81688,NONE,999.9,0,0
9.99199,3.94509,32.6572,-3.1285,4.39975,0.185665,0.81688,NONE,999.9,0,0
9.99631,3.94509,32.6572,-3.1285,4.39975,0.185665,0.81688,NONE,999.9,0,0
10.0001,3.9011,32.6567,-3.12656,4.39975,0.185391,0.815675,NONE,999.9,0,0
10.0042,3.9011,32.6567,-3.12656,4.39975,0.185391,0.815675,NONE,999.9,0,0
10.0092,3.85711,32.6562,-3.12478,4.39975,0.188666,0.830084,NONE,999.9,0,0
10.0124,3.85711,32.6562,-3.12478,4.39975,0.188666,0.830084,NONE,999.9,0,0
10.016,3.85711,32.6562,-3.12478,4.39975,0.188666,0.830084,NONE,999.9,0,0
10.0201,3.81311,32.6555,-3.12281,4.39976,0.187229,0.823761,NONE,999.9,0,0
10.0244,3.81311,32.6555,-3.12281,4.39976,0.187229,0.823761,NONE,999.9,0,0
10.0293,3.76912,32.6548,-3.12101,4.39976,0.189651,0.834418,NONE,999.9,0,0
10.0319,3.76912,32.6548,-3.12101,4.39976,0.189651,0.834418,NONE,999.9,0,0
10.036,3.76912,32.6548,-3.12101,4.39976,0.189651,0.834418,NONE,999.9,0,0
10.0401,3.72513,32.6541,-3.11904,4.39976,0.1876,0.825393,NONE,999.9,0,0
10.0443,3.72513,32.6541,-3.11904,4.39976,0.1876,0.825393,NONE,999.9,0,0
10.0486,3.68114,32.6532,-3.11724,4.39976,0.189589,0.834148,NONE,999.9,0,0
10.0522,3.68114,32.6532,-3.11724,4.39976,0.189589,0.834148,NONE,999.9,0,0
10.0563,3.68114,32.6532,-3.11724,4.39976,0.189589,0.834148,NONE,999.9,0,0
10.0607,3.63715,32.6523,-3.11527,4.39976,0.187243,0.823825,NONE,999.9,0,0
10.064,3.63715,32.6523,-3.11527,4.39976,0.187243,0.823825,NONE,999.9,0,0
10.0687,3.59316,32.6514,-3.11347,4.39977,0.18904,0.831733,NONE,999.9,0,0
10.0721,3.59316,32.6514,-3.11347,4.39977,0.18904,0.831733,NONE,999.9,0,0
10.0761,3.59316,32.6514,-3.11347,4.39977,0.18904,0.831733,NONE,999.9,0,0
10.0804,3.54918,32.6503,-3.11151,4.39977,0.186578,0.820902,NONE,999.9,0,0
10.0843,3.54918,32.6503,-3.11151,4.39977,0.186578,0.820902,NONE,999.9,0,0
10.0894,3.50519,32.6492,-3.10972,4.39977,0.188317,0.828549,NONE,999.9,0,0
10.0939,3.50519,32.6492,-3.10972,4.39977,0.188317,0.828549,NONE,999.9,0,0
10.0967,3.50519,32.6492,-3.10972,4.39977,0.188317,0.828549,NONE,999.9,0,0
10.1007,3.46121,32.648,-3.10777,4.39977,0.185835,0.817631,NONE,999.9,0,0
10.104,3.46121,32.648,-3.10777,4.39977,0.185835,0.817631,NONE,999.9,0,0
10.1132,3.41723,32.6468,-3.10598,4.39977,0.187581,0.825315,NONE,999.9,0,0
10.1135,3.41723,32.6468,-3.10598,4.39977,0.187581,0.825315,NONE,999.9,0,0
10.1162,3.41723,32.6468,-3.10598,4.39977,0.187581,0.825315,NONE,999.9,0,0
10.1206,3.37326,32.6455,-3.10403,4.39977,0.185127,0.814517,NONE,999.9,0,0
10.1245,3.37326,32.6455,-3.10403,4.39977,0.185127,0.814517,NONE,999.9,0,0
10.1301,3.32928,32.6441,-3.10226,4.39978,0.186913,0.822376,NONE,999.9,0,0
10.1335,3.32928,32.6441,-3.10226,4.39978,0.186913,0.822376,NONE,999.9,0,0
10.136,3.32928,32.6441,-3.10226,4.39978,0.186913,0.822376,NONE,999.9,0,0
10.1407,3.28531,32.6426,-3.10032,4.39978,0.184506,0.811784,NONE,999.9,0,0
10.1449,3.28531,32.6426,-3.10032,4.39978,0.184506,0.811784,NONE,999.9,0,0
10.1495,3.24134,32.641,-3.09855,4.39978,0.186342,0.819864,NONE,999.9,0,0
10.1526,3.24134,32.641,-3.09855,4.39978,0.186342,0.819864,NONE,999.9,0,0
10.1566,3.24134,32.641,-3.09855,4.39978,0.186342,0.819864,NONE,999.9,0,0
10.1604,3.19737,32.6394,-3.09661,4.39978,0.183986,0.809498,NONE,999.9,0,0
10.1681,3.19737,32.6394,-3.09661,4.39978,0.183986,0.809498,NONE,999.9,0,0
10.1727,3.15341,32.6377,-3.09485,4.39978,0.185873,0.8178,NONE,999.9,0,0
10.1769,3.15341,32.6377,-3.09485,4.39978,0.185873,0.8178,NONE,999.9,0,0
10.1811,3.10945,32.6358,-3.09292,4.39978,0.183565,0.807648,NONE,999.9,0,0
10.1845,3.10945,32.6358,-3.09292,4.39978,0.183565,0.807648,NONE,999.9,0,0
10.1895,3.06549,32.634,-3.09115,4.39978,0.185498,0.816151,NONE,999.9,0,0
10.1921,3.06549,32.634,-3.09115,4.39978,0.185498,0.816151,NONE,999.9,0,0
10.1963,3.06549,32.634,-3.09115,4.39978,0.185498,0.816151,NONE,999.9,0,0
10.2006,3.02153,32.632,-3.08923,4.39978,0.183233,0.806185,NONE,999.9,0,0
10.2041,3.02153,32.632,-3.08923,4.39978,0.183233,0.806185,NONE,999.9,0,0
10.2096,2.97758,32.63,-3.08747,4.39979,0.185204,0.814856,NONE,999.9,0,0
10.2122,2.97758,32.63,-3.08747,4.39979,0.185204,0.814856,NONE,999.9,0,0
10.2165,2.97758,32.63,-3.08747,4.39979,0.185204,0.814856,NONE,999.9,0,0
10.221,2.93364,32.6279,-3.08554,4.39979,0.182973,0.805043,NONE,999.9,0,0
10.2244,2.93364,32.6279,-3.08554,4.39979,0.182973,0.805043,NONE,999.9,0,0
10.2289,2.88969,32.6257,-3.08379,4.39979,0.184976,0.813857,NONE,999.9,0,0
10.2319,2.88969,32.6257,-3.08379,4.39979,0.184976,0.813857,NONE,999.9,0,0
10.236,2.88969,32.6257,-3.08379,4.39979,0.184976,0.813857,NONE,999.9,0,0
10.2401,2.84575,32.6234,-3.08155,4.3998,0.276476,1.21644,NONE,999.9,0,0
10.2444,2.84575,32.6234,-3.08155,4.3998,0.276476,1.21644,NONE,999.9,0,0
10.2488,2.80183,32.6209,-3.07835,4.3998,0.343786,1.51259,NONE,999.9,0,0
10.252,2.80183,32.6209,-3.07835,4.3998,0.343786,1.51259,NONE,999.9,0,0
10.256,2.80183,32.6209,-3.07835,4.3998,0.343786,1.51259,NONE,999.9,0,0
10.2599,2.75791,32.6183,-3.0747,4.3998,0.399566,1.75801,NONE,999.9,0,0
10.2639,2.75791,32.6183,-3.0747,4.3998,0.399566,1.75801,NONE,999.9,0,0
10.2688,2.714,32.6155,-3.07042,4.3998,0.438741,1.93037,NONE,999.9,0,0
10.2718,2.714,32.6155,-3.07042,4.3998,0.438741,1.93037,NONE,999.9,0,0
10.2765,2.714,32.6155,-3.07042,4.3998,0.438741,1.93037,NONE,999.9,0,0
10.2807,2.6701,32.6126,-3.06594,4.3998,0.472418,2.07855,NONE,999.9,0,0
10.284,2.6701,32.6126,-3.06594,4.3998,0.472418,2.07855,NONE,999.9,0,0
10.2886,2.62621,32.6095,-3.06101,4.39981,0.494281,2.17474,NONE,999.9,0,0
10.2919,2.62621,32.6095,-3.06101,4.39981,0.494281,2.17474,NONE,999.9,0,0
10.2961,2.62621,32.6095,-3.06101,4.39981,0.494281,2.17474,NONE,999.9,0,0
10.3001,2.58233,32.6062,-3.05605,4.39981,0.514443,2.26345,NONE,999.9,0,0
10.3046,2.58233,32.6062,-3.05605,4.39981,0.514443,2.26345,NONE,999.9,0,0
10.3092,2.53847,32.6028,-3.05076,4.39981,0.525794,2.31339,NONE,999.9,0,0
10.3124,2.53847,32.6028,-3.05076,4.39981,0.525794,2.31339,NONE,999.9,0,0
10.3162,2.53847,32.6028,-3.05076,4.39981,0.525794,2.31339,NONE,999.9,0,0
10.3204,2.49462,32.5991,-3.04553,4.39981,0.537815,2.36629,NONE,999.9,0,0
10.3247,2.49462,32.5991,-3.04553,4.39981,0.537815,2.36629,NONE,999.9,0,0
10.3286,2.45079,32.5953,-3.04004,4.39981,0.542892,2.38862,NONE,999.9,0,0
10.3322,2.45079,32.5953,-3.04004,4.39981,0.542892,2.38862,NONE,999.9,0,0
10.3359,2.45079,32.5953,-3.04004,4.39981,0.542892,2.38862,NONE,999.9,0,0
10.3403,2.40697,32.5913,-3.03465,4.39981,0.550103,2.42035,NONE,999.9,0,0
10.3444,2.40697,32.5913,-3.03465,4.39981,0.550103,2.42035,NONE,999.9,0,0
10.349,2.36318,32.5871,-3.02906,4.39982,0.551517,2.42657,NONE,999.9,0,0
10.352,2.36318,32.5871,-3.02906,4.39982,0.551517,2.42657,NONE,999.9,0,0
10.3562,2.36318,32.5871,-3.02906,4.39982,0.551517,2.42657,NONE,999.9,0,0
10.36,2.3194,32.5827,-3.02361,4.39982,0.555961,2.44613,NONE,999.9,0,0
10.364,2.3194,32.5827,-3.02361,4.39982,0.555961,2.44613,NONE,999.9,0,0
10.3686,2.27564,32.5781,-3.01797,4.39982,0.555304,2.44324,NONE,999.9,0,0
10.372,2.27564,32.5781,-3.01797,4.39982,0.555304,2.44324,NONE,999.9,0,0
10.3764,2.27564,32.5781,-3.01797,4.39982,0.555304,2.44324,NONE,999.9,0,0
10.3804,2.23191,32.5732,-3.01248,4.39982,0.558215,2.45605,NONE,999.9,0,0
10.384,2.23191,32.5732,-3.01248,4.39982,0.558215,2.45605,NONE,999.9,0,0
10.3888,2.1882,32.5682,-3.00682,4.39982,0.556439,2.44823,NONE,999.9,0,0
10.392,2.1882,32.5682,-3.00682,4.39982,0.556439,2.44823,NONE,999.9,0,0
10.3961,2.1882,32.5682,-3.00682,4.39982,0.556439,2.44823,NONE,999.9,0,0
10.4,2.14452,32.5629,-3.00133,4.39982,0.558549,2.45752,NONE,999.9,0,0
10.4042,2.14452,32.5629,-3.00133,4.39982,0.558549,2.45752,NONE,999.9,0,0
10.4098,2.10087,32.5574,-2.99567,4.39982,0.556212,2.44723,NONE,999.9,0,0
10.4123,2.10087,32.5574,-2.99567,4.39982,0.556212,2.44723,NONE,999.9,0,0
10.416,2.10087,32.5574,-2.99567,4.39982,0.556212,2.44723,NONE,999.9,0,0
10.4201,2.05724,32.5517,-2.99019,4.39983,0.557943,2.45485,NONE,999.9,0,0
10.4242,2.05724,32.5517,-2.99019,4.39983,0.557943,2.45485,NONE,999.9,0,0
10.4288,2.01365,32.5458,-2.98422,4.39983,0.649066,2.85578,NONE,999.9,0,0
10.4325,2.01365,32.5458,-2.98422,4.39983,0.649066,2.85578,NONE,999.9,0,0
10.4361,2.01365,32.5458,-2.98422,4.39983,0.649066,2.85578,NONE,999.9,0,0
10.4404,1.9701,32.5395,-2.97729,4.39983,0.715939,3.15001,NONE,999.9,0,0
10.445,1.9701,32.5395,-2.97729,4.39983,0.715939,3.15001,NONE,999.9,0,0
10.4493,1.92659,32.5329,-2.96993,4.39983,0.771253,3.39339,NONE,999.9,0,0
10.4521,1.92659,32.5329,-2.96993,4.39983,0.771253,3.39339,NONE,999.9,0,0
10.4561,1.92659,32.5329,-2.96993,4.39983,0.771253,3.39339,NONE,999.9,0,0
10.4601,1.88314,32.5261,-2.96193,4.39984,0.809956,3.56368,NONE,999.9,0,0
10.4645,1.88314,32.5261,-2.96193,4.39984,0.809956,3.56368,NONE,999.9,0,0
10.4687,1.83973,32.5189,-2.95374,4.39984,0.843172,3.70982,NONE,999.9,0,0
10.4722,1.83973,32.5189,-2.95374,4.39984,0.843172,3.70982,NONE,999.9,0,0
10.4771,1.83973,32.5189,-2.95374,4.39984,0.843172,3.70982,NONE,999.9,0,0
10.4816,1.79638,32.5114,-2.94511,4.39984,0.864594,3.80408,NONE,999.9,0,0
10.4841,1.79638,32.5114,-2.94511,4.39984,0.864594,3.80408,NONE,999.9,0,0
10.4889,1.75308,32.5036,-2.93645,4.39984,0.884343,3.89097,NONE,999.9,0,0
10.4919,1.75308,32.5036,-2.93645,4.39984,0.884343,3.89097,NONE,999.9,0,0
10.4963,1.75308,32.5036,-2.93645,4.39984,0.884343,3.89097,NONE,999.9,0,0
10.5002,1.70984,32.4954,-2.92746,4.39984,0.895311,3.93922,NONE,999.9,0,0
10.5042,1.70984,32.4954,-2.92746,4.39984,0.895311,3.93922,NONE,999.9,0,0
10.5104,1.66667,32.4869,-2.91853,4.39984,0.90698,3.99057,NONE,999.9,0,0
10.5126,1.66667,32.4869,-2.91853,4.39984,0.90698,3.99057,NONE,999.9,0,0
10.5163,1.66667,32.4869,-2.91853,4.39984,0.90698,3.99057,NONE,999.9,0,0
10.5201,1.62356,32.4781,-2.90935,4.39984,0.911737,4.0115,NONE,999.9,0,0
10.5246,1.62356,32.4781,-2.90935,4.39984,0.911737,4.0115,NONE,999.9,0,0
10.5292,1.58053,32.4689,-2.90029,4.39984,0.918661,4.04196,NONE,999.9,0,0
10.532,1.58053,32.4689,-2.90029,4.39984,0.918661,4.04196,NONE,999.9,0,0
10.5364,1.58053,32.4689,-2.90029,4.39984,0.918661,4.04196,NONE,999.9,0,0
10.5406,1.53757,32.4594,-2.89101,4.39984,0.919817,4.04705,NONE,999.9,0,0
10.5443,1.53757,32.4594,-2.89101,4.39984,0.919817,4.04705,NONE,999.9,0,0
10.5494,1.4947,32.4495,-2.88187,4.39985,0.92403,4.06559,NONE,999.9,0,0
10.552,1.4947,32.4495,-2.88187,4.39985,0.92403,4.06559,NONE,999.9,0,0
10.5567,1.4947,32.4495,-2.88187,4.39985,0.92403,4.06559,NONE,999.9,0,0
10.5616,1.4519,32.4393,-2.87255,4.39985,0.923167,4.0618,NONE,999.9,0,0
10.5641,1.4519,32.4393,-2.87255,4.39985,0.923167,4.0618,NONE,999.9,0,0
10.5691,1.4092,32.4287,-2.86339,4.39985,0.925898,4.07381,NONE,999.9,0,0
10.5722,1.4092,32.4287,-2.86339,4.39985,0.925898,4.07381,NONE,999.9,0,0
10.5765,1.4092,32.4287,-2.86339,4.39985,0.925898,4.07381,NONE,999.9,0,0
10.5804,1.36659,32.4177,-2.85374,4.39985,1.01767,4.47758,NONE,999.9,0,0
10.5842,1.36659,32.4177,-2.85374,4.39985,1.01767,4.47758,NONE,999.9,0,0
10.5891,1.32411,32.4063,-2.84312,4.39985,1.08492,4.77348,NONE,999.9,0,0
10.5921,1.32411,32.4063,-2.84312,4.39985,1.08492,4.77348,NONE,999.9,0,0
10.5963,1.32411,32.4063,-2.84312,4.39985,1.08492,4.77348,NONE,999.9,0,0
10.6003,1.28174,32.3944,-2.83207,4.39985,1.14042,5.01769,NONE,999.9,0,0
10.6044,1.28174,32.3944,-2.83207,4.39985,1.14042,5.01769,NONE,999.9,0,0
10.6089,1.2395,32.3821,-2.82038,4.39986,1.17918,5.18821,NONE,999.9,0,0
10.6125,1.2395,32.3821,-2.82038,4.39986,1.17918,5.18821,NONE,999.9,0,0
10.6162,1.2395,32.3821,-2.82038,4.39986,1.17918,5.18821,NONE,999.9,0,0
10.62,1.19739,32.3694,-2.8085,4.39986,1.21235,5.33416,NONE,999.9,0,0
10.6241,1.19739,32.3694,-2.8085,4.39986,1.21235,5.33416,NONE,999.9,0,0
10.6289,1.15543,32.3561,-2.79618,4.39986,1.23366,5.42793,NONE,999.9,0,0
10.6325,1.15543,32.3561,-2.79618,4.39986,1.23366,5.42793,NONE,999.9,0,0
10.6367,1.15543,32.3561,-2.79618,4.39986,1.23366,5.42793,NONE,999.9,0,0
10.6401,1.11361,32.3425,-2.78382,4.39986,1.25326,5.51416,NONE,999.9,0,0
10.6442,1.11361,32.3425,-2.78382,4.39986,1.25326,5.51416,NONE,999.9,0,0
10.6497,1.07195,32.3283,-2.77115,4.39986,1.26405,5.56165,NONE,999.9,0,0
10.6522,1.07195,32.3283,-2.77115,4.39986,1.26405,5.56165,NONE,999.9,0,0
10.6561,1.07195,32.3283,-2.77115,4.39986,1.26405,5.56165,NONE,999.9,0,0
10.6604,1.03044,32.3137,-2.75853,4.39986,1.27554,5.61218,NONE,999.9,0,0
10.6646,1.03044,32.3137,-2.75853,4.39986,1.27554,5.61218,NONE,999.9,0,0
10.6703,0.989113,32.2986,-2.74567,4.39986,1.2801,5.63229,NONE,999.9,0,0
10.6721,0.989113,32.2986,-2.74567,4.39986,1.2801,5.63229,NONE,999.9,0,0
10.6765,0.989113,32.2986,-2.74567,4.39986,1.2801,5.63229,NONE,999.9,0,0
10.6804,0.947956,32.2831,-2.73292,4.39986,1.28685,5.66195,NONE,999.9,0,0
10.6845,0.947956,32.2831,-2.73292,4.39986,1.28685,5.66195,NONE,999.9,0,0
10.6894,0.90699,32.267,-2.71996,4.39987,1.28783,5.66627,NONE,999.9,0,0
10.6919,0.90699,32.267,-2.71996,4.39987,1.28783,5.66627,NONE,999.9,0,0
10.6966,0.90699,32.267,-2.71996,4.39987,1.28783,5.66627,NONE,999.9,0,0
10.7003,0.866212,32.2505,-2.70714,4.39987,1.29188,5.68409,NONE,999.9,0,0
10.7042,0.866212,32.2505,-2.70714,4.39987,1.29188,5.68409,NONE,999.9,0,0
10.7097,0.825639,32.2335,-2.69414,4.39987,1.29087,5.67964,NONE,999.9,0,0
10.7139,0.825639,32.2335,-2.69414,4.39987,1.29087,5.67964,NONE,999.9,0,0
10.7166,0.825639,32.2335,-2.69414,4.39987,1.29087,5.67964,NONE,999.9,0,0
10.72,0.785271,32.216,-2.68131,4.39987,1.29346,5.69105,NONE,999.9,0,0
10.724,0.785271,32.216,-2.68131,4.39987,1.29346,5.69105,NONE,999.9,0,0
10.7295,0.745123,32.198,-2.6683,4.39987,1.2914,5.68199,NONE,999.9,0,0
10.7322,0.745123,32.198,-2.6683,4.39987,1.2914,5.68199,NONE,999.9,0,0
10.7363,0.745123,32.198,-2.6683,4.39987,1.2914,5.68199,NONE,999.9,0,0
10.7408,0.705194,32.1795,-2.65546,4.39987,1.29325,5.69015,NONE,999.9,0,0
10.7444,0.705194,32.1795,-2.65546,4.39987,1.29325,5.69015,NONE,999.9,0,0
10.7498,0.665513,32.1605,-2.64214,4.39987,1.3844,6.09116,NONE,999.9,0,0
10.7521,0.665513,32.1605,-2.64214,4.39987,1.3844,6.09116,NONE,999.9,0,0
10.7559,0.665513,32.1605,-2.64214,4.39987,1.3844,6.09116,NONE,999.9,0,0
10.7604,0.626111,32.1409,-2.62786,4.39987,1.45121,6.38516,NONE,999.9,0,0
10.7642,0.626111,32.1409,-2.62786,4.39987,1.45121,6.38516,NONE,999.9,0,0
10.7691,0.586983,32.1208,-2.61314,4.39988,1.50642,6.62808,NONE,999.9,0,0
10.7719,0.586983,32.1208,-2.61314,4.39988,1.50642,6.62808,NONE,999.9,0,0
10.7765,0.586983,32.1208,-2.61314,4.39988,1.50642,6.62808,NONE,999.9,0,0
10.7808,0.548151,32.1001,-2.59779,4.39988,1.54499,6.79778,NONE,999.9,0,0
10.7839,0.548151,32.1001,-2.59779,4.39988,1.54499,6.79778,NONE,999.9,0,0
10.7891,0.509614,32.0789,-2.58225,4.39988,1.57806,6.94326,NONE,999.9,0,0
10.792,0.509614,32.0789,-2.58225,4.39988,1.57806,6.94326,NONE,999.9,0,0
10.7968,0.509614,32.0789,-2.58225,4.39988,1.57806,6.94326,NONE,999.9,0,0
10.8006,0.471396,32.0571,-2.56628,4.39988,1.59932,7.03681,NONE,999.9,0,0
10.8039,0.471396,32.0571,-2.56628,4.39988,1.59932,7.03681,NONE,999.9,0,0
10.8097,0.433495,32.0347,-2.55027,4.39988,1.61891,7.123,NONE,999.9,0,0
10.8123,0.433495,32.0347,-2.55027,4.39988,1.61891,7.123,NONE,999.9,0,0
10.8162,0.433495,32.0347,-2.55027,4.39988,1.61891,7.123,NONE,999.9,0,0
10.8201,0.395936,32.0118,-2.53394,4.39988,1.62972,7.17058,NONE,999.9,0,0
10.8243,0.395936,32.0118,-2.53394,4.39988,1.62972,7.17058,NONE,999.9,0,0
10.8294,0.358718,31.9883,-2.51766,4.39989,1.64124,7.22128,NONE,999.9,0,0
10.832,0.358718,31.9883,-2.51766,4.39989,1.64124,7.22128,NONE,999.9,0,0
10.836,0.358718,31.9883,-2.51766,4.39989,1.64124,7.22128,NONE,999.9,0,0
10.8401,0.321867,31.9643,-2.50114,4.39989,1.64586,7.24161,NONE,999.9,0,0
10.8443,0.321867,31.9643,-2.50114,4.39989,1.64586,7.24161,NONE,999.9,0,0
10.8486,0.285381,31.9397,-2.48473,4.39989,1.65266,7.27152,NONE,999.9,0,0
10.8521,0.285381,31.9397,-2.48473,4.39989,1.65266,7.27152,NONE,999.9,0,0
10.8562,0.285381,31.9397,-2.48473,4.39989,1.65266,7.27152,NONE,999.9,0,0
10.8603,0.249286,31.9145,-2.46811,4.39989,1.6537,7.27611,NONE,999.9,0,0
10.864,0.249286,31.9145,-2.46811,4.39989,1.6537,7.27611,NONE,999.9,0,0
10.8688,0.213579,31.8888,-2.45164,4.39989,1.65782,7.2942,NONE,999.9,0,0
10.8719,0.213579,31.8888,-2.45164,4.39989,1.65782,7.2942,NONE,999.9,0,0
10.8763,0.213579,31.8888,-2.45164,4.39989,1.65782,7.2942,NONE,999.9,0,0
10.8801,0.178288,31.8626,-2.43498,4.39989,1.65686,7.29001,NONE,999.9,0,0
10.8839,0.178288,31.8626,-2.43498,4.39989,1.65686,7.29001,NONE,999.9,0,0
10.8892,0.143407,31.8357,-2.41848,4.39989,1.65951,7.30166,NONE,999.9,0,0
10.892,0.143407,31.8357,-2.41848,4.39989,1.65951,7.30166,NONE,999.9,0,0
10.8961,0.143407,31.8357,-2.41848,4.39989,1.65951,7.30166,NONE,999.9,0,0
10.9003,0.108964,31.8084,-2.40181,4.39989,1.6575,7.29283,NONE,999.9,0,0
10.9039,0.108964,31.8084,-2.40181,4.39989,1.6575,7.29283,NONE,999.9,0,0
10.9091,0.0749529,31.7805,-2.38531,4.39989,1.65941,7.30122,NONE,999.9,0,0
10.9124,0.0749529,31.7805,-2.38531,4.39989,1.65941,7.30122,NONE,999.9,0,0
10.916,0.0749529,31.7805,-2.38531,4.39989,1.65941,7.30122,NONE,999.9,0,0
10.9211,0.0414022,31.752,-2.36865,4.39989,1.65689,7.29014,NONE,999.9,0,0
10.9246,0.0414022,31.752,-2.36865,4.39989,1.65689,7.29014,NONE,999.9,0,0
10.929,0.00830455,31.723,-2.35216,4.39989,1.65847,7.29707,NONE,999.9,0,0
10.932,0.00830455,31.723,-2.35216,4.39989,1.65847,7.29707,NONE,999.9,0,0
10.9363,0.00830455,31.723,-2.35216,4.39989,1.65847,7.29707,NONE,999.9,0,0
10.9401,-0.0243121,31.6935,-2.3355,4.39989,1.65575,7.28513,NONE,999.9,0,0
10.9444,-0.0243121,31.6935,-2.3355,4.39989,1.65575,7.28513,NONE,999.9,0,0
10.9489,-0.0564558,31.6634,-2.31902,4.3999,1.65722,7.29161,NONE,999.9,0,0
10.9527,-0.0564558,31.6634,-2.31902,4.3999,1.65722,7.29161,NONE,999.9,0,0
10.9565,-0.0564558,31.6634,-2.31902,4.3999,1.65722,7.29161,NONE,999.9,0,0
10.9603,-0.0880985,31.6329,-2.30238,4.3999,1.65448,7.27953,NONE,999.9,0,0
10.964,-0.0880985,31.6329,-2.30238,4.3999,1.65448,7.27953,NONE,999.9,0,0
10.9693,-0.119249,31.6018,-2.28591,4.3999,1.65596,7.28607,NONE,999.9,0,0
10.9722,-0.119249,31.6018,-2.28591,4.3999,1.65596,7.28607,NONE,999.9,0,0
10.9763,-0.119249,31.6018,-2.28591,4.3999,1.65596,7.28607,NONE,999.9,0,0
10.9801,-0.14988,31.5702,-2.26928,4.3999,1.65326,7.27419,NONE,999.9,0,0
10.9844,-0.14988,31.5702,-2.26928,4.3999,1.65326,7.27419,NONE,999.9,0,0
10.9894,-0.180001,31.5381,-2.25282,4.3999,1.65482,7.28104,NONE,999.9,0,0
10.992,-0.180001,31.5381,-2.25282,4.3999,1.65482,7.28104,NONE,999.9,0,0
10.9964,-0.180001,31.5381,-2.25282,4.3999,1.65482,7.28104,NONE,999.9,0,0
11.0005,-0.209584,31.5056,-2.2362,4.3999,1.6522,7.26951,NONE,999.9,0,0
11.0042,-0.209584,31.5056,-2.2362,4.3999,1.6522,7.26951,NONE,999.9,0,0
11.0101,-0.23864,31.4725,-2.21976,4.3999,1.65384,7.27674,NONE,999.9,0,0
11.0125,-0.23864,31.4725,-2.21976,4.3999,1.65384,7.27674,NONE,999.9,0,0
11.0164,-0.23864,31.4725,-2.21976,4.3999,1.65384,7.27674,NONE,999.9,0,0
11.0203,-0.267141,31.439,-2.20315,4.3999,1.65131,7.2656,NONE,999.9,0,0
11.0245,-0.267141,31.439,-2.20315,4.3999,1.65131,7.2656,NONE,999.9,0,0
11.03,-0.295098,31.405,-2.18671,4.3999,1.65304,7.27321,NONE,999.9,0,0
11.0319,-0.295098,31.405,-2.18671,4.3999,1.65304,7.27321,NONE,999.9,0,0
11.036,-0.295098,31.405,-2.18671,4.3999,1.65304,7.27321,NONE,999.9,0,0
11.0402,-0.322484,31.3706,-2.17011,4.3999,1.65059,7.26244,NONE,999.9,0,0
11.0443,-0.322484,31.3706,-2.17011,4.3999,1.65059,7.26244,NONE,999.9,0,0
11.0499,-0.34931,31.3357,-2.15368,4.3999,1.6524,7.27039,NONE,999.9,0,0
11.0524,-0.34931,31.3357,-2.15368,4.3999,1.6524,7.27039,NONE,999.9,0,0
11.0563,-0.34931,31.3357,-2.15368,4.3999,1.6524,7.27039,NONE,999.9,0,0
11.0604,-0.37555,31.3004,-2.13708,4.39991,1.65002,7.25993,NONE,999.9,0,0
11.064,-0.37555,31.3004,-2.13708,4.39991,1.65002,7.25993,NONE,999.9,0,0
11.0692,-0.401215,31.2647,-2.12065,4.39991,1.65189,7.26818,NONE,999.9,0,0
11.072,-0.401215,31.2647,-2.12065,4.39991,1.65189,7.26818,NONE,999.9,0,0
11.0766,-0.401215,31.2647,-2.12065,4.39991,1.65189,7.26818,NONE,999.9,0,0
11.0805,-0.426279,31.2285,-2.10406,4.39991,1.64958,7.25799,NONE,999.9,0,0
11.0843,-0.426279,31.2285,-2.10406,4.39991,1.64958,7.25799,NONE,999.9,0,0
11.0893,-0.450755,31.1919,-2.08764,4.39991,1.65151,7.26648,NONE,999.9,0,0
11.0919,-0.450755,31.1919,-2.08764,4.39991,1.65151,7.26648,NONE,999.9,0,0
11.0963,-0.450755,31.1919,-2.08764,4.39991,1.65151,7.26648,NONE,999.9,0,0
11.1,-0.474614,31.155,-2.07105,4.39991,1.64924,7.25651,NONE,999.9,0,0
11.1041,-0.474614,31.155,-2.07105,4.39991,1.64924,7.25651,NONE,999.9,0,0
11.1096,-0.497873,31.1176,-2.05464,4.39991,1.65121,7.26518,NONE,999.9,0,0
11.1124,-0.497873,31.1176,-2.05464,4.39991,1.65121,7.26518,NONE,999.9,0,0
11.1165,-0.497873,31.1176,-2.05464,4.39991,1.65121,7.26518,NONE,999.9,0,0
11.1205,-0.52048,31.0799,-2.03773,4.39991,1.74269,7.66766,NONE,999.9,0,0
11.124,-0.52048,31.0799,-2.03773,4.39991,1.74269,7.66766,NONE,999.9,0,0
11.1304,-0.542385,31.0417,-2.01987,4.39991,1.80997,7.96371,NONE,999.9,0,0
11.1335,-0.542385,31.0417,-2.01987,4.39991,1.80997,7.96371,NONE,999.9,0,0
11.1359,-0.542385,31.0417,-2.01987,4.39991,1.80997,7.96371,NONE,999.9,0,0
11.1401,-0.563605,31.0032,-2.00156,4.39991,1.86573,8.20905,NONE,999.9,0,0
11.1451,-0.563605,31.0032,-2.00156,4.39991,1.86573,8.20905,NONE,999.9,0,0
11.1527,-0.584109,30.9642,-1.98262,4.39991,1.90489,8.38134,NONE,999.9,0,0
11.1559,-0.584109,30.9642,-1.98262,4.39991,1.90489,8.38134,NONE,999.9,0,0
11.1601,-0.603932,30.925,-1.9638,4.39991,1.84485,8.11718,NONE,999.9,0,0
11.1645,-0.603932,30.925,-1.9638,4.39991,1.84485,8.11718,NONE,999.9,0,0
11.1688,-0.62311,30.8854,-1.94566,4.39991,1.80142,7.92608,NONE,999.9,0,0
11.1719,-0.62311,30.8854,-1.94566,4.39991,1.80142,7.92608,NONE,999.9,0,0
11.1764,-0.62311,30.8854,-1.94566,4.39991,1.80142,7.92608,NONE,999.9,0,0
11.1814,-0.641605,30.8454,-1.92776,4.39992,1.76361,7.75974,NONE,999.9,0,0
11.1852,-0.641605,30.8454,-1.92776,4.39992,1.76361,7.75974,NONE,999.9,0,0
11.1889,-0.659433,30.8052,-1.91034,4.39992,1.73783,7.64629,NONE,999.9,0,0
11.1921,-0.659433,30.8052,-1.91034,4.39992,1.73783,7.64629,NONE,999.9,0,0
11.1964,-0.659433,30.8052,-1.91034,4.39992,1.73783,7.64629,NONE,999.9,0,0
11.2004,-0.676563,30.7647,-1.893,4.39992,1.714,7.54146,NONE,999.9,0,0
11.2046,-0.676563,30.7647,-1.893,4.39992,1.714,7.54146,NONE,999.9,0,0
11.2098,-0.693013,30.7239,-1.87602,4.39992,1.69927,7.47666,NONE,999.9,0,0
11.2126,-0.693013,30.7239,-1.87602,4.39992,1.69927,7.47666,NONE,999.9,0,0
11.2171,-0.693013,30.7239,-1.87602,4.39992,1.69927,7.47666,NONE,999.9,0,0
11.2208,-0.708753,30.6828,-1.85902,4.39992,1.68417,7.4102,NONE,999.9,0,0
11.224,-0.708753,30.6828,-1.85902,4.39992,1.68417,7.4102,NONE,999.9,0,0
11.2292,-0.723804,30.6414,-1.84231,4.39992,1.6763,7.3756,NONE,999.9,0,0
11.2321,-0.723804,30.6414,-1.84231,4.39992,1.6763,7.3756,NONE,999.9,0,0
11.2361,-0.723804,30.6414,-1.84231,4.39992,1.6763,7.3756,NONE,999.9,0,0
11.2406,-0.738139,30.5999,-1.82551,4.39992,1.66659,7.33285,NONE,999.9,0,0
11.2447,-0.738139,30.5999,-1.82551,4.39992,1.66659,7.33285,NONE,999.9,0,0
11.2496,-0.75178,30.558,-1.80895,4.39992,1.66293,7.31678,NONE,999.9,0,0
11.2523,-0.75178,30.558,-1.80895,4.39992,1.66293,7.31678,NONE,999.9,0,0
11.256,-0.75178,30.558,-1.80895,4.39992,1.66293,7.31678,NONE,999.9,0,0
11.26,-0.764698,30.516,-1.79227,4.39992,1.6565,7.28848,NONE,999.9,0,0
11.2645,-0.764698,30.516,-1.79227,4.39992,1.6565,7.28848,NONE,999.9,0,0
11.2689,-0.776918,30.4737,-1.77579,4.39992,1.6554,7.28364,NONE,999.9,0,0
11.2735,-0.776918,30.4737,-1.77579,4.39992,1.6554,7.28364,NONE,999.9,0,0
11.2769,-0.776918,30.4737,-1.77579,4.39992,1.6554,7.28364,NONE,999.9,0,0
11.2814,-0.788411,30.4312,-1.75918,4.39992,1.65094,7.26401,NONE,999.9,0,0
11.2843,-0.788411,30.4312,-1.75918,4.39992,1.65094,7.26401,NONE,999.9,0,0
11.2891,-0.799202,30.3886,-1.74275,4.39992,1.65136,7.26585,NONE,999.9,0,0
11.292,-0.799202,30.3886,-1.74275,4.39992,1.65136,7.26585,NONE,999.9,0,0
11.2962,-0.799202,30.3886,-1.74275,4.39992,1.65136,7.26585,NONE,999.9,0,0
11.3003,-0.809263,30.3457,-1.72617,4.39992,1.64806,7.25133,NONE,999.9,0,0
11.3044,-0.809263,30.3457,-1.72617,4.39992,1.64806,7.25133,NONE,999.9,0,0
11.3098,-0.818619,30.3027,-1.70977,4.39992,1.64936,7.25704,NONE,999.9,0,0
11.3136,-0.818619,30.3027,-1.70977,4.39992,1.64936,7.25704,NONE,999.9,0,0
11.3172,-0.818619,30.3027,-1.70977,4.39992,1.64936,7.25704,NONE,999.9,0,0
11.3199,-0.827216,30.2596,-1.69289,4.39992,1.74042,7.65772,NONE,999.9,0,0
11.3241,-0.827216,30.2596,-1.69289,4.39992,1.74042,7.65772,NONE,999.9,0,0
11.3292,-0.835005,30.2163,-1.67505,4.39992,1.80749,7.95284,NONE,999.9,0,0
11.3322,-0.835005,30.2163,-1.67505,4.39992,1.80749,7.95284,NONE,999.9,0,0
11.3364,-0.835005,30.2163,-1.67505,4.39992,1.80749,7.95284,NONE,999.9,0,0
11.3402,-0.842012,30.1729,-1.65677,4.39993,1.86318,8.19786,NONE,999.9,0,0
11.3443,-0.842012,30.1729,-1.65677,4.39993,1.86318,8.19786,NONE,999.9,0,0
11.3498,-0.848206,30.1293,-1.63784,4.39993,1.90236,8.37026,NONE,999.9,0,0
11.352,-0.848206,30.1293,-1.63784,4.39993,1.90236,8.37026,NONE,999.9,0,0
11.3562,-0.848206,30.1293,-1.63784,4.39993,1.90236,8.37026,NONE,999.9,0,0
11.3601,-0.853636,30.0856,-1.61905,4.39993,1.84242,8.1065,NONE,999.9,0,0
11.3644,-0.853636,30.0856,-1.61905,4.39993,1.84242,8.1065,NONE,999.9,0,0
11.3697,-0.858345,30.0419,-1.60093,4.39993,1.79912,7.916,NONE,999.9,0,0
11.3722,-0.858345,30.0419,-1.60093,4.39993,1.79912,7.916,NONE,999.9,0,0
11.3764,-0.858345,30.0419,-1.60093,4.39993,1.79912,7.916,NONE,999.9,0,0
11.3809,-0.862298,29.9981,-1.58305,4.39993,1.76147,7.75036,NONE,999.9,0,0
11.3844,-0.862298,29.9981,-1.58305,4.39993,1.76147,7.75036,NONE,999.9,0,0
11.3892,-0.865517,29.9542,-1.56566,4.39993,1.73586,7.63767,NONE,999.9,0,0
11.3919,-0.865517,29.9542,-1.56566,4.39993,1.73586,7.63767,NONE,999.9,0,0
11.3966,-0.865517,29.9542,-1.56566,4.39993,1.73586,7.63767,NONE,999.9,0,0
11.4004,-0.867973,29.9102,-1.54834,4.39993,1.71221,7.53362,NONE,999.9,0,0
11.4044,-0.867973,29.9102,-1.54834,4.39993,1.71221,7.53362,NONE,999.9,0,0
11.4094,-0.869691,29.8663,-1.53138,4.39993,1.69766,7.46957,NONE,999.9,0,0
11.4135,-0.869691,29.8663,-1.53138,4.39993,1.69766,7.46957,NONE,999.9,0,0
11.4163,-0.869691,29.8663,-1.53138,4.39993,1.69766,7.46957,NONE,999.9,0,0
11.4201,-0.870644,29.8223,-1.51439,4.39993,1.68272,7.40385,NONE,999.9,0,0
11.424,-0.870644,29.8223,-1.51439,4.39993,1.68272,7.40385,NONE,999.9,0,0
11.4309,-0.870861,29.7783,-1.49769,4.39993,1.67501,7.36994,NONE,999.9,0,0
11.433,-0.870861,29.7783,-1.49769,4.39993,1.67501,7.36994,NONE,999.9,0,0
11.4363,-0.870861,29.7783,-1.49769,4.39993,1.67501,7.36994,NONE,999.9,0,0
11.4401,-0.870315,29.7343,-1.4809,4.39993,1.66544,7.32782,NONE,999.9,0,0
11.4442,-0.870315,29.7343,-1.4809,4.39993,1.66544,7.32782,NONE,999.9,0,0
11.4495,-0.869035,29.6903,-1.46435,4.39993,1.66192,7.31234,NONE,999.9,0,0
11.4519,-0.869035,29.6903,-1.46435,4.39993,1.66192,7.31234,NONE,999.9,0,0
11.4559,-0.869035,29.6903,-1.46435,4.39993,1.66192,7.31234,NONE,999.9,0,0
11.4602,-0.866997,29.6464,-1.44768,4.39993,1.65561,7.28457,NONE,999.9,0,0
11.4646,-0.866997,29.6464,-1.44768,4.39993,1.65561,7.28457,NONE,999.9,0,0
11.4692,-0.86423,29.6025,-1.43122,4.39993,1.65462,7.28021,NONE,999.9,0,0
11.4719,-0.86423,29.6025,-1.43122,4.39993,1.65462,7.28021,NONE,999.9,0,0
11.4763,-0.86423,29.6025,-1.43122,4.39993,1.65462,7.28021,NONE,999.9,0,0
11.4804,-0.860709,29.5586,-1.41461,4.39993,1.65026,7.26102,NONE,999.9,0,0
11.4839,-0.860709,29.5586,-1.41461,4.39993,1.65026,7.26102,NONE,999.9,0,0
11.489,-0.856464,29.5148,-1.39819,4.39993,1.65076,7.26324,NONE,999.9,0,0
11.492,-0.856464,29.5148,-1.39819,4.39993,1.65076,7.26324,NONE,999.9,0,0
11.4963,-0.856464,29.5148,-1.39819,4.39993,1.65076,7.26324,NONE,999.9,0,0
11.5006,-0.851472,29.4711,-1.38161,4.39994,1.64754,7.24907,NONE,999.9,0,0
11.5041,-0.851472,29.4711,-1.38161,4.39994,1.64754,7.24907,NONE,999.9,0,0
11.5096,-0.845761,29.4275,-1.36522,4.39994,1.64891,7.25508,NONE,999.9,0,0
11.5158,-0.845761,29.4275,-1.36522,4.39994,1.64891,7.25508,NONE,999.9,0,0
11.5177,-0.845761,29.4275,-1.36522,4.39994,1.64891,7.25508,NONE,999.9,0,0
11.5207,-0.839308,29.3839,-1.34865,4.39994,1.64633,7.24375,NONE,999.9,0,0
11.5239,-0.839308,29.3839,-1.34865,4.39994,1.64633,7.24375,NONE,999.9,0,0
11.5298,-0.832142,29.3405,-1.33227,4.39994,1.64818,7.25187,NONE,999.9,0,0
11.5336,-0.832142,29.3405,-1.33227,4.39994,1.64818,7.25187,NONE,999.9,0,0
11.5361,-0.832142,29.3405,-1.33227,4.39994,1.64818,7.25187,NONE,999.9,0,0
11.5401,-0.82424,29.2972,-1.31571,4.39994,1.64595,7.24208,NONE,999.9,0,0
11.5443,-0.82424,29.2972,-1.31571,4.39994,1.64595,7.24208,NONE,999.9,0,0
11.55,-0.815633,29.2541,-1.29933,4.39994,1.64805,7.2513,NONE,999.9,0,0
11.5519,-0.815633,29.2541,-1.29933,4.39994,1.64805,7.2513,NONE,999.9,0,0
11.5561,-0.815633,29.2541,-1.29933,4.39994,1.64805,7.2513,NONE,999.9,0,0
11.5606,-0.806296,29.2111,-1.28277,4.39994,1.64599,7.24227,NONE,999.9,0,0
11.5649,-0.806296,29.2111,-1.28277,4.39994,1.64599,7.24227,NONE,999.9,0,0
11.569,-0.796259,29.1683,-1.26639,4.39994,1.64821,7.25203,NONE,999.9,0,0
11.5722,-0.796259,29.1683,-1.26639,4.39994,1.64821,7.25203,NONE,999.9,0,0
11.5762,-0.796259,29.1683,-1.26639,4.39994,1.64821,7.25203,NONE,999.9,0,0
11.5801,-0.785499,29.1256,-1.24983,4.39994,1.64624,7.24335,NONE,999.9,0,0
11.584,-0.785499,29.1256,-1.24983,4.39994,1.64624,7.24335,NONE,999.9,0,0
11.5887,-0.774047,29.0831,-1.23344,4.39994,1.6485,7.25331,NONE,999.9,0,0
11.5923,-0.774047,29.0831,-1.23344,4.39994,1.6485,7.25331,NONE,999.9,0,0
11.5964,-0.774047,29.0831,-1.23344,4.39994,1.6485,7.25331,NONE,999.9,0,0
11.6,-0.761879,29.0408,-1.21688,4.39994,1.64655,7.24474,NONE,999.9,0,0
11.6039,-0.761879,29.0408,-1.21688,4.39994,1.64655,7.24474,NONE,999.9,0,0
11.6092,-0.749026,28.9988,-1.20049,4.39994,1.64882,7.25473,NONE,999.9,0,0
11.6122,-0.749026,28.9988,-1.20049,4.39994,1.64882,7.25473,NONE,999.9,0,0
11.616,-0.749026,28.9988,-1.20049,4.39994,1.64882,7.25473,NONE,999.9,0,0
11.6202,-0.735465,28.9569,-1.18392,4.39994,1.64687,7.24614,NONE,999.9,0,0
11.6243,-0.735465,28.9569,-1.18392,4.39994,1.64687,7.24614,NONE,999.9,0,0
11.6296,-0.721226,28.9153,-1.16753,4.39994,1.64913,7.25607,NONE,999.9,0,0
11.6326,-0.721226,28.9153,-1.16753,4.39994,1.64913,7.25607,NONE,999.9,0,0
11.6359,-0.721226,28.9153,-1.16753,4.39994,1.64913,7.25607,NONE,999.9,0,0
11.64,-0.706289,28.8739,-1.15096,4.39994,1.64716,7.24739,NONE,999.9,0,0
11.6443,-0.706289,28.8739,-1.15096,4.39994,1.64716,7.24739,NONE,999.9,0,0
11.6491,-0.690682,28.8327,-1.13456,4.39994,1.64939,7.25724,NONE,999.9,0,0
11.6518,-0.690682,28.8327,-1.13456,4.39994,1.64939,7.25724,NONE,999.9,0,0
11.6562,-0.690682,28.8327,-1.13456,4.39994,1.64939,7.25724,NONE,999.9,0,0
11.6603,-0.674385,28.7919,-1.118,4.39994,1.6474,7.24847,NONE,999.9,0,0
11.664,-0.674385,28.7919,-1.118,4.39994,1.6474,7.24847,NONE,999.9,0,0
11.6693,-0.657427,28.7513,-1.1016,4.39994,1.64961,7.25821,NONE,999.9,0,0
11.6719,-0.657427,28.7513,-1.1016,4.39994,1.64961,7.25821,NONE,999.9,0,0
11.6764,-0.657427,28.7513,-1.1016,4.39994,1.64961,7.25821,NONE,999.9,0,0
11.6803,-0.639789,28.711,-1.08502,4.39994,1.6476,7.24935,NONE,999.9,0,0
11.6841,-0.639789,28.711,-1.08502,4.39994,1.6476,7.24935,NONE,999.9,0,0
11.6891,-0.6215,28.6709,-1.06862,4.39994,1.64979,7.259,NONE,999.9,0,0
11.6927,-0.6215,28.6709,-1.06862,4.39994,1.64979,7.259,NONE,999.9,0,0
11.6966,-0.6215,28.6709,-1.06862,4.39994,1.64979,7.259,NONE,999.9,0,0
11.7003,-0.602541,28.6312,-1.05205,4.39994,1.64776,7.25005,NONE,999.9,0,0
11.7039,-0.602541,28.6312,-1.05205,4.39994,1.64776,7.25005,NONE,999.9,0,0
11.7088,-0.582941,28.5919,-1.03565,4.39994,1.64993,7.25962,NONE,999.9,0,0
11.7125,-0.582941,28.5919,-1.03565,4.39994,1.64993,7.25962,NONE,999.9,0,0
11.7162,-0.582941,28.5919,-1.03565,4.39994,1.64993,7.25962,NONE,999.9,0,0
11.7203,-0.562681,28.5528,-1.01907,4.39994,1.64788,7.2506,NONE,999.9,0,0
11.7242,-0.562681,28.5528,-1.01907,4.39994,1.64788,7.2506,NONE,999.9,0,0
11.7291,-0.541792,28.5141,-1.00267,4.39995,1.65004,7.2601,NONE,999.9,0,0
11.7322,-0.541792,28.5141,-1.00267,4.39995,1.65004,7.2601,NONE,999.9,0,0
11.736,-0.541792,28.5141,-1.00267,4.39995,1.65004,7.2601,NONE,999.9,0,0
11.7401,-0.520255,28.4757,-0.986093,4.39995,1.64798,7.25101,NONE,999.9,0,0
11.7442,-0.520255,28.4757,-0.986093,4.39995,1.64798,7.25101,NONE,999.9,0,0
11.7497,-0.498122,28.4377,-0.970005,4.39995,1.55642,6.84818,NONE,999.9,0,0
11.7522,-0.498122,28.4377,-0.970005,4.39995,1.55642,6.84818,NONE,999.9,0,0
11.7568,-0.498122,28.4377,-0.970005,4.39995,1.55642,6.84818,NONE,999.9,0,0
11.7603,-0.47544,28.4,-0.954877,4.39995,1.48906,6.5518,NONE,999.9,0,0
11.7649,-0.47544,28.4,-0.954877,4.39995,1.48906,6.5518,NONE,999.9,0,0
11.769,-0.452191,28.3626,-0.940192,4.39995,1.43324,6.30619,NONE,999.9,0,0
11.7721,-0.452191,28.3626,-0.940192,4.39995,1.43324,6.30619,NONE,999.9,0,0
11.7764,-0.452191,28.3626,-0.940192,4.39995,1.43324,6.30619,NONE,999.9,0,0
11.7808,-0.428403,28.3256,-0.92615,4.39995,1.39403,6.13367,NONE,999.9,0,0
11.7847,-0.428403,28.3256,-0.92615,4.39995,1.39403,6.13367,NONE,999.9,0,0
11.7897,-0.404063,28.289,-0.912301,4.39995,1.36032,5.98535,NONE,999.9,0,0
11.7922,-0.404063,28.289,-0.912301,4.39995,1.36032,5.98535,NONE,999.9,0,0
11.797,-0.404063,28.289,-0.912301,4.39995,1.36032,5.98535,NONE,999.9,0,0
11.8009,-0.379203,28.2526,-0.898897,4.39995,1.33843,5.88904,NONE,999.9,0,0
11.8042,-0.379203,28.2526,-0.898897,4.39995,1.33843,5.88904,NONE,999.9,0,0
11.8096,-0.353809,28.2167,-0.885534,4.39995,1.31825,5.80022,NONE,999.9,0,0
11.8124,-0.353809,28.2167,-0.885534,4.39995,1.31825,5.80022,NONE,999.9,0,0
11.8165,-0.353809,28.2167,-0.885534,4.39995,1.31825,5.80022,NONE,999.9,0,0
11.8206,-0.327915,28.1811,-0.872496,4.39995,1.30688,5.75019,NONE,999.9,0,0
11.824,-0.327915,28.1811,-0.872496,4.39995,1.30688,5.75019,NONE,999.9,0,0
11.8291,-0.301508,28.146,-0.859405,4.39995,1.29484,5.69723,NONE,999.9,0,0
11.8323,-0.301508,28.146,-0.859405,4.39995,1.29484,5.69723,NONE,999.9,0,0
11.836,-0.301508,28.146,-0.859405,4.39995,1.29484,5.69723,NONE,999.9,0,0
11.8401,-0.274621,28.1111,-0.846569,4.39995,1.28975,5.67483,NONE,999.9,0,0
11.8445,-0.274621,28.1111,-0.846569,4.39995,1.28975,5.67483,NONE,999.9,0,0
11.8502,-0.24724,28.0767,-0.833625,4.39995,1.28252,5.64305,NONE,999.9,0,0
11.8524,-0.24724,28.0767,-0.833625,4.39995,1.28252,5.64305,NONE,999.9,0,0
11.8563,-0.24724,28.0767,-0.833625,4.39995,1.28252,5.64305,NONE,999.9,0,0
11.8603,-0.219398,28.0426,-0.820892,4.39995,1.2811,5.63678,NONE,999.9,0,0
11.8644,-0.219398,28.0426,-0.820892,4.39995,1.2811,5.63678,NONE,999.9,0,0
11.8691,-0.191081,28.0089,-0.80802,4.39995,1.27665,5.61719,NONE,999.9,0,0
11.8719,-0.191081,28.0089,-0.80802,4.39995,1.27665,5.61719,NONE,999.9,0,0
11.8765,-0.191081,28.0089,-0.80802,4.39995,1.27665,5.61719,NONE,999.9,0,0
11.8824,-0.16232,27.9756,-0.795335,4.39995,1.2773,5.62005,NONE,999.9,0,0
11.8848,-0.16232,27.9756,-0.795335,4.39995,1.2773,5.62005,NONE,999.9,0,0
11.8894,-0.133103,27.9427,-0.782493,4.39995,1.27438,5.60721,NONE,999.9,0,0
11.8924,-0.133103,27.9427,-0.782493,4.39995,1.27438,5.60721,NONE,999.9,0,0
11.8968,-0.133103,27.9427,-0.782493,4.39995,1.27438,5.60721,NONE,999.9,0,0
11.9003,-0.103456,27.9102,-0.769825,4.39995,1.27615,5.61501,NONE,999.9,0,0
11.9043,-0.103456,27.9102,-0.769825,4.39995,1.27615,5.61501,NONE,999.9,0,0
11.9093,-0.07335,27.8781,-0.756672,4.39995,1.36774,6.01799,NONE,999.9,0,0
11.9124,-0.07335,27.8781,-0.756672,4.39995,1.36774,6.01799,NONE,999.9,0,0
11.9169,-0.07335,27.8781,-0.756672,4.39995,1.36774,6.01799,NONE,999.9,0,0
11.9205,-0.0427569,27.8465,-0.742557,4.39995,1.43535,6.31548,NONE,999.9,0,0
11.9245,-0.0427569,27.8465,-0.742557,4.39995,1.43535,6.31548,NONE,999.9,0,0
11.9295,-0.0117057,27.8153,-0.727996,4.39996,1.49157,6.56286,NONE,999.9,0,0
11.9327,-0.0117057,27.8153,-0.727996,4.39996,1.49157,6.56286,NONE,999.9,0,0
11.9361,-0.0117057,27.8153,-0.727996,4.39996,1.49157,6.56286,NONE,999.9,0,0
11.9401,0.0198154,27.7846,-0.712787,4.39996,1.53127,6.73754,NONE,999.9,0,0
11.9445,0.0198154,27.7846,-0.712787,4.39996,1.53127,6.73754,NONE,999.9,0,0
11.9501,0.0517637,27.7544,-0.697699,4.39996,1.47182,6.47594,NONE,999.9,0,0
11.9524,0.0517637,27.7544,-0.697699,4.39996,1.47182,6.47594,NONE,999.9,0,0
11.9563,0.0517637,27.7544,-0.697699,4.39996,1.47182,6.47594,NONE,999.9,0,0
11.9602,0.0841021,27.7246,-0.683289,4.39996,1.42898,6.28744,NONE,999.9,0,0
11.9646,0.0841021,27.7246,-0.683289,4.39996,1.42898,6.28744,NONE,999.9,0,0
11.9691,0.116847,27.6952,-0.669108,4.39996,1.39175,6.12365,NONE,999.9,0,0
11.972,0.116847,27.6952,-0.669108,4.39996,1.39175,6.12365,NONE,999.9,0,0
11.9766,0.116847,27.6952,-0.669108,4.39996,1.39175,6.12365,NONE,999.9,0,0
11.9831,0.149975,27.6662,-0.655407,4.39996,1.36652,6.01264,NONE,999.9,0,0
11.9846,0.149975,27.6662,-0.655407,4.39996,1.36652,6.01264,NONE,999.9,0,0
11.9892,0.183501,27.6377,-0.641778,4.39996,1.34322,5.91011,NONE,999.9,0,0
11.9919,0.183501,27.6377,-0.641778,4.39996,1.34322,5.91011,NONE,999.9,0,0
11.9981,0.183501,27.6377,-0.641778,4.39996,1.34322,5.91011,NONE,999.9,0,0
12.0008,0.217399,27.6097,-0.628505,4.39996,1.32897,5.84744,NONE,999.9,0,0
12.0039,0.217399,27.6097,-0.628505,4.39996,1.32897,5.84744,NONE,999.9,0,0
12.0092,0.251681,27.5821,-0.615207,4.39996,1.31431,5.78294,NONE,999.9,0,0
12.013,0.251681,27.5821,-0.615207,4.39996,1.31431,5.78294,NONE,999.9,0,0
12.0168,0.251681,27.5821,-0.615207,4.39996,1.31431,5.78294,NONE,999.9,0,0
12.0202,0.286322,27.555,-0.602188,4.39996,1.30685,5.7501,NONE,999.9,0,0
12.0239,0.286322,27.555,-0.602188,4.39996,1.30685,5.7501,NONE,999.9,0,0
12.0307,0.321332,27.5283,-0.589083,4.39997,1.2975,5.70894,NONE,999.9,0,0
12.0324,0.321332,27.5283,-0.589083,4.39997,1.2975,5.70894,NONE,999.9,0,0
12.0359,0.321332,27.5283,-0.589083,4.39997,1.2975,5.70894,NONE,999.9,0,0
12.0404,0.356687,27.5021,-0.576211,4.39997,1.29417,5.6943,NONE,999.9,0,0
12.0448,0.356687,27.5021,-0.576211,4.39997,1.29417,5.6943,NONE,999.9,0,0
12.0491,0.392395,27.4764,-0.563216,4.39997,1.28803,5.66727,NONE,999.9,0,0
12.0519,0.392395,27.4764,-0.563216,4.39997,1.28803,5.66727,NONE,999.9,0,0
12.0562,0.392395,27.4764,-0.563216,4.39997,1.28803,5.66727,NONE,999.9,0,0
12.0607,0.428433,27.4512,-0.550426,4.39997,1.28718,5.66356,NONE,999.9,0,0
12.0643,0.428433,27.4512,-0.550426,4.39997,1.28718,5.66356,NONE,999.9,0,0
12.0691,0.46481,27.4264,-0.537491,4.39997,1.28295,5.64493,NONE,999.9,0,0
12.0723,0.46481,27.4264,-0.537491,4.39997,1.28295,5.64493,NONE,999.9,0,0
12.0788,0.46481,27.4264,-0.537491,4.39997,1.28295,5.64493,NONE,999.9,0,0
12.084,0.501502,27.4021,-0.524744,4.39997,1.28356,5.64764,NONE,999.9,0,0
12.0856,0.501502,27.4021,-0.524744,4.39997,1.28356,5.64764,NONE,999.9,0,0
12.0888,0.538517,27.3783,-0.511839,4.39997,1.28044,5.63389,NONE,999.9,0,0
12.0919,0.538517,27.3783,-0.511839,4.39997,1.28044,5.63389,NONE,999.9,0,0
12.0964,0.538517,27.3783,-0.511839,4.39997,1.28044,5.63389,NONE,999.9,0,0
12.1,0.575834,27.355,-0.499113,4.39997,1.28189,5.64027,NONE,999.9,0,0
12.1046,0.575834,27.355,-0.499113,4.39997,1.28189,5.64027,NONE,999.9,0,0
12.11,0.61346,27.3322,-0.486222,4.39997,1.27939,5.62926,NONE,999.9,0,0
12.1131,0.61346,27.3322,-0.486222,4.39997,1.27939,5.62926,NONE,999.9,0,0
12.1162,0.61346,27.3322,-0.486222,4.39997,1.27939,5.62926,NONE,999.9,0,0
12.1205,0.651372,27.3099,-0.473503,4.39997,1.28129,5.63765,NONE,999.9,0,0
12.1244,0.651372,27.3099,-0.473503,4.39997,1.28129,5.63765,NONE,999.9,0,0
12.1339,0.689579,27.2881,-0.460616,4.39997,1.27912,5.62809,NONE,999.9,0,0
12.1362,0.689579,27.2881,-0.460616,4.39997,1.27912,5.62809,NONE,999.9,0,0
12.1404,0.728047,27.2667,-0.448217,4.39997,1.18756,5.22524,NONE,999.9,0,0
12.1448,0.728047,27.2667,-0.448217,4.39997,1.18756,5.22524,NONE,999.9,0,0
12.1501,0.766747,27.2458,-0.436778,4.39997,1.12027,4.92915,NONE,999.9,0,0
12.1521,0.766747,27.2458,-0.436778,4.39997,1.12027,4.92915,NONE,999.9,0,0
12.1561,0.766747,27.2458,-0.436778,4.39997,1.12027,4.92915,NONE,999.9,0,0
12.1603,0.805686,27.2253,-0.42578,4.39997,1.06456,4.68403,NONE,999.9,0,0
12.1648,0.805686,27.2253,-0.42578,4.39997,1.06456,4.68403,NONE,999.9,0,0
12.1704,0.844847,27.2052,-0.415424,4.39997,1.02549,4.51213,NONE,999.9,0,0
12.1725,0.844847,27.2052,-0.415424,4.39997,1.02549,4.51213,NONE,999.9,0,0
12.1765,0.844847,27.2052,-0.415424,4.39997,1.02549,4.51213,NONE,999.9,0,0
12.1808,0.884234,27.1856,-0.405259,4.39998,0.991937,4.3645,NONE,999.9,0,0
12.1844,0.884234,27.1856,-0.405259,4.39998,0.991937,4.3645,NONE,999.9,0,0
12.1898,0.923828,27.1664,-0.395539,4.39998,0.970209,4.2689,NONE,999.9,0,0
12.1919,0.923828,27.1664,-0.395539,4.39998,0.970209,4.2689,NONE,999.9,0,0
12.1965,0.923828,27.1664,-0.395539,4.39998,0.970209,4.2689,NONE,999.9,0,0
12.2006,0.963634,27.1477,-0.385857,4.39998,0.950186,4.1808,NONE,999.9,0,0
12.2045,0.963634,27.1477,-0.385857,4.39998,0.950186,4.1808,NONE,999.9,0,0
12.2104,1.00363,27.1294,-0.376499,4.39998,0.938972,4.13145,NONE,999.9,0,0
12.2154,1.00363,27.1294,-0.376499,4.39998,0.938972,4.13145,NONE,999.9,0,0
12.2179,1.00363,27.1294,-0.376499,4.39998,0.938972,4.13145,NONE,999.9,0,0
12.2208,1.04383,27.1115,-0.367087,4.39998,0.927082,4.07914,NONE,999.9,0,0
12.224,1.04383,27.1115,-0.367087,4.39998,0.927082,4.07914,NONE,999.9,0,0
12.2311,1.0842,27.094,-0.357927,4.39998,0.92213,4.05735,NONE,999.9,0,0
12.2342,1.0842,27.094,-0.357927,4.39998,0.92213,4.05735,NONE,999.9,0,0
12.2362,1.0842,27.094,-0.357927,4.39998,0.92213,4.05735,NONE,999.9,0,0
12.2401,1.12476,27.0769,-0.348658,4.39998,0.915034,4.02613,NONE,999.9,0,0
12.2448,1.12476,27.0769,-0.348658,4.39998,0.915034,4.02613,NONE,999.9,0,0
12.2505,1.16548,27.0603,-0.3396,4.39998,0.913726,4.02038,NONE,999.9,0,0
12.252,1.16548,27.0603,-0.3396,4.39998,0.913726,4.02038,NONE,999.9,0,0
12.2561,1.16548,27.0603,-0.3396,4.39998,0.913726,4.02038,NONE,999.9,0,0
12.2603,1.20638,27.044,-0.330401,4.39998,0.909378,4.00125,NONE,999.9,0,0
12.2647,1.20638,27.044,-0.330401,4.39998,0.909378,4.00125,NONE,999.9,0,0
12.2694,1.24743,27.0282,-0.321389,4.39998,0.910123,4.00452,NONE,999.9,0,0
12.272,1.24743,27.0282,-0.321389,4.39998,0.910123,4.00452,NONE,999.9,0,0
12.2763,1.24743,27.0282,-0.321389,4.39998,0.910123,4.00452,NONE,999.9,0,0
12.2806,1.28863,27.0127,-0.312217,4.39998,0.907295,3.99208,NONE,999.9,0,0
12.2843,1.28863,27.0127,-0.312217,4.39998,0.907295,3.99208,NONE,999.9,0,0
12.2891,1.32999,26.9977,-0.30322,4.39998,0.909143,4.00021,NONE,999.9,0,0
12.2921,1.32999,26.9977,-0.30322,4.39998,0.909143,4.00021,NONE,999.9,0,0
12.2965,1.32999,26.9977,-0.30322,4.39998,0.909143,4.00021,NONE,999.9,0,0
12.3012,1.37149,26.9831,-0.294055,4.39998,0.907096,3.9912,NONE,999.9,0,0
12.3041,1.37149,26.9831,-0.294055,4.39998,0.907096,3.9912,NONE,999.9,0,0
12.3095,1.41312,26.9689,-0.285057,4.39998,0.909487,4.00172,NONE,999.9,0,0
12.3124,1.41312,26.9689,-0.285057,4.39998,0.909487,4.00172,NONE,999.9,0,0
12.3162,1.41312,26.9689,-0.285057,4.39998,0.909487,4.00172,NONE,999.9,0,0
12.3204,1.45489,26.955,-0.275885,4.39997,0.907802,3.99431,NONE,999.9,0,0
12.3242,1.45489,26.955,-0.275885,4.39997,0.907802,3.99431,NONE,999.9,0,0
12.3302,1.49679,26.9416,-0.266879,4.39997,0.910421,4.00583,NONE,999.9,0,0
12.3322,1.49679,26.9416,-0.266879,4.39997,0.910421,4.00583,NONE,999.9,0,0
12.3365,1.49679,26.9416,-0.266879,4.39997,0.910421,4.00583,NONE,999.9,0,0
12.3401,1.53882,26.9286,-0.257698,4.39997,0.908865,3.99898,NONE,999.9,0,0
12.3449,1.53882,26.9286,-0.257698,4.39997,0.908865,3.99898,NONE,999.9,0,0
12.349,1.58096,26.9159,-0.248681,4.39997,0.911542,4.01076,NONE,999.9,0,0
12.3521,1.58096,26.9159,-0.248681,4.39997,0.911542,4.01076,NONE,999.9,0,0
12.3561,1.58096,26.9159,-0.248681,4.39997,0.911542,4.01076,NONE,999.9,0,0
12.3602,1.62322,26.9037,-0.239488,4.39997,0.909992,4.00394,NONE,999.9,0,0
12.3642,1.62322,26.9037,-0.239488,4.39997,0.909992,4.00394,NONE,999.9,0,0
12.3688,1.6656,26.8918,-0.23046,4.39997,0.91264,4.01559,NONE,999.9,0,0
12.3719,1.6656,26.8918,-0.23046,4.39997,0.91264,4.01559,NONE,999.9,0,0
12.3765,1.6656,26.8918,-0.23046,4.39997,0.91264,4.01559,NONE,999.9,0,0
12.3805,1.70808,26.8804,-0.221257,4.39997,0.911039,4.00855,NONE,999.9,0,0
12.3838,1.70808,26.8804,-0.221257,4.39997,0.911039,4.00855,NONE,999.9,0,0
12.3887,1.75067,26.8693,-0.212218,4.39997,0.91362,4.0199,NONE,999.9,0,0
12.3921,1.75067,26.8693,-0.212218,4.39997,0.91362,4.0199,NONE,999.9,0,0
12.3964,1.75067,26.8693,-0.212218,4.39997,0.91362,4.0199,NONE,999.9,0,0
12.4,1.79336,26.8587,-0.203005,4.39997,0.911945,4.01253,NONE,999.9,0,0
12.4039,1.79336,26.8587,-0.203005,4.39997,0.911945,4.01253,NONE,999.9,0,0
12.4096,1.83615,26.8484,-0.193958,4.39997,0.914448,4.02355,NONE,999.9,0,0
12.4126,1.83615,26.8484,-0.193958,4.39997,0.914448,4.02355,NONE,999.9,0,0
12.4159,1.83615,26.8484,-0.193958,4.39997,0.914448,4.02355,NONE,999.9,0,0
12.4202,1.87903,26.8386,-0.184738,4.39997,0.912695,4.01583,NONE,999.9,0,0
12.4242,1.87903,26.8386,-0.184738,4.39997,0.912695,4.01583,NONE,999.9,0,0
12.4293,1.92199,26.8291,-0.175683,4.39997,0.915123,4.02652,NONE,999.9,0,0
12.4321,1.92199,26.8291,-0.175683,4.39997,0.915123,4.02652,NONE,999.9,0,0
12.4361,1.92199,26.8291,-0.175683,4.39997,0.915123,4.02652,NONE,999.9,0,0
12.4403,1.96505,26.82,-0.166456,4.39997,0.913299,4.01849,NONE,999.9,0,0
12.4443,1.96505,26.82,-0.166456,4.39997,0.913299,4.01849,NONE,999.9,0,0
12.4489,2.00818,26.8113,-0.157396,4.39997,0.91566,4.02888,NONE,999.9,0,0
12.4521,2.00818,26.8113,-0.157396,4.39997,0.91566,4.02888,NONE,999.9,0,0
12.4561,2.00818,26.8113,-0.157396,4.39997,0.91566,4.02888,NONE,999.9,0,0
12.4603,2.0514,26.8031,-0.148164,4.39997,0.913773,4.02058,NONE,999.9,0,0
12.464,2.0514,26.8031,-0.148164,4.39997,0.913773,4.02058,NONE,999.9,0,0
12.4691,2.09469,26.7952,-0.1391,4.39997,0.916078,4.03072,NONE,999.9,0,0
12.4722,2.09469,26.7952,-0.1391,4.39997,0.916078,4.03072,NONE,999.9,0,0
12.4762,2.09469,26.7952,-0.1391,4.39997,0.916078,4.03072,NONE,999.9,0,0
12.4801,2.13805,26.7877,-0.129864,4.39997,0.91414,4.02219,NONE,999.9,0,0
12.4842,2.13805,26.7877,-0.129864,4.39997,0.91414,4.02219,NONE,999.9,0,0
12.4893,2.18147,26.7806,-0.121114,4.39997,0.822697,3.61984,NONE,999.9,0,0
12.492,2.18147,26.7806,-0.121114,4.39997,0.822697,3.61984,NONE,999.9,0,0
12.4963,2.18147,26.7806,-0.121114,4.39997,0.822697,3.61984,NONE,999.9,0,0
12.5002,2.22494,26.7738,-0.113323,4.39997,0.755435,3.3239,NONE,999.9,0,0
12.5041,2.22494,26.7738,-0.113323,4.39997,0.755435,3.3239,NONE,999.9,0,0
12.5094,2.26846,26.7673,-0.105974,4.39997,0.699698,3.07865,NONE,999.9,0,0
12.5122,2.26846,26.7673,-0.105974,4.39997,0.699698,3.07865,NONE,999.9,0,0
12.5161,2.26846,26.7673,-0.105974,4.39997,0.699698,3.07865,NONE,999.9,0,0
12.5204,2.31203,26.7612,-0.0992668,4.39997,0.66056,2.90644,NONE,999.9,0,0
12.5243,2.31203,26.7612,-0.0992668,4.39997,0.66056,2.90644,NONE,999.9,0,0
12.5289,2.35564,26.7554,-0.0927518,4.39997,0.626914,2.7584,NONE,999.9,0,0
12.5319,2.35564,26.7554,-0.0927518,4.39997,0.626914,2.7584,NONE,999.9,0,0
12.536,2.35564,26.7554,-0.0927518,4.39997,0.626914,2.7584,NONE,999.9,0,0
12.54,2.39929,26.7498,-0.0866822,4.39997,0.605079,2.66233,NONE,999.9,0,0
12.5446,2.39929,26.7498,-0.0866822,4.39997,0.605079,2.66233,NONE,999.9,0,0
12.5488,2.44299,26.7447,-0.0806517,4.39997,0.58494,2.57372,NONE,999.9,0,0
12.5521,2.44299,26.7447,-0.0806517,4.39997,0.58494,2.57372,NONE,999.9,0,0
12.5561,2.44299,26.7447,-0.0806517,4.39997,0.58494,2.57372,NONE,999.9,0,0
12.5606,2.48671,26.7398,-0.0749471,4.39997,0.57361,2.52387,NONE,999.9,0,0
12.564,2.48671,26.7398,-0.0749471,4.39997,0.57361,2.52387,NONE,999.9,0,0
12.5691,2.53047,26.7352,-0.0691888,4.39997,0.561607,2.47106,NONE,999.9,0,0
12.572,2.53047,26.7352,-0.0691888,4.39997,0.561607,2.47106,NONE,999.9,0,0
12.5765,2.53047,26.7352,-0.0691888,4.39997,0.561607,2.47106,NONE,999.9,0,0
12.5811,2.57426,26.7309,-0.0636849,4.39997,0.556545,2.44879,NONE,999.9,0,0
12.5844,2.57426,26.7309,-0.0636849,4.39997,0.556545,2.44879,NONE,999.9,0,0
12.5895,2.61808,26.7269,-0.0580721,4.39998,0.549347,2.41711,NONE,999.9,0,0
12.5919,2.61808,26.7269,-0.0580721,4.39998,0.549347,2.41711,NONE,999.9,0,0
12.596,2.61808,26.7269,-0.0580721,4.39998,0.549347,2.41711,NONE,999.9,0,0
12.6001,2.66192,26.7231,-0.0529893,4.39998,0.454242,1.99865,NONE,999.9,0,0
12.6039,2.66192,26.7231,-0.0529893,4.39998,0.454242,1.99865,NONE,999.9,0,0
12.6088,2.70577,26.7195,-0.048896,4.39998,0.384524,1.6919,NONE,999.9,0,0
12.6123,2.70577,26.7195,-0.048896,4.39998,0.384524,1.6919,NONE,999.9,0,0
12.6164,2.70577,26.7195,-0.048896,4.39998,0.384524,1.6919,NONE,999.9,0,0
12.6203,2.74964,26.7162,-0.0452648,4.39998,0.32723,1.4398,NONE,999.9,0,0
12.6241,2.74964,26.7162,-0.0452648,4.39998,0.32723,1.4398,NONE,999.9,0,0
12.6293,2.79353,26.713,-0.0422871,4.39998,0.287198,1.26367,NONE,999.9,0,0
12.6321,2.79353,26.713,-0.0422871,4.39998,0.287198,1.26367,NONE,999.9,0,0
12.6359,2.79353,26.713,-0.0422871,4.39998,0.287198,1.26367,NONE,999.9,0,0
12.6404,2.83743,26.7101,-0.0395081,4.39998,0.25314,1.11381,NONE,999.9,0,0
12.6443,2.83743,26.7101,-0.0395081,4.39998,0.25314,1.11381,NONE,999.9,0,0
12.6492,2.88134,26.7072,-0.0371769,4.39998,0.231236,1.01743,NONE,999.9,0,0
12.6525,2.88134,26.7072,-0.0371769,4.39998,0.231236,1.01743,NONE,999.9,0,0
12.656,2.88134,26.7072,-0.0371769,4.39998,0.231236,1.01743,NONE,999.9,0,0
12.66,2.92526,26.7046,-0.0348841,4.39998,0.211265,0.929561,NONE,999.9,0,0
12.6644,2.92526,26.7046,-0.0348841,4.39998,0.211265,0.929561,NONE,999.9,0,0
12.6688,2.96919,26.7022,-0.0329147,4.39998,0.20026,0.88114,NONE,999.9,0,0
12.6721,2.96919,26.7022,-0.0329147,4.39998,0.20026,0.88114,NONE,999.9,0,0
12.6764,2.96919,26.7022,-0.0329147,4.39998,0.20026,0.88114,NONE,999.9,0,0
12.6804,3.01313,26.6999,-0.0308879,4.39998,0.188681,0.830193,NONE,999.9,0,0
12.6846,3.01313,26.6999,-0.0308879,4.39998,0.188681,0.830193,NONE,999.9,0,0
12.6892,3.05708,26.6977,-0.0291108,4.39998,0.1841,0.810037,NONE,999.9,0,0
12.692,3.05708,26.6977,-0.0291108,4.39998,0.1841,0.810037,NONE,999.9,0,0
12.6964,3.05708,26.6977,-0.0291108,4.39998,0.1841,0.810037,NONE,999.9,0,0
12.7003,3.10103,26.6957,-0.0269023,4.39998,0.271108,1.19287,NONE,999.9,0,0
12.704,3.10103,26.6957,-0.0269023,4.39998,0.271108,1.19287,NONE,999.9,0,0
12.7094,3.145,26.6939,-0.0237708,4.39998,0.335494,1.47617,NONE,999.9,0,0
12.7121,3.145,26.6939,-0.0237708,4.39998,0.335494,1.47617,NONE,999.9,0,0
12.7163,3.145,26.6939,-0.0237708,4.39998,0.335494,1.47617,NONE,999.9,0,0
12.7201,3.18897,26.6923,-0.0202197,4.39998,0.389512,1.71384,NONE,999.9,0,0
12.7238,3.18897,26.6923,-0.0202197,4.39998,0.389512,1.71384,NONE,999.9,0,0
12.7287,3.23295,26.691,-0.0160399,4.39998,0.427773,1.8822,NONE,999.9,0,0
12.7318,3.23295,26.691,-0.0160399,4.39998,0.427773,1.8822,NONE,999.9,0,0
12.7362,3.23295,26.691,-0.0160399,4.39998,0.427773,1.8822,NONE,999.9,0,0
12.74,3.27693,26.6898,-0.0116734,4.39998,0.461147,2.02904,NONE,999.9,0,0
12.7445,3.27693,26.6898,-0.0116734,4.39998,0.461147,2.02904,NONE,999.9,0,0
12.7492,3.32092,26.6888,-0.00686185,4.39998,0.483134,2.12578,NONE,999.9,0,0
12.7519,3.32092,26.6888,-0.00686185,4.39998,0.483134,2.12578,NONE,999.9,0,0
12.756,3.32092,26.6888,-0.00686185,4.39998,0.483134,2.12578,NONE,999.9,0,0
12.7601,3.36491,26.688,-0.00200825,4.39998,0.50371,2.21631,NONE,999.9,0,0
12.7642,3.36491,26.688,-0.00200825,4.39998,0.50371,2.21631,NONE,999.9,0,0
12.7689,3.40891,26.6874,0.00317665,4.39998,0.515661,2.2689,NONE,999.9,0,0
12.772,3.40891,26.6874,0.00317665,4.39998,0.515661,2.2689,NONE,999.9,0,0
12.7765,3.40891,26.6874,0.00317665,4.39998,0.515661,2.2689,NONE,999.9,0,0
12.7819,3.4529,26.687,0.00831466,4.39998,0.528392,2.32492,NONE,999.9,0,0
12.7841,3.4529,26.687,0.00831466,4.39998,0.528392,2.32492,NONE,999.9,0,0
12.789,3.4969,26.6869,0.0137145,4.39998,0.534234,2.35062,NONE,999.9,0,0
12.7925,3.4969,26.6869,0.0137145,4.39998,0.534234,2.35062,NONE,999.9,0,0
12.796,3.4969,26.6869,0.0137145,4.39998,0.534234,2.35062,NONE,999.9,0,0
12.8002,3.5409,26.6868,0.0186958,4.39998,0.448523,1.97349,NONE,999.9,0,0
12.804,3.5409,26.6868,0.0186958,4.39998,0.448523,1.97349,NONE,999.9,0,0
12.8103,3.5849,26.687,0.0227671,4.39998,0.385421,1.69585,NONE,999.9,0,0
12.8125,3.5849,26.687,0.0227671,4.39998,0.385421,1.69585,NONE,999.9,0,0
12.816,3.5849,26.687,0.0227671,4.39998,0.385421,1.69585,NONE,999.9,0,0
12.82,3.6289,26.6872,0.0264314,4.39998,0.332642,1.46362,NONE,999.9,0,0
12.8241,3.6289,26.6872,0.0264314,4.39998,0.332642,1.46362,NONE,999.9,0,0
12.829,3.6729,26.6876,0.0294791,4.39998,0.295549,1.30041,NONE,999.9,0,0
12.8322,3.6729,26.6876,0.0294791,4.39998,0.295549,1.30041,NONE,999.9,0,0
12.836,3.6729,26.6876,0.0294791,4.39998,0.295549,1.30041,NONE,999.9,0,0
12.8407,3.7169,26.6882,0.0323512,4.39998,0.263264,1.15836,NONE,999.9,0,0
12.8443,3.7169,26.6882,0.0323512,4.39998,0.263264,1.15836,NONE,999.9,0,0
12.8488,3.76089,26.6889,0.0347889,4.39998,0.242278,1.06602,NONE,999.9,0,0
12.852,3.76089,26.6889,0.0347889,4.39998,0.242278,1.06602,NONE,999.9,0,0
12.8562,3.76089,26.6889,0.0347889,4.39998,0.242278,1.06602,NONE,999.9,0,0
12.86,3.80488,26.6897,0.0371941,4.39998,0.222613,0.979493,NONE,999.9,0,0
12.8639,3.80488,26.6897,0.0371941,4.39998,0.222613,0.979493,NONE,999.9,0,0
12.8691,3.84887,26.6907,0.0392766,4.39999,0.211484,0.930528,NONE,999.9,0,0
12.8724,3.84887,26.6907,0.0392766,4.39999,0.211484,0.930528,NONE,999.9,0,0
12.878,3.84887,26.6907,0.0392766,4.39999,0.211484,0.930528,NONE,999.9,0,0
12.881,3.89286,26.6918,0.0414138,4.39999,0.199491,0.877757,NONE,999.9,0,0
12.8839,3.89286,26.6918,0.0414138,4.39999,0.199491,0.877757,NONE,999.9,0,0
12.8887,3.93684,26.693,0.0432961,4.39998,0.194307,0.85495,NONE,999.9,0,0
12.8919,3.93684,26.693,0.0432961,4.39998,0.194307,0.85495,NONE,999.9,0,0
12.8962,3.93684,26.693,0.0432961,4.39998,0.194307,0.85495,NONE,999.9,0,0
12.9001,3.98082,26.6943,0.0452854,4.39998,0.186899,0.822354,NONE,999.9,0,0
12.9043,3.98082,26.6943,0.0452854,4.39998,0.186899,0.822354,NONE,999.9,0,0
12.9095,4.0248,26.6957,0.0467425,4.39998,0.0915306,0.402733,NONE,999.9,0,0
12.9122,4.0248,26.6957,0.0467425,4.39998,0.0915306,0.402733,NONE,999.9,0,0
12.916,4.0248,26.6957,0.0467425,4.39998,0.0915306,0.402733,NONE,999.9,0,0
12.9203,4.06878,26.6971,0.0472072,4.39998,0.02152,0.0946875,NONE,999.9,0,0
12.9243,4.06878,26.6971,0.0472072,4.39998,0.02152,0.0946875,NONE,999.9,0,0
12.929,4.11275,26.6986,0.0472069,4.39998,-0.0360787,-0.158746,NONE,999.9,0,0
12.9318,4.11275,26.6986,0.0472069,4.39998,-0.0360787,-0.158746,NONE,999.9,0,0
12.9362,4.11275,26.6986,0.0472069,4.39998,-0.0360787,-0.158746,NONE,999.9,0,0
12.9404,4.15673,26.7001,0.04655,4.39998,-0.0764138,-0.336219,NONE,999.9,0,0
12.9443,4.15673,26.7001,0.04655,4.39998,-0.0764138,-0.336219,NONE,999.9,0,0
12.9491,4.2007,26.7016,0.0456914,4.39998,-0.110765,-0.487365,NONE,999.9,0,0
12.952,4.2007,26.7016,0.0456914,4.39998,-0.110765,-0.487365,NONE,999.9,0,0
12.9558,4.2007,26.7016,0.0456914,4.39998,-0.110765,-0.487365,NONE,999.9,0,0
12.9603,4.24467,26.7032,0.0443822,4.39998,-0.132948,-0.58497,NONE,999.9,0,0
12.964,4.24467,26.7032,0.0443822,4.39998,-0.132948,-0.58497,NONE,999.9,0,0
12.9691,4.28864,26.7047,0.0430318,4.39998,-0.153179,-0.673983,NONE,999.9,0,0
12.9721,4.28864,26.7047,0.0430318,4.39998,-0.153179,-0.673983,NONE,999.9,0,0
12.9763,4.28864,26.7047,0.0430318,4.39998,-0.153179,-0.673983,NONE,999.9,0,0
12.9801,4.33262,26.7062,0.0413555,4.39998,-0.164423,-0.723457,NONE,999.9,0,0
12.9839,4.33262,26.7062,0.0413555,4.39998,-0.164423,-0.723457,NONE,999.9,0,0
12.9887,4.37659,26.7078,0.0397344,4.39998,-0.17622,-0.775364,NONE,999.9,0,0
12.992,4.37659,26.7078,0.0397344,4.39998,-0.17622,-0.775364,NONE,999.9,0,0
12.9959,4.37659,26.7078,0.0397344,4.39998,-0.17622,-0.775364,NONE,999.9,0,0
13.0003,4.42056,26.7093,0.0378614,4.39998,-0.180998,-0.796388,NONE,999.9,0,0
13.0042,4.42056,26.7093,0.0378614,4.39998,-0.180998,-0.796388,NONE,999.9,0,0
13.0091,4.46454,26.7108,0.0361004,4.39998,-0.18787,-0.826624,NONE,999.9,0,0
13.012,4.46454,26.7108,0.0361004,4.39998,-0.18787,-0.826624,NONE,999.9,0,0
13.0159,4.46454,26.7108,0.0361004,4.39998,-0.18787,-0.826624,NONE,999.9,0,0
13.0199,4.50851,26.7122,0.0341304,4.39998,-0.188925,-0.831267,NONE,999.9,0,0
13.0239,4.50851,26.7122,0.0341304,4.39998,-0.188925,-0.831267,NONE,999.9,0,0
13.029,4.55249,26.7137,0.0323047,4.39998,-0.193008,-0.849234,NONE,999.9,0,0
13.0324,4.55249,26.7137,0.0323047,4.39998,-0.193008,-0.849234,NONE,999.9,0,0
13.0361,4.55249,26.7137,0.0323047,4.39998,-0.193008,-0.849234,NONE,999.9,0,0
13.0399,4.59647,26.7151,0.0302942,4.39998,-0.191999,-0.844792,NONE,999.9,0,0
13.0443,4.59647,26.7151,0.0302942,4.39998,-0.191999,-0.844792,NONE,999.9,0,0
13.0492,4.64045,26.7164,0.0284457,4.39998,-0.194575,-0.856125,NONE,999.9,0,0
13.0519,4.64045,26.7164,0.0284457,4.39998,-0.194575,-0.856125,NONE,999.9,0,0
13.0562,4.64045,26.7164,0.0284457,4.39998,-0.194575,-0.856125,NONE,999.9,0,0
13.0605,4.68443,26.7177,0.0264253,4.39998,-0.192484,-0.846927,NONE,999.9,0,0
13.0644,4.68443,26.7177,0.0264253,4.39998,-0.192484,-0.846927,NONE,999.9,0,0
13.0692,4.72841,26.7189,0.024576,4.39998,-0.194304,-0.854934,NONE,999.9,0,0
13.0721,4.72841,26.7189,0.024576,4.39998,-0.194304,-0.854934,NONE,999.9,0,0
13.0766,4.72841,26.7189,0.024576,4.39998,-0.194304,-0.854934,NONE,999.9,0,0
13.0811,4.7724,26.7201,0.022561,4.39998,-0.191702,-0.843487,NONE,999.9,0,0
13.084,4.7724,26.7201,0.022561,4.39998,-0.191702,-0.843487,NONE,999.9,0,0
13.0891,4.81638,26.7212,0.0207212,4.39998,-0.193194,-0.850051,NONE,999.9,0,0
13.0919,4.81638,26.7212,0.0207212,4.39998,-0.193194,-0.850051,NONE,999.9,0,0
13.0967,4.81638,26.7212,0.0207212,4.39998,-0.193194,-0.850051,NONE,999.9,0,0
13.1004,4.86037,26.7223,0.0187184,4.39999,-0.1904,-0.837759,NONE,999.9,0,0
13.104,4.86037,26.7223,0.0187184,4.39999,-0.1904,-0.837759,NONE,999.9,0,0
13.1096,4.90436,26.7233,0.0172099,4.39999,-0.0980961,-0.431621,NONE,999.9,0,0
13.1122,4.90436,26.7233,0.0172099,4.39999,-0.0980961,-0.431621,NONE,999.9,0,0
13.1159,4.90436,26.7233,0.0172099,4.39999,-0.0980961,-0.431621,NONE,999.9,0,0
13.12,4.94834,26.7243,0.0166691,4.39999,-0.0299957,-0.13198,NONE,999.9,0,0
13.1241,4.94834,26.7243,0.0166691,4.39999,-0.0299957,-0.13198,NONE,999.9,0,0
13.1295,4.99233,26.7253,0.0165788,4.39999,0.0265411,0.116781,NONE,999.9,0,0
13.1319,4.99233,26.7253,0.0165788,4.39999,0.0265411,0.116781,NONE,999.9,0,0
13.1363,4.99233,26.7253,0.0165788,4.39999,0.0265411,0.116781,NONE,999.9,0,0
13.1401,5.03632,26.7264,0.0171376,4.39999,0.0664277,0.292281,NONE,999.9,0,0
13.1444,5.03632,26.7264,0.0171376,4.39999,0.0664277,0.292281,NONE,999.9,0,0
13.1492,5.08031,26.7274,0.017896,4.39999,0.100765,0.443364,NONE,999.9,0,0
13.1519,5.08031,26.7274,0.017896,4.39999,0.100765,0.443364,NONE,999.9,0,0
13.156,5.08031,26.7274,0.017896,4.39999,0.100765,0.443364,NONE,999.9,0,0
13.1602,5.12429,26.7285,0.0191065,4.39999,0.123232,0.54222,NONE,999.9,0,0
13.1642,5.12429,26.7285,0.0191065,4.39999,0.123232,0.54222,NONE,999.9,0,0
13.1696,5.16828,26.7296,0.020362,4.39999,0.143943,0.633349,NONE,999.9,0,0
13.1721,5.16828,26.7296,0.020362,4.39999,0.143943,0.633349,NONE,999.9,0,0
13.1761,5.16828,26.7296,0.020362,4.39999,0.143943,0.633349,NONE,999.9,0,0
13.1802,5.21227,26.7307,0.0219489,4.39999,0.155789,0.685469,NONE,999.9,0,0
13.1843,5.21227,26.7307,0.0219489,4.39999,0.155789,0.685469,NONE,999.9,0,0
13.1889,5.25625,26.7318,0.0231692,4.39999,0.0745501,0.328019,NONE,999.9,0,0
13.1923,5.25625,26.7318,0.0231692,4.39999,0.0745501,0.328019,NONE,999.9,0,0
13.1963,5.25625,26.7318,0.0231692,4.39999,0.0745501,0.328019,NONE,999.9,0,0
13.2001,5.30024,26.7328,0.023518,4.39999,0.0147368,0.0648419,NONE,999.9,0,0
13.204,5.30024,26.7328,0.023518,4.39999,0.0147368,0.0648419,NONE,999.9,0,0
13.2092,5.34423,26.7338,0.023488,4.39999,-0.0356634,-0.156918,NONE,999.9,0,0
13.2123,5.34423,26.7338,0.023488,4.39999,-0.0356634,-0.156918,NONE,999.9,0,0
13.216,5.34423,26.7338,0.023488,4.39999,-0.0356634,-0.156918,NONE,999.9,0,0
13.2201,5.38822,26.7347,0.0228616,4.39999,-0.0710698,-0.312706,NONE,999.9,0,0
13.2243,5.38822,26.7347,0.0228616,4.39999,-0.0710698,-0.312706,NONE,999.9,0,0
13.2291,5.43221,26.7357,0.0220737,4.39999,-0.102195,-0.449659,NONE,999.9,0,0
13.2323,5.43221,26.7357,0.0220737,4.39999,-0.102195,-0.449659,NONE,999.9,0,0
13.236,5.43221,26.7357,0.0220737,4.39999,-0.102195,-0.449659,NONE,999.9,0,0
13.24,5.4762,26.7366,0.0208609,4.39999,-0.122417,-0.538631,NONE,999.9,0,0
13.2442,5.4762,26.7366,0.0208609,4.39999,-0.122417,-0.538631,NONE,999.9,0,0
13.2489,5.52019,26.7374,0.0196217,4.39999,-0.14161,-0.623082,NONE,999.9,0,0
13.2519,5.52019,26.7374,0.0196217,4.39999,-0.14161,-0.623082,NONE,999.9,0,0
13.2561,5.52019,26.7374,0.0196217,4.39999,-0.14161,-0.623082,NONE,999.9,0,0
13.2604,5.56418,26.7382,0.0180634,4.39999,-0.152482,-0.670921,NONE,999.9,0,0
13.2641,5.56418,26.7382,0.0180634,4.39999,-0.152482,-0.670921,NONE,999.9,0,0
13.2687,5.60818,26.739,0.0165616,4.39999,-0.164375,-0.723249,NONE,999.9,0,0
13.2719,5.60818,26.739,0.0165616,4.39999,-0.164375,-0.723249,NONE,999.9,0,0
13.2789,5.60818,26.739,0.0165616,4.39999,-0.164375,-0.723249,NONE,999.9,0,0
13.2822,5.65217,26.7397,0.0148052,4.39999,-0.169568,-0.746096,NONE,999.9,0,0
13.2839,5.65217,26.7397,0.0148052,4.39999,-0.169568,-0.746096,NONE,999.9,0,0
13.2895,5.69617,26.7404,0.0131555,4.39999,-0.17706,-0.77906,NONE,999.9,0,0
13.292,5.69617,26.7404,0.0131555,4.39999,-0.17706,-0.77906,NONE,999.9,0,0
13.2972,5.69617,26.7404,0.0131555,4.39999,-0.17706,-0.77906,NONE,999.9,0,0
13.2999,5.74016,26.7411,0.01129,4.39999,-0.178859,-0.786976,NONE,999.9,0,0
13.3042,5.74016,26.7411,0.01129,4.39999,-0.178859,-0.786976,NONE,999.9,0,0
13.309,5.78416,26.7416,0.00956097,4.39999,-0.183748,-0.80849,NONE,999.9,0,0
13.3126,5.78416,26.7416,0.00956097,4.39999,-0.183748,-0.80849,NONE,999.9,0,0
13.3161,5.78416,26.7416,0.00956097,4.39999,-0.183748,-0.80849,NONE,999.9,0,0
13.3204,5.82815,26.7421,0.00763899,4.39999,-0.183564,-0.807681,NONE,999.9,0,0
13.3242,5.82815,26.7421,0.00763899,4.39999,-0.183564,-0.807681,NONE,999.9,0,0
13.3304,5.87215,26.7426,0.00587072,4.39999,-0.186955,-0.822599,NONE,999.9,0,0
13.3326,5.87215,26.7426,0.00587072,4.39999,-0.186955,-0.822599,NONE,999.9,0,0
13.336,5.87215,26.7426,0.00587072,4.39999,-0.186955,-0.822599,NONE,999.9,0,0
13.3404,5.91615,26.743,0.00392257,4.39999,-0.185647,-0.816847,NONE,999.9,0,0
13.3449,5.91615,26.743,0.00392257,4.39999,-0.185647,-0.816847,NONE,999.9,0,0
13.3496,5.96015,26.7433,0.00213785,4.39999,-0.188206,-0.828103,NONE,999.9,0,0
13.3528,5.96015,26.7433,0.00213785,4.39999,-0.188206,-0.828103,NONE,999.9,0,0
13.3563,5.96015,26.7433,0.00213785,4.39999,-0.188206,-0.828103,NONE,999.9,0,0
13.3601,6.00415,26.7436,0.000180392,4.39999,-0.18629,-0.819676,NONE,999.9,0,0
13.3642,6.00415,26.7436,0.000180392,4.39999,-0.18629,-0.819676,NONE,999.9,0,0
13.3695,6.04815,26.7438,-0.00144959,4.39999,-0.141561,-0.622867,NONE,999.9,0,0
13.3722,6.04815,26.7438,-0.00144959,4.39999,-0.141561,-0.622867,NONE,999.9,0,0
13.3765,6.04815,26.7438,-0.00144959,4.39999,-0.141561,-0.622867,NONE,999.9,0,0
13.3804,6.09215,26.744,-0.0025247,4.39999,-0.0598475,-0.263328,NONE,999.9,0,0
13.389,6.09215,26.744,-0.0025247,4.39999,-0.0598475,-0.263328,NONE,999.9,0,0
13.3919,6.13615,26.7442,-0.00272663,4.39999,-0.000140684,-0.000619008,NONE,999.9,0,0
13.3964,6.13615,26.7442,-0.00272663,4.39999,-0.000140684,-0.000619008,NONE,999.9,0,0
13.4002,6.18015,26.7444,-0.00255294,4.39999,0.0497574,0.218932,NONE,999.9,0,0
13.4042,6.18015,26.7444,-0.00255294,4.39999,0.0497574,0.218932,NONE,999.9,0,0
13.4092,6.22414,26.7446,-0.00178916,4.39999,0.0844048,0.37138,NONE,999.9,0,0
13.4124,6.22414,26.7446,-0.00178916,4.39999,0.0844048,0.37138,NONE,999.9,0,0
13.4168,6.22414,26.7446,-0.00178916,4.39999,0.0844048,0.37138,NONE,999.9,0,0
13.4209,6.26814,26.7448,-0.000872442,4.39999,0.114617,0.504316,NONE,999.9,0,0
13.4241,6.26814,26.7448,-0.000872442,4.39999,0.114617,0.504316,NONE,999.9,0,0
13.4288,6.31214,26.745,0.00045967,4.39999,0.133847,0.588924,NONE,999.9,0,0
13.432,6.31214,26.745,0.00045967,4.39999,0.133847,0.588924,NONE,999.9,0,0
13.4361,6.31214,26.745,0.00045967,4.39999,0.133847,0.588924,NONE,999.9,0,0
13.4401,6.35614,26.7453,0.00180811,4.39999,0.152023,0.668901,NONE,999.9,0,0
13.4447,6.35614,26.7453,0.00180811,4.39999,0.152023,0.668901,NONE,999.9,0,0
13.4493,6.40014,26.7455,0.00346549,4.39999,0.161892,0.712322,NONE,999.9,0,0
13.4522,6.40014,26.7455,0.00346549,4.39999,0.161892,0.712322,NONE,999.9,0,0
13.4561,6.40014,26.7455,0.00346549,4.39999,0.161892,0.712322,NONE,999.9,0,0
13.4601,6.44414,26.7458,0.00505657,4.39999,0.172819,0.760401,NONE,999.9,0,0
13.464,6.44414,26.7458,0.00505657,4.39999,0.172819,0.760401,NONE,999.9,0,0
13.469,6.48814,26.7462,0.00689273,4.39999,0.1771,0.779239,NONE,999.9,0,0
13.4718,6.48814,26.7462,0.00689273,4.39999,0.1771,0.779239,NONE,999.9,0,0
13.4764,6.48814,26.7462,0.00689273,4.39999,0.1771,0.779239,NONE,999.9,0,0
13.4807,6.53214,26.7465,0.00845466,4.39999,0.136894,0.602333,NONE,999.9,0,0
13.4847,6.53214,26.7465,0.00845466,4.39999,0.136894,0.602333,NONE,999.9,0,0
13.4887,6.57614,26.7468,0.00950023,4.39999,0.0584222,0.257057,NONE,999.9,0,0
13.4918,6.57614,26.7468,0.00950023,4.39999,0.0584222,0.257057,NONE,999.9,0,0
13.4963,6.57614,26.7468,0.00950023,4.39999,0.0584222,0.257057,NONE,999.9,0,0
13.5001,6.62014,26.7471,0.00969996,4.39999,0.000982296,0.00432209,NONE,999.9,0,0
13.504,6.62014,26.7471,0.00969996,4.39999,0.000982296,0.00432209,NONE,999.9,0,0
13.5089,6.66413,26.7474,0.00954287,4.39999,-0.0473846,-0.208492,NONE,999.9,0,0
13.5122,6.66413,26.7474,0.00954287,4.39999,-0.0473846,-0.208492,NONE,999.9,0,0
13.5162,6.66413,26.7474,0.00954287,4.39999,-0.0473846,-0.208492,NONE,999.9,0,0
13.52,6.70813,26.7477,0.00880812,4.39999,-0.0810508,-0.356623,NONE,999.9,0,0
13.5238,6.70813,26.7477,0.00880812,4.39999,-0.0810508,-0.356623,NONE,999.9,0,0
13.5285,6.75213,26.7479,0.00792811,4.39999,-0.110689,-0.487029,NONE,999.9,0,0
13.5318,6.75213,26.7479,0.00792811,4.39999,-0.110689,-0.487029,NONE,999.9,0,0
13.5362,6.75213,26.7479,0.00792811,4.39999,-0.110689,-0.487029,NONE,999.9,0,0
13.5401,6.79613,26.7481,0.00663689,4.39999,-0.129639,-0.57041,NONE,999.9,0,0
13.5445,6.79613,26.7481,0.00663689,4.39999,-0.129639,-0.57041,NONE,999.9,0,0
13.5495,6.84013,26.7483,0.00533102,4.39999,-0.147748,-0.650088,NONE,999.9,0,0
13.5521,6.84013,26.7483,0.00533102,4.39999,-0.147748,-0.650088,NONE,999.9,0,0
13.5561,6.84013,26.7483,0.00533102,4.39999,-0.147748,-0.650088,NONE,999.9,0,0
13.5605,6.88413,26.7484,0.0037161,4.39999,-0.157695,-0.693857,NONE,999.9,0,0
13.564,6.88413,26.7484,0.0037161,4.39999,-0.157695,-0.693857,NONE,999.9,0,0
13.5688,6.92813,26.7485,0.00216617,4.39999,-0.1688,-0.742719,NONE,999.9,0,0
13.5719,6.92813,26.7485,0.00216617,4.39999,-0.1688,-0.742719,NONE,999.9,0,0
13.5768,6.92813,26.7485,0.00216617,4.39999,-0.1688,-0.742719,NONE,999.9,0,0
13.5817,6.97213,26.7486,0.000369029,4.39999,-0.173321,-0.762613,NONE,999.9,0,0
13.5841,6.97213,26.7486,0.000369029,4.39999,-0.173321,-0.762613,NONE,999.9,0,0
13.5888,7.01613,26.7486,-0.000997607,4.39999,-0.08654,-0.380775,NONE,999.9,0,0
13.5919,7.01613,26.7486,-0.000997607,4.39999,-0.08654,-0.380775,NONE,999.9,0,0
13.5962,7.01613,26.7486,-0.000997607,4.39999,-0.08654,-0.380775,NONE,999.9,0,0
13.6,7.06013,26.7487,-0.00144454,4.39999,-0.0225701,-0.0993082,NONE,999.9,0,0
13.6041,7.06013,26.7487,-0.00144454,4.39999,-0.0225701,-0.0993082,NONE,999.9,0,0
13.61,7.10413,26.7488,-0.00147669,4.39999,0.0309134,0.136019,NONE,999.9,0,0
13.6128,7.10413,26.7488,-0.00147669,4.39999,0.0309134,0.136019,NONE,999.9,0,0
13.6161,7.10413,26.7488,-0.00147669,4.39999,0.0309134,0.136019,NONE,999.9,0,0
13.6205,7.14813,26.7489,-0.000885837,4.39999,0.0685758,0.301733,NONE,999.9,0,0
13.6239,7.14813,26.7489,-0.000885837,4.39999,0.0685758,0.301733,NONE,999.9,0,0
13.6291,7.19213,26.7491,-0.000114368,4.39999,0.101323,0.445821,NONE,999.9,0,0
13.6319,7.19213,26.7491,-0.000114368,4.39999,0.101323,0.445821,NONE,999.9,0,0
13.6361,7.19213,26.7491,-0.000114368,4.39999,0.101323,0.445821,NONE,999.9,0,0
13.6402,7.23613,26.7493,0.00109576,4.39999,0.122683,0.539804,NONE,999.9,0,0
13.6445,7.23613,26.7493,0.00109576,4.39999,0.122683,0.539804,NONE,999.9,0,0
13.649,7.28013,26.7494,0.00234178,4.39999,0.14265,0.627659,NONE,999.9,0,0
13.6522,7.28013,26.7494,0.00234178,4.39999,0.14265,0.627659,NONE,999.9,0,0
13.6561,7.28013,26.7494,0.00234178,4.39999,0.14265,0.627659,NONE,999.9,0,0
13.66,7.32413,26.7497,0.00391317,4.39999,0.154023,0.6777,NONE,999.9,0,0
13.6639,7.32413,26.7497,0.00391317,4.39999,0.154023,0.6777,NONE,999.9,0,0
13.6692,7.36813,26.7499,0.00543206,4.39999,0.166214,0.731341,NONE,999.9,0,0
13.674,7.36813,26.7499,0.00543206,4.39999,0.166214,0.731341,NONE,999.9,0,0
13.6774,7.36813,26.7499,0.00543206,4.39999,0.166214,0.731341,NONE,999.9,0,0
13.682,7.41213,26.7502,0.00720765,4.39999,0.171557,0.75485,NONE,999.9,0,0
13.6846,7.41213,26.7502,0.00720765,4.39999,0.171557,0.75485,NONE,999.9,0,0
13.6888,7.45613,26.7506,0.00887759,4.39999,0.179094,0.788013,NONE,999.9,0,0
13.6922,7.45613,26.7506,0.00887759,4.39999,0.179094,0.788013,NONE,999.9,0,0
13.696,7.45613,26.7506,0.00887759,4.39999,0.179094,0.788013,NONE,999.9,0,0
13.7001,7.50012,26.7509,0.0107633,4.39999,0.180864,0.7958,NONE,999.9,0,0
13.7046,7.50012,26.7509,0.0107633,4.39999,0.180864,0.7958,NONE,999.9,0,0
13.7105,7.54412,26.7514,0.0125121,4.39999,0.185675,0.816968,NONE,999.9,0,0
13.7127,7.54412,26.7514,0.0125121,4.39999,0.185675,0.816968,NONE,999.9,0,0
13.7161,7.54412,26.7514,0.0125121,4.39999,0.185675,0.816968,NONE,999.9,0,0
13.7205,7.58812,26.7519,0.0144528,4.39999,0.18538,0.815671,NONE,999.9,0,0
13.7241,7.58812,26.7519,0.0144528,4.39999,0.18538,0.815671,NONE,999.9,0,0
13.729,7.63212,26.7524,0.0160797,4.39999,0.14179,0.623875,NONE,999.9,0,0
13.7319,7.63212,26.7524,0.0160797,4.39999,0.14179,0.623875,NONE,999.9,0,0
13.7367,7.63212,26.7524,0.0160797,4.39999,0.14179,0.623875,NONE,999.9,0,0
13.7403,7.67611,26.7529,0.0171612,4.39999,0.0608514,0.267746,NONE,999.9,0,0
13.745,7.67611,26.7529,0.0171612,4.39999,0.0608514,0.267746,NONE,999.9,0,0
13.749,7.72011,26.7534,0.0173759,4.39999,0.00164696,0.00724662,NONE,999.9,0,0
13.752,7.72011,26.7534,0.0173759,4.39999,0.00164696,0.00724662,NONE,999.9,0,0
13.7563,7.72011,26.7534,0.0173759,4.39999,0.00164696,0.00724662,NONE,999.9,0,0
13.7605,7.76411,26.754,0.0172189,4.39999,-0.0479505,-0.210982,NONE,999.9,0,0
13.764,7.76411,26.754,0.0172189,4.39999,-0.0479505,-0.210982,NONE,999.9,0,0
13.7694,7.8081,26.7544,0.0164741,4.39999,-0.0824448,-0.362757,NONE,999.9,0,0
13.7723,7.8081,26.7544,0.0164741,4.39999,-0.0824448,-0.362757,NONE,999.9,0,0
13.7767,7.8081,26.7544,0.0164741,4.39999,-0.0824448,-0.362757,NONE,999.9,0,0
13.7803,7.8521,26.7549,0.0155773,4.39999,-0.11261,-0.495483,NONE,999.9,0,0
13.7841,7.8521,26.7549,0.0155773,4.39999,-0.11261,-0.495483,NONE,999.9,0,0
13.7888,7.8961,26.7554,0.0142652,4.39999,-0.131866,-0.580208,NONE,999.9,0,0
13.7921,7.8961,26.7554,0.0142652,4.39999,-0.131866,-0.580208,NONE,999.9,0,0
13.796,7.8961,26.7554,0.0142652,4.39999,-0.131866,-0.580208,NONE,999.9,0,0
13.8006,7.9401,26.7558,0.0129362,4.39999,-0.150119,-0.66052,NONE,999.9,0,0
13.8046,7.9401,26.7558,0.0129362,4.39999,-0.150119,-0.66052,NONE,999.9,0,0
13.8097,7.98409,26.7563,0.0112973,4.39999,-0.160095,-0.704419,NONE,999.9,0,0
13.8129,7.98409,26.7563,0.0112973,4.39999,-0.160095,-0.704419,NONE,999.9,0,0
13.8166,7.98409,26.7563,0.0112973,4.39999,-0.160095,-0.704419,NONE,999.9,0,0
13.8203,8.02809,26.7566,0.00972361,4.39999,-0.17115,-0.753058,NONE,999.9,0,0
13.8241,8.02809,26.7566,0.00972361,4.39999,-0.17115,-0.753058,NONE,999.9,0,0
13.8291,8.07209,26.757,0.00790345,4.39999,-0.175567,-0.772496,NONE,999.9,0,0
13.8328,8.07209,26.757,0.00790345,4.39999,-0.175567,-0.772496,NONE,999.9,0,0
13.838,8.07209,26.757,0.00790345,4.39999,-0.175567,-0.772496,NONE,999.9,0,0
13.8421,8.11609,26.7573,0.0061973,4.39999,-0.182351,-0.802345,NONE,999.9,0,0
13.8443,8.11609,26.7573,0.0061973,4.39999,-0.182351,-0.802345,NONE,999.9,0,0
13.8498,8.16009,26.7576,0.00428218,4.39999,-0.183509,-0.807437,NONE,999.9,0,0
13.8524,8.16009,26.7576,0.00428218,4.39999,-0.183509,-0.807437,NONE,999.9,0,0
13.8561,8.16009,26.7576,0.00428218,4.39999,-0.183509,-0.807437,NONE,999.9,0,0
13.8604,8.20409,26.7578,0.00266842,4.39999,-0.14097,-0.620267,NONE,999.9,0,0
13.8651,8.20409,26.7578,0.00266842,4.39999,-0.14097,-0.620267,NONE,999.9,0,0
13.8693,8.24809,26.758,0.00159113,4.39999,-0.0607773,-0.26742,NONE,999.9,0,0
13.8721,8.24809,26.758,0.00159113,4.39999,-0.0607773,-0.26742,NONE,999.9,0,0
13.8767,8.24809,26.758,0.00159113,4.39999,-0.0607773,-0.26742,NONE,999.9,0,0
13.8805,8.29209,26.7583,0.00137445,4.39999,-0.002087,-0.00918279,NONE,999.9,0,0
13.884,8.29209,26.7583,0.00137445,4.39999,-0.002087,-0.00918279,NONE,999.9,0,0
13.889,8.33608,26.7586,0.00152521,4.39999,0.0471705,0.20755,NONE,999.9,0,0
13.8919,8.33608,26.7586,0.00152521,4.39999,0.0471705,0.20755,NONE,999.9,0,0
13.8967,8.33608,26.7586,0.00152521,4.39999,0.0471705,0.20755,NONE,999.9,0,0
13.9006,8.38008,26.7589,0.0022611,4.39999,0.0814545,0.358399,NONE,999.9,0,0
13.9041,8.38008,26.7589,0.0022611,4.39999,0.0814545,0.358399,NONE,999.9,0,0
13.9094,8.42408,26.7592,0.00314736,4.39999,0.111504,0.490618,NONE,999.9,0,0
13.9121,8.42408,26.7592,0.00314736,4.39999,0.111504,0.490618,NONE,999.9,0,0
13.9162,8.42408,26.7592,0.00314736,4.39999,0.111504,0.490618,NONE,999.9,0,0
13.9204,8.46808,26.7595,0.00444814,4.39999,0.130713,0.575138,NONE,999.9,0,0
13.924,8.46808,26.7595,0.00444814,4.39999,0.130713,0.575138,NONE,999.9,0,0
13.9303,8.51208,26.7598,0.00576557,4.39999,0.148968,0.655459,NONE,999.9,0,0
13.9323,8.51208,26.7598,0.00576557,4.39999,0.148968,0.655459,NONE,999.9,0,0
13.9361,8.51208,26.7598,0.00576557,4.39999,0.148968,0.655459,NONE,999.9,0,0
13.9402,8.55608,26.7602,0.00739307,4.39999,0.15898,0.699512,NONE,999.9,0,0
13.9445,8.55608,26.7602,0.00739307,4.39999,0.15898,0.699512,NONE,999.9,0,0
13.9496,8.60008,26.7606,0.00895593,4.39999,0.170091,0.748401,NONE,999.9,0,0
13.9519,8.60008,26.7606,0.00895593,4.39999,0.170091,0.748401,NONE,999.9,0,0
13.9562,8.60008,26.7606,0.00895593,4.39999,0.170091,0.748401,NONE,999.9,0,0
13.9611,8.64407,26.7611,0.0107658,4.39999,0.174579,0.768148,NONE,999.9,0,0
13.9644,8.64407,26.7611,0.0107658,4.39999,0.174579,0.768148,NONE,999.9,0,0
13.969,8.68807,26.7616,0.0124625,4.39999,0.18144,0.798336,NONE,999.9,0,0
13.9722,8.68807,26.7616,0.0124625,4.39999,0.18144,0.798336,NONE,999.9,0,0
13.9765,8.68807,26.7616,0.0124625,4.39999,0.18144,0.798336,NONE,999.9,0,0
13.9805,8.73207,26.7621,0.0143689,4.39999,0.182677,0.803779,NONE,999.9,0,0
13.9841,8.73207,26.7621,0.0143689,4.39999,0.182677,0.803779,NONE,999.9,0,0
13.9891,8.77606,26.7627,0.0161336,4.39999,0.187069,0.823103,NONE,999.9,0,0
13.9924,8.77606,26.7627,0.0161336,4.39999,0.187069,0.823103,NONE,999.9,0,0
13.9966,8.77606,26.7627,0.0161336,4.39999,0.187069,0.823103,NONE,999.9,0,0
14.0003,8.82006,26.7634,0.0180866,4.39999,0.186446,0.820361,NONE,999.9,0,0
14.0039,8.82006,26.7634,0.0180866,4.39999,0.186446,0.820361,NONE,999.9,0,0
14.0092,8.86405,26.7641,0.0195639,4.39999,0.0957476,0.421289,NONE,999.9,0,0
14.0123,8.86405,26.7641,0.0195639,4.39999,0.0957476,0.421289,NONE,999.9,0,0
14.0159,8.86405,26.7641,0.0195639,4.39999,0.0957476,0.421289,NONE,999.9,0,0
14.0202,8.90805,26.7647,0.0200874,4.39999,0.0288185,0.126801,NONE,999.9,0,0
14.0249,8.90805,26.7647,0.0200874,4.39999,0.0288185,0.126801,NONE,999.9,0,0
14.0294,8.95204,26.7653,0.0201705,4.39999,-0.0268798,-0.118271,NONE,999.9,0,0
14.0321,8.95204,26.7653,0.0201705,4.39999,-0.0268798,-0.118271,NONE,999.9,0,0
14.0364,8.95204,26.7653,0.0201705,4.39999,-0.0268798,-0.118271,NONE,999.9,0,0
14.0402,8.99604,26.766,0.0196113,4.39999,-0.066181,-0.291196,NONE,999.9,0,0
14.0449,8.99604,26.766,0.0196113,4.39999,-0.066181,-0.291196,NONE,999.9,0,0
14.0495,9.04003,26.7666,0.0188575,4.39999,-0.100123,-0.440543,NONE,999.9,0,0
14.0519,9.04003,26.7666,0.0188575,4.39999,-0.100123,-0.440543,NONE,999.9,0,0
14.0566,9.04003,26.7666,0.0188575,4.39999,-0.100123,-0.440543,NONE,999.9,0,0
14.0613,9.08403,26.7672,0.0176549,4.39999,-0.122339,-0.53829,NONE,999.9,0,0
14.0641,9.08403,26.7672,0.0176549,4.39999,-0.122339,-0.53829,NONE,999.9,0,0
14.0691,9.12803,26.7678,0.0164091,4.39999,-0.142903,-0.628774,NONE,999.9,0,0
14.0721,9.12803,26.7678,0.0164091,4.39999,-0.142903,-0.628774,NONE,999.9,0,0
14.0765,9.12803,26.7678,0.0164091,4.39999,-0.142903,-0.628774,NONE,999.9,0,0
14.0813,9.17202,26.7683,0.014833,4.39999,-0.154679,-0.680587,NONE,999.9,0,0
14.0842,9.17202,26.7683,0.014833,4.39999,-0.154679,-0.680587,NONE,999.9,0,0
14.0901,9.21602,26.7688,0.0133062,4.39999,-0.167127,-0.735358,NONE,999.9,0,0
14.0927,9.21602,26.7688,0.0133062,4.39999,-0.167127,-0.735358,NONE,999.9,0,0
14.0961,9.21602,26.7688,0.0133062,4.39999,-0.167127,-0.735358,NONE,999.9,0,0
14.1004,9.26002,26.7693,0.0115206,4.39999,-0.17262,-0.759526,NONE,999.9,0,0
14.1044,9.26002,26.7693,0.0115206,4.39999,-0.17262,-0.759526,NONE,999.9,0,0
14.1092,9.30401,26.7698,0.00983966,4.39999,-0.180228,-0.793003,NONE,999.9,0,0
14.1131,9.30401,26.7698,0.00983966,4.39999,-0.180228,-0.793003,NONE,999.9,0,0
14.116,9.30401,26.7698,0.00983966,4.39999,-0.180228,-0.793003,NONE,999.9,0,0
14.1217,9.34801,26.7702,0.00794249,4.39999,-0.182014,-0.800859,NONE,999.9,0,0
14.1242,9.34801,26.7702,0.00794249,4.39999,-0.182014,-0.800859,NONE,999.9,0,0
14.1296,9.39201,26.7706,0.00618232,4.39999,-0.186801,-0.821925,NONE,999.9,0,0
14.1319,9.39201,26.7706,0.00618232,4.39999,-0.186801,-0.821925,NONE,999.9,0,0
14.1393,9.39201,26.7706,0.00618232,4.39999,-0.186801,-0.821925,NONE,999.9,0,0
14.1423,9.43601,26.7709,0.00423057,4.39999,-0.186458,-0.820414,NONE,999.9,0,0
14.1446,9.43601,26.7709,0.00423057,4.39999,-0.186458,-0.820414,NONE,999.9,0,0
14.1492,9.48001,26.7711,0.00243432,4.39999,-0.189654,-0.834475,NONE,999.9,0,0
14.1526,9.48001,26.7711,0.00243432,4.39999,-0.189654,-0.834475,NONE,999.9,0,0
14.1565,9.48001,26.7711,0.00243432,4.39999,-0.189654,-0.834475,NONE,999.9,0,0
14.1601,9.52401,26.7713,0.000460233,4.39999,-0.188133,-0.827786,NONE,999.9,0,0
14.164,9.52401,26.7713,0.000460233,4.39999,-0.188133,-0.827786,NONE,999.9,0,0
14.1689,9.56801,26.7715,-0.00103053,4.39999,-0.0967699,-0.425787,NONE,999.9,0,0
14.172,9.56801,26.7715,-0.00103053,4.39999,-0.0967699,-0.425787,NONE,999.9,0,0
14.1766,9.56801,26.7715,-0.00103053,4.39999,-0.0967699,-0.425787,NONE,999.9,0,0
14.1806,9.61201,26.7717,-0.00156169,4.39999,-0.0293541,-0.129158,NONE,999.9,0,0
14.1843,9.61201,26.7717,-0.00156169,4.39999,-0.0293541,-0.129158,NONE,999.9,0,0
14.1894,9.65601,26.7719,-0.00164822,4.39999,0.0266939,0.117453,NONE,999.9,0,0
14.1919,9.65601,26.7719,-0.00164822,4.39999,0.0266939,0.117453,NONE,999.9,0,0
14.196,9.65601,26.7719,-0.00164822,4.39999,0.0266939,0.117453,NONE,999.9,0,0
14.2002,9.70001,26.7721,-0.00108964,4.39999,0.0662406,0.291458,NONE,999.9,0,0
14.2039,9.70001,26.7721,-0.00108964,4.39999,0.0662406,0.291458,NONE,999.9,0,0
14.2098,9.74401,26.7723,-0.000334332,4.39999,0.10035,0.441539,NONE,999.9,0,0
14.213,9.74401,26.7723,-0.000334332,4.39999,0.10035,0.441539,NONE,999.9,0,0
14.2167,9.74401,26.7723,-0.000334332,4.39999,0.10035,0.441539,NONE,999.9,0,0
14.2207,9.78801,26.7726,0.000871174,4.39999,0.122673,0.539761,NONE,999.9,0,0
14.2241,9.78801,26.7726,0.000871174,4.39999,0.122673,0.539761,NONE,999.9,0,0
14.2289,9.832,26.7728,0.00212062,4.39999,0.143302,0.630527,NONE,999.9,0,0
14.2322,9.832,26.7728,0.00212062,4.39999,0.143302,0.630527,NONE,999.9,0,0
14.236,9.832,26.7728,0.00212062,4.39999,0.143302,0.630527,NONE,999.9,0,0
14.2402,9.876,26.7731,0.00370086,4.39999,0.15511,0.682482,NONE,999.9,0,0
14.2443,9.876,26.7731,0.00370086,4.39999,0.15511,0.682482,NONE,999.9,0,0
14.25,9.92,26.7734,0.00523208,4.39999,0.167567,0.737296,NONE,999.9,0,0
14.2522,9.92,26.7734,0.00523208,4.39999,0.167567,0.737296,NONE,999.9,0,0
14.2559,9.92,26.7734,0.00523208,4.39999,0.167567,0.737296,NONE,999.9,0,0
14.26,9.964,26.7737,0.007022,4.39999,0.173054,0.761435,NONE,999.9,0,0
14.264,9.964,26.7737,0.007022,4.39999,0.173054,0.761435,NONE,999.9,0,0
14.269,10.008,26.7741,0.00870724,4.39999,0.180645,0.794836,NONE,999.9,0,0
14.272,10.008,26.7741,0.00870724,4.39999,0.180645,0.794836,NONE,999.9,0,0
14.2765,10.008,26.7741,0.00870724,4.39999,0.180645,0.794836,NONE,999.9,0,0
14.2802,10.052,26.7745,0.0106085,4.39999,0.182406,0.802587,NONE,999.9,0,0
14.2842,10.052,26.7745,0.0106085,4.39999,0.182406,0.802587,NONE,999.9,0,0
14.289,10.096,26.775,0.0123724,4.39999,0.187166,0.82353,NONE,999.9,0,0
14.292,10.096,26.775,0.0123724,4.39999,0.187166,0.82353,NONE,999.9,0,0
14.2959,10.096,26.775,0.0123724,4.39999,0.187166,0.82353,NONE,999.9,0,0
14.3,10.14,26.7755,0.0143277,4.39999,0.186793,0.821886,NONE,999.9,0,0
14.3042,10.14,26.7755,0.0143277,4.39999,0.186793,0.821886,NONE,999.9,0,0
14.3099,10.184,26.776,0.0158094,4.39999,0.0962554,0.423523,NONE,999.9,0,0
14.3134,10.184,26.776,0.0158094,4.39999,0.0962554,0.423523,NONE,999.9,0,0
14.3161,10.184,26.776,0.0158094,4.39999,0.0962554,0.423523,NONE,999.9,0,0
14.3205,10.228,26.7765,0.0163385,4.4,0.029422,0.129456,NONE,999.9,0,0
14.324,10.228,26.7765,0.0163385,4.4,0.029422,0.129456,NONE,999.9,0,0
14.3289,10.272,26.777,0.0164278,4.4,-0.0262284,-0.115405,NONE,999.9,0,0
14.332,10.272,26.777,0.0164278,4.4,-0.0262284,-0.115405,NONE,999.9,0,0
14.336,10.272,26.777,0.0164278,4.4,-0.0262284,-0.115405,NONE,999.9,0,0
14.3407,10.316,26.7775,0.0158753,4.4,-0.0655158,-0.288269,NONE,999.9,0,0
14.3457,10.316,26.7775,0.0158753,4.4,-0.0655158,-0.288269,NONE,999.9,0,0
14.3492,10.36,26.7779,0.0151281,4.4,-0.0994684,-0.43766,NONE,999.9,0,0
14.3521,10.36,26.7779,0.0151281,4.4,-0.0994684,-0.43766,NONE,999.9,0,0
14.3559,10.36,26.7779,0.0151281,4.4,-0.0994684,-0.43766,NONE,999.9,0,0
14.3603,10.404,26.7784,0.0139319,4.4,-0.12171,-0.535524,NONE,999.9,0,0
14.3644,10.404,26.7784,0.0139319,4.4,-0.12171,-0.535524,NONE,999.9,0,0
14.3694,10.448,26.7788,0.0126922,4.4,-0.142311,-0.626168,NONE,999.9,0,0
14.3719,10.448,26.7788,0.0126922,4.4,-0.142311,-0.626168,NONE,999.9,0,0
14.3766,10.448,26.7788,0.0126922,4.4,-0.142311,-0.626168,NONE,999.9,0,0
14.3817,10.492,26.7792,0.0111219,4.4,-0.154129,-0.678167,NONE,999.9,0,0
14.3841,10.492,26.7792,0.0111219,4.4,-0.154129,-0.678167,NONE,999.9,0,0
14.3891,10.536,26.7796,0.0096003,4.4,-0.166622,-0.733138,NONE,999.9,0,0
14.392,10.536,26.7796,0.0096003,4.4,-0.166622,-0.733138,NONE,999.9,0,0
14.3963,10.536,26.7796,0.0096003,4.4,-0.166622,-0.733138,NONE,999.9,0,0
14.4007,10.58,26.7799,0.00781957,4.4,-0.172161,-0.757508,NONE,999.9,0,0
14.404,10.58,26.7799,0.00781957,4.4,-0.172161,-0.757508,NONE,999.9,0,0
14.4106,10.624,26.7802,0.00614295,4.4,-0.179814,-0.791183,NONE,999.9,0,0
14.4154,10.624,26.7802,0.00614295,4.4,-0.179814,-0.791183,NONE,999.9,0,0
14.4176,10.624,26.7802,0.00614295,4.4,-0.179814,-0.791183,NONE,999.9,0,0
14.4209,10.668,26.7805,0.0042497,4.4,-0.181643,-0.799229,NONE,999.9,0,0
14.4241,10.668,26.7805,0.0042497,4.4,-0.181643,-0.799229,NONE,999.9,0,0
14.4302,10.712,26.7807,0.00249303,4.4,-0.186471,-0.820473,NONE,999.9,0,0
14.4324,10.712,26.7807,0.00249303,4.4,-0.186471,-0.820473,NONE,999.9,0,0
14.4362,10.712,26.7807,0.00249303,4.4,-0.186471,-0.820473,NONE,999.9,0,0
14.4405,10.756,26.7808,0.000544395,4.4,-0.186165,-0.819126,NONE,999.9,0,0
14.4446,10.756,26.7808,0.000544395,4.4,-0.186165,-0.819126,NONE,999.9,0,0
14.4491,10.8,26.781,-0.000931383,4.4,-0.0956927,-0.421048,NONE,999.9,0,0
14.452,10.8,26.781,-0.000931383,4.4,-0.0956927,-0.421048,NONE,999.9,0,0
14.456,10.8,26.781,-0.000931383,4.4,-0.0956927,-0.421048,NONE,999.9,0,0
14.4604,10.844,26.7811,-0.00145517,4.4,-0.0289203,-0.127249,NONE,999.9,0,0
14.4642,10.844,26.7811,-0.00145517,4.4,-0.0289203,-0.127249,NONE,999.9,0,0
14.4691,10.888,26.7813,-0.00153976,4.4,0.0266735,0.117363,NONE,999.9,0,0
14.4721,10.888,26.7813,-0.00153976,4.4,0.0266735,0.117363,NONE,999.9,0,0
14.4766,10.888,26.7813,-0.00153976,4.4,0.0266735,0.117363,NONE,999.9,0,0
14.4807,10.932,26.7815,-0.000983051,4.4,0.0659089,0.289999,NONE,999.9,0,0
14.484,10.932,26.7815,-0.000983051,4.4,0.0659089,0.289999,NONE,999.9,0,0
14.4892,10.976,26.7817,-0.000232155,4.4,0.0998144,0.439183,NONE,999.9,0,0
14.4922,10.976,26.7817,-0.000232155,4.4,0.0998144,0.439183,NONE,999.9,0,0
14.4959,10.976,26.7817,-0.000232155,4.4,0.0998144,0.439183,NONE,999.9,0,0
14.5003,11.02,26.7819,0.000967318,4.4,0.122013,0.536859,NONE,999.9,0,0
14.5043,11.02,26.7819,0.000967318,4.4,0.122013,0.536859,NONE,999.9,0,0
14.5104,11.064,26.7821,0.0022098,4.4,0.142576,0.627335,NONE,999.9,0,0
14.5123,11.064,26.7821,0.0022098,4.4,0.142576,0.627335,NONE,999.9,0,0
14.5159,11.064,26.7821,0.0022098,4.4,0.142576,0.627335,NONE,999.9,0,0
14.5202,11.108,26.7824,0.00378264,4.4,0.15436,0.679185,NONE,999.9,0,0
14.5239,11.108,26.7824,0.00378264,4.4,0.15436,0.679185,NONE,999.9,0,0
14.529,11.152,26.7826,0.00530636,4.4,0.166824,0.734023,NONE,999.9,0,0
14.5321,11.152,26.7826,0.00530636,4.4,0.166824,0.734023,NONE,999.9,0,0
14.5361,11.152,26.7826,0.00530636,4.4,0.166824,0.734023,NONE,999.9,0,0
14.5406,11.196,26.783,0.00708896,4.4,0.172336,0.758276,NONE,999.9,0,0
14.5443,11.196,26.783,0.00708896,4.4,0.172336,0.758276,NONE,999.9,0,0
14.5487,11.24,26.7833,0.00876721,4.4,0.179966,0.791848,NONE,999.9,0,0
14.5518,11.24,26.7833,0.00876721,4.4,0.179966,0.791848,NONE,999.9,0,0
14.5561,11.24,26.7833,0.00876721,4.4,0.179966,0.791848,NONE,999.9,0,0
14.5601,11.284,26.7837,0.0106619,4.4,0.181774,0.799804,NONE,999.9,0,0
14.5638,11.284,26.7837,0.0106619,4.4,0.181774,0.799804,NONE,999.9,0,0
14.5689,11.328,26.7842,0.0124197,4.4,0.186584,0.820969,NONE,999.9,0,0
14.5723,11.328,26.7842,0.0124197,4.4,0.186584,0.820969,NONE,999.9,0,0
14.5767,11.328,26.7842,0.0124197,4.4,0.186584,0.820969,NONE,999.9,0,0
14.5801,11.372,26.7847,0.0143694,4.4,0.186262,0.819554,NONE,999.9,0,0
14.5843,11.372,26.7847,0.0143694,4.4,0.186262,0.819554,NONE,999.9,0,0
14.5886,11.4159,26.7852,0.0158461,4.4,0.0957764,0.421416,NONE,999.9,0,0
14.592,11.4159,26.7852,0.0158461,4.4,0.0957764,0.421416,NONE,999.9,0,0
14.5961,11.4159,26.7852,0.0158461,4.4,0.0957764,0.421416,NONE,999.9,0,0
14.6004,11.4599,26.7857,0.0163707,4.4,0.0289921,0.127565,NONE,999.9,0,0
14.6044,11.4599,26.7857,0.0163707,4.4,0.0289921,0.127565,NONE,999.9,0,0
14.6094,11.5039,26.7862,0.0164559,4.4,-0.0266118,-0.117092,NONE,999.9,0,0
14.6123,11.5039,26.7862,0.0164559,4.4,-0.0266118,-0.117092,NONE,999.9,0,0
14.6159,11.5039,26.7862,0.0164559,4.4,-0.0266118,-0.117092,NONE,999.9,0,0
14.6203,11.5479,26.7867,0.0158998,4.4,-0.0658561,-0.289767,NONE,999.9,0,0
14.6239,11.5479,26.7867,0.0158998,4.4,-0.0658561,-0.289767,NONE,999.9,0,0
14.6292,11.5919,26.7871,0.0151494,4.4,-0.0997691,-0.438984,NONE,999.9,0,0
14.6321,11.5919,26.7871,0.0151494,4.4,-0.0997691,-0.438984,NONE,999.9,0,0
14.6363,11.5919,26.7871,0.0151494,4.4,-0.0997691,-0.438984,NONE,999.9,0,0
14.6404,11.6359,26.7876,0.0139503,4.4,-0.121975,-0.536688,NONE,999.9,0,0
14.6443,11.6359,26.7876,0.0139503,4.4,-0.121975,-0.536688,NONE,999.9,0,0
14.6493,11.6799,26.788,0.0127082,4.4,-0.142543,-0.62719,NONE,999.9,0,0
14.6521,11.6799,26.788,0.0127082,4.4,-0.142543,-0.62719,NONE,999.9,0,0
14.6559,11.6799,26.788,0.0127082,4.4,-0.142543,-0.62719,NONE,999.9,0,0
14.6599,11.7239,26.7884,0.0111357,4.4,-0.154332,-0.679061,NONE,999.9,0,0
14.6647,11.7239,26.7884,0.0111357,4.4,-0.154332,-0.679061,NONE,999.9,0,0
14.6696,11.7679,26.7888,0.00961222,4.4,-0.1668,-0.733918,NONE,999.9,0,0
14.6719,11.7679,26.7888,0.00961222,4.4,-0.1668,-0.733918,NONE,999.9,0,0
14.6765,11.7679,26.7888,0.00961222,4.4,-0.1668,-0.733918,NONE,999.9,0,0
14.6802,11.8119,26.7891,0.00782984,4.4,-0.172315,-0.758186,NONE,999.9,0,0
14.6841,11.8119,26.7891,0.00782984,4.4,-0.172315,-0.758186,NONE,999.9,0,0
14.6892,11.8559,26.7894,0.00615178,4.4,-0.179948,-0.791771,NONE,999.9,0,0
14.6918,11.8559,26.7894,0.00615178,4.4,-0.179948,-0.791771,NONE,999.9,0,0
14.6969,11.8559,26.7894,0.00615178,4.4,-0.179948,-0.791771,NONE,999.9,0,0
14.7007,11.8999,26.7897,0.00425728,4.4,-0.181759,-0.799739,NONE,999.9,0,0
14.704,11.8999,26.7897,0.00425728,4.4,-0.181759,-0.799739,NONE,999.9,0,0
14.7089,11.9439,26.7899,0.00249954,4.4,-0.186571,-0.820914,NONE,999.9,0,0
14.7129,11.9439,26.7899,0.00249954,4.4,-0.186571,-0.820914,NONE,999.9,0,0
14.716,11.9439,26.7899,0.00249954,4.4,-0.186571,-0.820914,NONE,999.9,0,0
14.7206,11.9879,26.79,0.000549971,4.4,-0.186252,-0.819507,NONE,999.9,0,0
14.7242,11.9879,26.79,0.000549971,4.4,-0.186252,-0.819507,NONE,999.9,0,0
14.7295,12.0319,26.7901,-0.00108547,4.4,-0.142619,-0.627521,NONE,999.9,0,0
14.7322,12.0319,26.7901,-0.00108547,4.4,-0.142619,-0.627521,NONE,999.9,0,0
14.7363,12.0319,26.7901,-0.00108547,4.4,-0.142619,-0.627521,NONE,999.9,0,0
14.7404,12.0759,26.7902,-0.00217503,4.4,-0.0616261,-0.271155,NONE,999.9,0,0
14.7445,12.0759,26.7902,-0.00217503,4.4,-0.0616261,-0.271155,NONE,999.9,0,0
14.7491,12.1199,26.7904,-0.00239716,4.4,-0.002362,-0.0103928,NONE,999.9,0,0
14.7521,12.1199,26.7904,-0.00239716,4.4,-0.002362,-0.0103928,NONE,999.9,0,0
14.7561,12.1199,26.7904,-0.00239716,4.4,-0.002362,-0.0103928,NONE,999.9,0,0
14.7604,12.1639,26.7905,-0.00224702,4.4,0.0472975,0.208109,NONE,999.9,0,0
14.7648,12.1639,26.7905,-0.00224702,4.4,0.0472975,0.208109,NONE,999.9,0,0
14.769,12.2079,26.7907,-0.0015084,4.4,0.0818536,0.360156,NONE,999.9,0,0
14.772,12.2079,26.7907,-0.0015084,4.4,0.0818536,0.360156,NONE,999.9,0,0
14.7762,12.2079,26.7907,-0.0015084,4.4,0.0818536,0.360156,NONE,999.9,0,0
14.7806,12.2519,26.7908,-0.000617203,4.4,0.112079,0.493145,NONE,999.9,0,0
14.7842,12.2519,26.7908,-0.000617203,4.4,0.112079,0.493145,NONE,999.9,0,0
14.7898,12.2959,26.791,0.000689886,4.4,0.131391,0.578119,NONE,999.9,0,0
14.7922,12.2959,26.791,0.000689886,4.4,0.131391,0.578119,NONE,999.9,0,0
14.7967,12.2959,26.791,0.000689886,4.4,0.131391,0.578119,NONE,999.9,0,0
14.8001,12.3399,26.7912,0.00201438,4.4,0.149697,0.658665,NONE,999.9,0,0
14.804,12.3399,26.7912,0.00201438,4.4,0.149697,0.658665,NONE,999.9,0,0
14.8099,12.3839,26.7915,0.00364927,4.4,0.159722,0.702777,NONE,999.9,0,0
14.8122,12.3839,26.7915,0.00364927,4.4,0.159722,0.702777,NONE,999.9,0,0
14.8163,12.3839,26.7915,0.00364927,4.4,0.159722,0.702777,NONE,999.9,0,0
14.8202,12.4279,26.7917,0.0052195,4.4,0.170821,0.751612,NONE,999.9,0,0
14.8242,12.4279,26.7917,0.0052195,4.4,0.170821,0.751612,NONE,999.9,0,0
14.8297,12.4719,26.7921,0.00703657,4.4,0.175279,0.771226,NONE,999.9,0,0
14.8319,12.4719,26.7921,0.00703657,4.4,0.175279,0.771226,NONE,999.9,0,0
14.8368,12.4719,26.7921,0.00703657,4.4,0.175279,0.771226,NONE,999.9,0,0
14.8402,12.5159,26.7924,0.00874002,4.4,0.182099,0.801234,NONE,999.9,0,0
14.8449,12.5159,26.7924,0.00874002,4.4,0.182099,0.801234,NONE,999.9,0,0
14.8494,12.5599,26.7928,0.0106528,4.4,0.183288,0.806468,NONE,999.9,0,0
14.8521,12.5599,26.7928,0.0106528,4.4,0.183288,0.806468,NONE,999.9,0,0
14.8563,12.5599,26.7928,0.0106528,4.4,0.183288,0.806468,NONE,999.9,0,0
14.8615,12.6039,26.7932,0.0124233,4.4,0.187629,0.825569,NONE,999.9,0,0
14.8642,12.6039,26.7932,0.0124233,4.4,0.187629,0.825569,NONE,999.9,0,0
14.869,12.6479,26.7937,0.0143816,4.4,0.186955,0.822601,NONE,999.9,0,0
14.8722,12.6479,26.7937,0.0143816,4.4,0.186955,0.822601,NONE,999.9,0,0
14.8768,12.6479,26.7937,0.0143816,4.4,0.186955,0.822601,NONE,999.9,0,0
14.8805,12.6919,26.7942,0.0158639,4.4,0.0962064,0.423308,NONE,999.9,0,0
14.8845,12.6919,26.7942,0.0158639,4.4,0.0962064,0.423308,NONE,999.9,0,0
14.8893,12.7359,26.7947,0.0163917,4.4,0.0292294,0.128609,NONE,999.9,0,0
14.8921,12.7359,26.7947,0.0163917,4.4,0.0292294,0.128609,NONE,999.9,0,0
14.8962,12.7359,26.7947,0.0163917,4.4,0.0292294,0.128609,NONE,999.9,0,0
14.9004,12.7799,26.7952,0.0164786,4.4,-0.0265139,-0.116661,NONE,999.9,0,0
14.9042,12.7799,26.7952,0.0164786,4.4,-0.0265139,-0.116661,NONE,999.9,0,0
14.909,12.8239,26.7957,0.0159229,4.4,-0.0658566,-0.289769,NONE,999.9,0,0
14.9133,12.8239,26.7957,0.0159229,4.4,-0.0658566,-0.289769,NONE,999.9,0,0
14.916,12.8239,26.7957,0.0159229,4.4,-0.0658566,-0.289769,NONE,999.9,0,0
14.9203,12.8679,26.7961,0.0151722,4.4,-0.0998373,-0.439284,NONE,999.9,0,0
14.9243,12.8679,26.7961,0.0151722,4.4,-0.0998373,-0.439284,NONE,999.9,0,0
14.9298,12.9119,26.7966,0.0139722,4.4,-0.122087,-0.537184,NONE,999.9,0,0
14.9321,12.9119,26.7966,0.0139722,4.4,-0.122087,-0.537184,NONE,999.9,0,0
14.9362,12.9119,26.7966,0.0139722,4.4,-0.122087,-0.537184,NONE,999.9,0,0
14.9403,12.9559,26.797,0.0127288,4.4,-0.142683,-0.627804,NONE,999.9,0,0
14.9456,12.9559,26.797,0.0127288,4.4,-0.142683,-0.627804,NONE,999.9,0,0
14.9492,12.9999,26.7974,0.0111548,4.4,-0.154486,-0.679739,NONE,999.9,0,0
14.9524,12.9999,26.7974,0.0111548,4.4,-0.154486,-0.679739,NONE,999.9,0,0
14.9562,12.9999,26.7974,0.0111548,4.4,-0.154486,-0.679739,NONE,999.9,0,0
14.9608,13.0439,26.7978,0.00962973,4.4,-0.166959,-0.73462,NONE,999.9,0,0
14.9641,13.0439,26.7978,0.00962973,4.4,-0.166959,-0.73462,NONE,999.9,0,0
14.9688,13.0879,26.7981,0.00784575,4.4,-0.172474,-0.758885,NONE,999.9,0,0
14.9719,13.0879,26.7981,0.00784575,4.4,-0.172474,-0.758885,NONE,999.9,0,0
14.9767,13.0879,26.7981,0.00784575,4.4,-0.172474,-0.758885,NONE,999.9,0,0
14.9807,13.1319,26.7984,0.00616613,4.4,-0.180102,-0.792446,NONE,999.9,0,0
14.9845,13.1319,26.7984,0.00616613,4.4,-0.180102,-0.792446,NONE,999.9,0,0
14.9891,13.1759,26.7986,0.00427014,4.4,-0.181904,-0.800378,NONE,999.9,0,0
14.992,13.1759,26.7986,0.00427014,4.4,-0.181904,-0.800378,NONE,999.9,0,0
14.996,13.1759,26.7986,0.00427014,4.4,-0.181904,-0.800378,NONE,999.9,0,0
15.0004,13.2199,26.7988,0.00251099,4.4,-0.186707,-0.82151,NONE,999.9,0,0
15.0039,13.2199,26.7988,0.00251099,4.4,-0.186707,-0.82151,NONE,999.9,0,0
15.0088,13.2639,26.799,0.000560119,4.4,-0.186376,-0.820055,NONE,999.9,0,0
15.0121,13.2639,26.799,0.000560119,4.4,-0.186376,-0.820055,NONE,999.9,0,0
15.0161,13.2639,26.799,0.000560119,4.4,-0.186376,-0.820055,NONE,999.9,0,0
15.0205,13.3079,26.7991,-0.00107651,4.4,-0.142732,-0.628021,NONE,999.9,0,0
15.024,13.3079,26.7991,-0.00107651,4.4,-0.142732,-0.628021,NONE,999.9,0,0
15.029,13.3519,26.7992,-0.00216715,4.4,-0.0617288,-0.271607,NONE,999.9,0,0
15.032,13.3519,26.7992,-0.00216715,4.4,-0.0617288,-0.271607,NONE,999.9,0,0
15.0362,13.3519,26.7992,-0.00216715,4.4,-0.0617288,-0.271607,NONE,999.9,0,0
15.0401,13.3959,26.7993,-0.00239026,4.4,-0.00245414,-0.0107982,NONE,999.9,0,0
15.0442,13.3959,26.7993,-0.00239026,4.4,-0.00245414,-0.0107982,NONE,999.9,0,0
15.0496,13.4399,26.7995,-0.00224099,4.4,0.0472153,0.207747,NONE,999.9,0,0
15.0524,13.4399,26.7995,-0.00224099,4.4,0.0472153,0.207747,NONE,999.9,0,0
15.057,13.4399,26.7995,-0.00224099,4.4,0.0472153,0.207747,NONE,999.9,0,0
15.0602,13.4839,26.7996,-0.00150314,4.4,0.0817806,0.359835,NONE,999.9,0,0
15.0642,13.4839,26.7996,-0.00150314,4.4,0.0817806,0.359835,NONE,999.9,0,0
15.0693,13.5279,26.7998,-0.000612634,4.4,0.112014,0.492861,NONE,999.9,0,0
15.0721,13.5279,26.7998,-0.000612634,4.4,0.112014,0.492861,NONE,999.9,0,0
15.0764,13.5279,26.7998,-0.000612634,4.4,0.112014,0.492861,NONE,999.9,0,0
15.0805,13.5719,26.8,0.00069385,4.4,0.131334,0.57787,NONE,999.9,0,0
15.0847,13.5719,26.8,0.00069385,4.4,0.131334,0.57787,NONE,999.9,0,0
15.0896,13.6159,26.8002,0.00201782,4.4,0.149647,0.658446,NONE,999.9,0,0
15.0921,13.6159,26.8002,0.00201782,4.4,0.149647,0.658446,NONE,999.9,0,0
15.0962,13.6159,26.8002,0.00201782,4.4,0.149647,0.658446,NONE,999.9,0,0
15.1004,13.6599,26.8004,0.00365223,4.4,0.159679,0.702586,NONE,999.9,0,0
15.104,13.6599,26.8004,0.00365223,4.4,0.159679,0.702586,NONE,999.9,0,0
15.1092,13.7039,26.8007,0.00522206,4.4,0.170783,0.751445,NONE,999.9,0,0
15.1145,13.7039,26.8007,0.00522206,4.4,0.170783,0.751445,NONE,999.9,0,0
15.117,13.7039,26.8007,0.00522206,4.4,0.170783,0.751445,NONE,999.9,0,0
15.1203,13.7479,26.801,0.00703877,4.4,0.175246,0.771081,NONE,999.9,0,0
15.124,13.7479,26.801,0.00703877,4.4,0.175246,0.771081,NONE,999.9,0,0
15.1296,13.7919,26.8013,0.00874191,4.4,0.18207,0.801108,NONE,999.9,0,0
15.1318,13.7919,26.8013,0.00874191,4.4,0.18207,0.801108,NONE,999.9,0,0
15.136,13.7919,26.8013,0.00874191,4.4,0.18207,0.801108,NONE,999.9,0,0
15.1402,13.8359,26.8017,0.0106544,4.4,0.183263,0.806359,NONE,999.9,0,0
15.1469,13.8359,26.8017,0.0106544,4.4,0.183263,0.806359,NONE,999.9,0,0
15.1512,13.8799,26.8022,0.012107,4.4,0.0939054,0.413184,NONE,999.9,0,0
15.1532,13.8799,26.8022,0.012107,4.4,0.0939054,0.413184,NONE,999.9,0,0
15.1559,13.8799,26.8022,0.012107,4.4,0.0939054,0.413184,NONE,999.9,0,0
15.1603,13.9239,26.8025,0.0126172,4.4,0.0279504,0.122982,NONE,999.9,0,0
15.1645,13.9239,26.8025,0.0126172,4.4,0.0279504,0.122982,NONE,999.9,0,0
15.1687,13.9679,26.8029,0.0126952,4.4,-0.0270538,-0.119037,NONE,999.9,0,0
15.1719,13.9679,26.8029,0.0126952,4.4,-0.0270538,-0.119037,NONE,999.9,0,0
15.1767,13.9679,26.8029,0.0126952,4.4,-0.0270538,-0.119037,NONE,999.9,0,0
15.1807,14.0119,26.8032,0.0121369,4.4,-0.0658734,-0.289843,NONE,999.9,0,0
15.1842,14.0119,26.8032,0.0121369,4.4,-0.0658734,-0.289843,NONE,999.9,0,0
15.1889,14.0559,26.8036,0.0113879,4.4,-0.0994945,-0.437775,NONE,999.9,0,0
15.1921,14.0559,26.8036,0.0113879,4.4,-0.0994945,-0.437775,NONE,999.9,0,0
15.1964,14.0559,26.8036,0.0113879,4.4,-0.0994945,-0.437775,NONE,999.9,0,0
15.2002,14.0999,26.8039,0.0101926,4.4,-0.121508,-0.534634,NONE,999.9,0,0
15.2042,14.0999,26.8039,0.0101926,4.4,-0.121508,-0.534634,NONE,999.9,0,0
15.2095,14.1439,26.8041,0.00895584,4.4,-0.141958,-0.624615,NONE,999.9,0,0
15.2127,14.1439,26.8041,0.00895584,4.4,-0.141958,-0.624615,NONE,999.9,0,0
15.216,14.1439,26.8041,0.00895584,4.4,-0.141958,-0.624615,NONE,999.9,0,0
15.2201,14.1879,26.8044,0.00738951,4.4,-0.153683,-0.676204,NONE,999.9,0,0
15.2244,14.1879,26.8044,0.00738951,4.4,-0.153683,-0.676204,NONE,999.9,0,0
15.2296,14.2319,26.8046,0.00587269,4.4,-0.166126,-0.730952,NONE,999.9,0,0
15.2323,14.2319,26.8046,0.00587269,4.4,-0.166126,-0.730952,NONE,999.9,0,0
15.236,14.2319,26.8046,0.00587269,4.4,-0.166126,-0.730952,NONE,999.9,0,0
15.2403,14.2759,26.8048,0.00409706,4.4,-0.171644,-0.755233,NONE,999.9,0,0
15.2479,14.2759,26.8048,0.00409706,4.4,-0.171644,-0.755233,NONE,999.9,0,0
15.2505,14.3199,26.805,0.00258448,4.4,-0.132447,-0.582768,NONE,999.9,0,0
15.2521,14.3199,26.805,0.00258448,4.4,-0.132447,-0.582768,NONE,999.9,0,0
15.256,14.3199,26.805,0.00258448,4.4,-0.132447,-0.582768,NONE,999.9,0,0
15.2614,14.3639,26.8051,0.00157911,4.4,-0.054799,-0.241116,NONE,999.9,0,0
15.2645,14.3639,26.8051,0.00157911,4.4,-0.054799,-0.241116,NONE,999.9,0,0
15.269,14.4079,26.8053,0.00141214,4.4,0.00196915,0.00866424,NONE,999.9,0,0
15.2722,14.4079,26.8053,0.00141214,4.4,0.00196915,0.00866424,NONE,999.9,0,0
15.2768,14.4079,26.8053,0.00141214,4.4,0.00196915,0.00866424,NONE,999.9,0,0
15.2823,14.4519,26.8056,0.00159591,4.4,0.0497882,0.219068,NONE,999.9,0,0
15.2842,14.4519,26.8056,0.00159591,4.4,0.0497882,0.219068,NONE,999.9,0,0
15.2886,14.4959,26.8058,0.00235239,4.4,0.0830078,0.365234,NONE,999.9,0,0
15.2919,14.4959,26.8058,0.00235239,4.4,0.0830078,0.365234,NONE,999.9,0,0
15.2964,14.4959,26.8058,0.00235239,4.4,0.0830078,0.365234,NONE,999.9,0,0
15.3002,14.5399,26.8061,0.00325009,4.4,0.112281,0.494038,NONE,999.9,0,0
15.3041,14.5399,26.8061,0.00325009,4.4,0.112281,0.494038,NONE,999.9,0,0
15.3103,14.5839,26.8064,0.0045557,4.4,0.130935,0.576114,NONE,999.9,0,0
15.3139,14.5839,26.8064,0.0045557,4.4,0.130935,0.576114,NONE,999.9,0,0
15.3164,14.5839,26.8064,0.0045557,4.4,0.130935,0.576114,NONE,999.9,0,0
15.32,14.6279,26.8067,0.00587329,4.4,0.148802,0.654728,NONE,999.9,0,0
15.3241,14.6279,26.8067,0.00587329,4.4,0.148802,0.654728,NONE,999.9,0,0
15.3291,14.6719,26.8071,0.00749773,4.4,0.158553,0.697631,NONE,999.9,0,0
15.3322,14.6719,26.8071,0.00749773,4.4,0.158553,0.697631,NONE,999.9,0,0
15.3364,14.6719,26.8071,0.00749773,4.4,0.158553,0.697631,NONE,999.9,0,0
15.3405,14.7159,26.8075,0.00905541,4.4,0.169497,0.745787,NONE,999.9,0,0
15.3446,14.7159,26.8075,0.00905541,4.4,0.169497,0.745787,NONE,999.9,0,0
15.3494,14.7599,26.8079,0.0108588,4.4,0.173888,0.765107,NONE,999.9,0,0
15.3521,14.7599,26.8079,0.0108588,4.4,0.173888,0.765107,NONE,999.9,0,0
15.3563,14.7599,26.8079,0.0108588,4.4,0.173888,0.765107,NONE,999.9,0,0
15.3602,14.8039,26.8083,0.0122306,4.4,0.0870004,0.382801,NONE,999.9,0,0
15.364,14.8039,26.8083,0.0122306,4.4,0.0870004,0.382801,NONE,999.9,0,0
15.3694,14.8479,26.8087,0.0126817,4.4,0.0229439,0.100953,NONE,999.9,0,0
15.3728,14.8479,26.8087,0.0126817,4.4,0.0229439,0.100953,NONE,999.9,0,0
15.3767,14.8479,26.8087,0.0126817,4.4,0.0229439,0.100953,NONE,999.9,0,0
15.3805,14.8919,26.8091,0.0127172,4.4,-0.03061,-0.134684,NONE,999.9,0,0
15.3839,14.8919,26.8091,0.0127172,4.4,-0.03061,-0.134684,NONE,999.9,0,0
15.3889,14.9358,26.8095,0.0121291,4.4,-0.0683296,-0.30065,NONE,999.9,0,0
15.392,14.9358,26.8095,0.0121291,4.4,-0.0683296,-0.30065,NONE,999.9,0,0
15.3962,14.9358,26.8095,0.0121291,4.4,-0.0683296,-0.30065,NONE,999.9,0,0
15.4005,14.9798,26.8099,0.0113598,4.4,-0.101124,-0.444943,NONE,999.9,0,0
15.4044,14.9798,26.8099,0.0113598,4.4,-0.101124,-0.444943,NONE,999.9,0,0
15.4101,15.0238,26.8102,0.0101515,4.4,-0.122521,-0.539093,NONE,999.9,0,0
15.4123,15.0238,26.8102,0.0101515,4.4,-0.122521,-0.539093,NONE,999.9,0,0
15.416,15.0238,26.8102,0.0101515,4.4,-0.122521,-0.539093,NONE,999.9,0,0
15.42,15.0678,26.8105,0.00890695,4.4,-0.142519,-0.627083,NONE,999.9,0,0
15.4242,15.0678,26.8105,0.00890695,4.4,-0.142519,-0.627083,NONE,999.9,0,0
15.4288,15.1118,26.8108,0.00733675,4.4,-0.153917,-0.677234,NONE,999.9,0,0
15.4326,15.1118,26.8108,0.00733675,4.4,-0.153917,-0.677234,NONE,999.9,0,0
15.4362,15.1118,26.8108,0.00733675,4.4,-0.153917,-0.677234,NONE,999.9,0,0
15.44,15.1558,26.811,0.00581881,4.4,-0.166128,-0.730964,NONE,999.9,0,0
15.4443,15.1558,26.811,0.00581881,4.4,-0.166128,-0.730964,NONE,999.9,0,0
15.4488,15.1998,26.8112,0.004044,4.4,-0.171488,-0.754546,NONE,999.9,0,0
15.4519,15.1998,26.8112,0.004044,4.4,-0.171488,-0.754546,NONE,999.9,0,0
15.456,15.1998,26.8112,0.004044,4.4,-0.171488,-0.754546,NONE,999.9,0,0
15.46,15.2438,26.8114,0.00237468,4.4,-0.179038,-0.787767,NONE,999.9,0,0
15.4644,15.2438,26.8114,0.00237468,4.4,-0.179038,-0.787767,NONE,999.9,0,0
15.4693,15.2878,26.8115,0.000489467,4.4,-0.180819,-0.795602,NONE,999.9,0,0
15.472,15.2878,26.8115,0.000489467,4.4,-0.180819,-0.795602,NONE,999.9,0,0
15.4763,15.2878,26.8115,0.000489467,4.4,-0.180819,-0.795602,NONE,999.9,0,0
15.4802,15.3318,26.8116,-0.000941161,4.4,-0.0919358,-0.404517,NONE,999.9,0,0
15.4841,15.3318,26.8116,-0.000941161,4.4,-0.0919358,-0.404517,NONE,999.9,0,0
15.489,15.3758,26.8117,-0.00143367,4.4,-0.0263648,-0.116005,NONE,999.9,0,0
15.4919,15.3758,26.8117,-0.00143367,4.4,-0.0263648,-0.116005,NONE,999.9,0,0
15.4966,15.3758,26.8117,-0.00143367,4.4,-0.0263648,-0.116005,NONE,999.9,0,0
15.5005,15.4198,26.8118,-0.00149743,4.4,0.0283293,0.124649,NONE,999.9,0,0
15.504,15.4198,26.8118,-0.00149743,4.4,0.0283293,0.124649,NONE,999.9,0,0
15.5087,15.4638,26.812,-0.000927664,4.4,0.0668985,0.294353,NONE,999.9,0,0
15.5122,15.4638,26.812,-0.000927664,4.4,0.0668985,0.294353,NONE,999.9,0,0
15.5159,15.4638,26.812,-0.000927664,4.4,0.0668985,0.294353,NONE,999.9,0,0
15.5202,15.5078,26.8121,-0.000169436,4.4,0.100318,0.441397,NONE,999.9,0,0
15.5239,15.5078,26.8121,-0.000169436,4.4,0.100318,0.441397,NONE,999.9,0,0
15.5288,15.5518,26.8123,0.00103323,4.4,0.122168,0.537539,NONE,999.9,0,0
15.5323,15.5518,26.8123,0.00103323,4.4,0.122168,0.537539,NONE,999.9,0,0
15.536,15.5518,26.8123,0.00103323,4.4,0.122168,0.537539,NONE,999.9,0,0
15.5402,15.5958,26.8126,0.00227595,4.4,0.142487,0.626943,NONE,999.9,0,0
15.5443,15.5958,26.8126,0.00227595,4.4,0.142487,0.626943,NONE,999.9,0,0
15.5487,15.6398,26.8128,0.00384702,4.4,0.154106,0.678068,NONE,999.9,0,0
15.552,15.6398,26.8128,0.00384702,4.4,0.154106,0.678068,NONE,999.9,0,0
15.5559,15.6398,26.8128,0.00384702,4.4,0.154106,0.678068,NONE,999.9,0,0
15.5603,15.6838,26.8131,0.00536764,4.4,0.166464,0.732442,NONE,999.9,0,0
15.5644,15.6838,26.8131,0.00536764,4.4,0.166464,0.732442,NONE,999.9,0,0
15.5691,15.7278,26.8134,0.0071463,4.4,0.171914,0.756423,NONE,999.9,0,0
15.5719,15.7278,26.8134,0.0071463,4.4,0.171914,0.756423,NONE,999.9,0,0
15.5766,15.7278,26.8134,0.0071463,4.4,0.171914,0.756423,NONE,999.9,0,0
15.5804,15.7718,26.8137,0.00882016,4.4,0.179514,0.789862,NONE,999.9,0,0
15.584,15.7718,26.8137,0.00882016,4.4,0.179514,0.789862,NONE,999.9,0,0
15.5892,15.8158,26.8141,0.0107103,4.4,0.181315,0.797785,NONE,999.9,0,0
15.5924,15.8158,26.8141,0.0107103,4.4,0.181315,0.797785,NONE,999.9,0,0
15.5965,15.8158,26.8141,0.0107103,4.4,0.181315,0.797785,NONE,999.9,0,0
15.6007,15.8598,26.8145,0.0121459,4.4,0.0924312,0.406697,NONE,999.9,0,0
15.6042,15.8598,26.8145,0.0121459,4.4,0.0924312,0.406697,NONE,999.9,0,0
15.6098,15.9038,26.8149,0.0126433,4.4,0.026845,0.118118,NONE,999.9,0,0
15.613,15.9038,26.8149,0.0126433,4.4,0.026845,0.118118,NONE,999.9,0,0
15.6161,15.9038,26.8149,0.0126433,4.4,0.026845,0.118118,NONE,999.9,0,0
15.6204,15.9478,26.8153,0.0127117,4.4,-0.0278735,-0.122643,NONE,999.9,0,0
15.6247,15.9478,26.8153,0.0127117,4.4,-0.0278735,-0.122643,NONE,999.9,0,0
15.6304,15.9918,26.8156,0.0121463,4.4,-0.066473,-0.292481,NONE,999.9,0,0
15.6319,15.9918,26.8156,0.0121463,4.4,-0.066473,-0.292481,NONE,999.9,0,0
15.6362,15.9918,26.8156,0.0121463,4.4,-0.066473,-0.292481,NONE,999.9,0,0
15.6402,16.0358,26.816,0.0113922,4.4,-0.0999253,-0.439671,NONE,999.9,0,0
15.6461,16.0358,26.816,0.0113922,4.4,-0.0999253,-0.439671,NONE,999.9,0,0
15.6492,16.0798,26.8163,0.0101933,4.4,-0.12181,-0.535964,NONE,999.9,0,0
15.6525,16.0798,26.8163,0.0101933,4.4,-0.12181,-0.535964,NONE,999.9,0,0
15.6562,16.0798,26.8163,0.0101933,4.4,-0.12181,-0.535964,NONE,999.9,0,0
15.6635,16.1238,26.8166,0.00895398,4.4,-0.142163,-0.625518,NONE,999.9,0,0
15.665,16.1238,26.8166,0.00895398,4.4,-0.142163,-0.625518,NONE,999.9,0,0
15.669,16.1678,26.8168,0.00738598,4.4,-0.153816,-0.676788,NONE,999.9,0,0
15.672,16.1678,26.8168,0.00738598,4.4,-0.153816,-0.676788,NONE,999.9,0,0
15.6766,16.1678,26.8168,0.00738598,4.4,-0.153816,-0.676788,NONE,999.9,0,0
15.6825,16.2118,26.817,0.00586811,4.4,-0.166204,-0.731299,NONE,999.9,0,0
15.6843,16.2118,26.817,0.00586811,4.4,-0.166204,-0.731299,NONE,999.9,0,0
15.6897,16.2558,26.8172,0.0040919,4.4,-0.171684,-0.755407,NONE,999.9,0,0
15.6925,16.2558,26.8172,0.0040919,4.4,-0.171684,-0.755407,NONE,999.9,0,0
15.6973,16.2558,26.8172,0.0040919,4.4,-0.171684,-0.755407,NONE,999.9,0,0
15.7005,16.2998,26.8174,0.00242021,4.4,-0.17931,-0.788964,NONE,999.9,0,0
15.7042,16.2998,26.8174,0.00242021,4.4,-0.17931,-0.788964,NONE,999.9,0,0
15.7091,16.3438,26.8175,0.000532036,4.4,-0.181135,-0.796995,NONE,999.9,0,0
15.7134,16.3438,26.8175,0.000532036,4.4,-0.181135,-0.796995,NONE,999.9,0,0
15.7167,16.3438,26.8175,0.000532036,4.4,-0.181135,-0.796995,NONE,999.9,0,0
15.721,16.3878,26.8175,-0.0012196,4.4,-0.185976,-0.818294,NONE,999.9,0,0
15.7244,16.3878,26.8175,-0.0012196,4.4,-0.185976,-0.818294,NONE,999.9,0,0
15.7296,16.4318,26.8175,-0.0031634,4.4,-0.185693,-0.817049,NONE,999.9,0,0
15.7319,16.4318,26.8175,-0.0031634,4.4,-0.185693,-0.817049,NONE,999.9,0,0
15.7365,16.4318,26.8175,-0.0031634,4.4,-0.185693,-0.817049,NONE,999.9,0,0
15.7405,16.4758,26.8175,-0.0046346,4.4,-0.0952503,-0.419101,NONE,999.9,0,0
15.7446,16.4758,26.8175,-0.0046346,4.4,-0.0952503,-0.419101,NONE,999.9,0,0
15.7495,16.5198,26.8175,-0.00515412,4.4,-0.0285113,-0.12545,NONE,999.9,0,0
15.7522,16.5198,26.8175,-0.00515412,4.4,-0.0285113,-0.12545,NONE,999.9,0,0
15.7568,16.5198,26.8175,-0.00515412,4.4,-0.0285113,-0.12545,NONE,999.9,0,0
15.7626,16.5638,26.8175,-0.0052348,4.4,0.0270475,0.119009,NONE,999.9,0,0
15.7651,16.5638,26.8175,-0.0052348,4.4,0.0270475,0.119009,NONE,999.9,0,0
15.7694,16.6078,26.8175,-0.00467452,4.4,0.066248,0.291491,NONE,999.9,0,0
15.7721,16.6078,26.8175,-0.00467452,4.4,0.066248,0.291491,NONE,999.9,0,0
15.7764,16.6078,26.8175,-0.00467452,4.4,0.066248,0.291491,NONE,999.9,0,0
15.7824,16.6518,26.8176,-0.00392041,4.4,0.100119,0.440525,NONE,999.9,0,0
15.7869,16.6518,26.8176,-0.00392041,4.4,0.100119,0.440525,NONE,999.9,0,0
15.7904,16.6958,26.8176,-0.00271805,4.4,0.122286,0.538059,NONE,999.9,0,0
15.7926,16.6958,26.8176,-0.00271805,4.4,0.122286,0.538059,NONE,999.9,0,0
15.7961,16.6958,26.8176,-0.00271805,4.4,0.122286,0.538059,NONE,999.9,0,0
15.8012,16.7398,26.8177,-0.001473,4.4,0.142819,0.628403,NONE,999.9,0,0
15.804,16.7398,26.8177,-0.001473,4.4,0.142819,0.628403,NONE,999.9,0,0
15.809,16.7838,26.8178,0.000102129,4.4,0.154575,0.68013,NONE,999.9,0,0
15.8124,16.7838,26.8178,0.000102129,4.4,0.154575,0.68013,NONE,999.9,0,0
15.8163,16.7838,26.8178,0.000102129,4.4,0.154575,0.68013,NONE,999.9,0,0
15.8208,16.8278,26.8179,0.00162788,4.4,0.167013,0.734857,NONE,999.9,0,0
15.8244,16.8278,26.8179,0.00162788,4.4,0.167013,0.734857,NONE,999.9,0,0
15.8298,16.8718,26.8181,0.00341225,4.4,0.172502,0.759009,NONE,999.9,0,0
15.8318,16.8718,26.8181,0.00341225,4.4,0.172502,0.759009,NONE,999.9,0,0
15.8365,16.8718,26.8181,0.00341225,4.4,0.172502,0.759009,NONE,999.9,0,0
15.8401,16.9158,26.8183,0.00509206,4.4,0.180111,0.79249,NONE,999.9,0,0
15.8449,16.9158,26.8183,0.00509206,4.4,0.180111,0.79249,NONE,999.9,0,0
15.8496,16.9598,26.8185,0.00698808,4.4,0.181901,0.800364,NONE,999.9,0,0
15.8524,16.9598,26.8185,0.00698808,4.4,0.181901,0.800364,NONE,999.9,0,0
15.8564,16.9598,26.8185,0.00698808,4.4,0.181901,0.800364,NONE,999.9,0,0
15.8609,17.0038,26.8188,0.00874715,4.4,0.186695,0.821457,NONE,999.9,0,0
15.8643,17.0038,26.8188,0.00874715,4.4,0.186695,0.821457,NONE,999.9,0,0
15.8694,17.0478,26.8192,0.0106979,4.4,0.186359,0.819978,NONE,999.9,0,0
15.872,17.0478,26.8192,0.0106979,4.4,0.186359,0.819978,NONE,999.9,0,0
15.8765,17.0478,26.8192,0.0106979,4.4,0.186359,0.819978,NONE,999.9,0,0
15.8807,17.0918,26.8195,0.0121754,4.4,0.0958599,0.421783,NONE,999.9,0,0
15.8841,17.0918,26.8195,0.0121754,4.4,0.0958599,0.421783,NONE,999.9,0,0
15.8894,17.1358,26.8199,0.0127008,4.4,0.0290644,0.127883,NONE,999.9,0,0
15.8919,17.1358,26.8199,0.0127008,4.4,0.0290644,0.127883,NONE,999.9,0,0
15.8959,17.1358,26.8199,0.0127008,4.4,0.0290644,0.127883,NONE,999.9,0,0
15.9003,17.1798,26.8202,0.0127867,4.4,-0.0265494,-0.116817,NONE,999.9,0,0
15.9039,17.1798,26.8202,0.0127867,4.4,-0.0265494,-0.116817,NONE,999.9,0,0
15.9095,17.2238,26.8205,0.0122312,4.4,-0.0658023,-0.28953,NONE,999.9,0,0
15.9124,17.2238,26.8205,0.0122312,4.4,-0.0658023,-0.28953,NONE,999.9,0,0
15.9162,17.2238,26.8205,0.0122312,4.4,-0.0658023,-0.28953,NONE,999.9,0,0
15.9202,17.2678,26.8208,0.0114813,4.4,-0.0997228,-0.43878,NONE,999.9,0,0
15.9239,17.2678,26.8208,0.0114813,4.4,-0.0997228,-0.43878,NONE,999.9,0,0
15.9292,17.3118,26.8211,0.0102826,4.4,-0.121935,-0.536514,NONE,999.9,0,0
15.9321,17.3118,26.8211,0.0102826,4.4,-0.121935,-0.536514,NONE,999.9,0,0
15.936,17.3118,26.8211,0.0102826,4.4,-0.121935,-0.536514,NONE,999.9,0,0
15.9404,17.3558,26.8214,0.00904088,4.4,-0.142509,-0.62704,NONE,999.9,0,0
15.9449,17.3558,26.8214,0.00904088,4.4,-0.142509,-0.62704,NONE,999.9,0,0
15.9491,17.3998,26.8216,0.00746866,4.4,-0.154303,-0.678932,NONE,999.9,0,0
15.952,17.3998,26.8216,0.00746866,4.4,-0.154303,-0.678932,NONE,999.9,0,0
15.9561,17.3998,26.8216,0.00746866,4.4,-0.154303,-0.678932,NONE,999.9,0,0
15.9604,17.4438,26.8218,0.00594546,4.4,-0.166775,-0.733808,NONE,999.9,0,0
15.964,17.4438,26.8218,0.00594546,4.4,-0.166775,-0.733808,NONE,999.9,0,0
15.9689,17.4878,26.822,0.00416332,4.4,-0.172294,-0.758092,NONE,999.9,0,0
15.9718,17.4878,26.822,0.00416332,4.4,-0.172294,-0.758092,NONE,999.9,0,0
15.9767,17.4878,26.822,0.00416332,4.4,-0.172294,-0.758092,NONE,999.9,0,0
15.9802,17.5318,26.8221,0.00248546,4.4,-0.17993,-0.791691,NONE,999.9,0,0
15.9841,17.5318,26.8221,0.00248546,4.4,-0.17993,-0.791691,NONE,999.9,0,0
15.9892,17.5758,26.8222,0.000591128,4.4,-0.181743,-0.799671,NONE,999.9,0,0
15.9918,17.5758,26.8222,0.000591128,4.4,-0.181743,-0.799671,NONE,999.9,0,0
15.9958,17.5758,26.8222,0.000591128,4.4,-0.181743,-0.799671,NONE,999.9,0,0
16,17.6198,26.8223,-0.00100761,4.4,-0.139707,-0.61471,NONE,999.9,0,0
16.0042,17.6198,26.8223,-0.00100761,4.4,-0.139707,-0.61471,NONE,999.9,0,0
16.0129,17.6638,26.8223,-0.00207426,4.4,-0.0598961,-0.263543,NONE,999.9,0,0
16.0166,17.6638,26.8223,-0.00207426,4.4,-0.0598961,-0.263543,NONE,999.9,0,0
16.0203,17.7078,26.8224,-0.00228364,4.4,-0.00149375,-0.00657252,NONE,999.9,0,0
16.0251,17.7078,26.8224,-0.00228364,4.4,-0.00149375,-0.00657252,NONE,999.9,0,0
16.0297,17.7518,26.8225,-0.00228694,4.4,0.00069744,0.00306874,NONE,999.9,0,0
16.032,17.7518,26.8225,-0.00228694,4.4,0.00069744,0.00306874,NONE,999.9,0,0
16.0361,17.7518,26.8225,-0.00228694,4.4,0.00069744,0.00306874,NONE,999.9,0,0
16.0405,17.7958,26.8226,-0.00211317,4.4,0.0490322,0.215741,NONE,999.9,0,0
16.0446,17.7958,26.8226,-0.00211317,4.4,0.0490322,0.215741,NONE,999.9,0,0
16.0489,17.8398,26.8227,-0.00136227,4.4,0.082628,0.363563,NONE,999.9,0,0
16.052,17.8398,26.8227,-0.00136227,4.4,0.082628,0.363563,NONE,999.9,0,0
16.0559,17.8398,26.8227,-0.00136227,4.4,0.082628,0.363563,NONE,999.9,0,0
16.0603,17.8838,26.8228,-0.000466948,4.4,0.112171,0.493552,NONE,999.9,0,0
16.0641,17.8838,26.8228,-0.000466948,4.4,0.112171,0.493552,NONE,999.9,0,0
16.0685,17.9278,26.823,0.00083856,4.4,0.131013,0.576456,NONE,999.9,0,0
16.072,17.9278,26.823,0.00083856,4.4,0.131013,0.576456,NONE,999.9,0,0
16.0772,17.9278,26.823,0.00083856,4.4,0.131013,0.576456,NONE,999.9,0,0
16.0819,17.9718,26.8231,0.0021576,4.4,0.149007,0.655628,NONE,999.9,0,0
16.0843,17.9718,26.8231,0.0021576,4.4,0.149007,0.655628,NONE,999.9,0,0
16.0896,18.0158,26.8234,0.00378453,4.4,0.158838,0.698888,NONE,999.9,0,0
16.0919,18.0158,26.8234,0.00378453,4.4,0.158838,0.698888,NONE,999.9,0,0
16.0965,18.0158,26.8234,0.00378453,4.4,0.158838,0.698888,NONE,999.9,0,0
16.1003,18.0598,26.8236,0.00534532,4.4,0.16983,0.747252,NONE,999.9,0,0
16.1042,18.0598,26.8236,0.00534532,4.4,0.16983,0.747252,NONE,999.9,0,0
16.111,18.1038,26.8239,0.00715221,4.4,0.174243,0.766671,NONE,999.9,0,0
16.1145,18.1038,26.8239,0.00715221,4.4,0.174243,0.766671,NONE,999.9,0,0
16.1161,18.1038,26.8239,0.00715221,4.4,0.174243,0.766671,NONE,999.9,0,0
16.1203,18.1478,26.8242,0.00884528,4.4,0.181063,0.796679,NONE,999.9,0,0
16.1239,18.1478,26.8242,0.00884528,4.4,0.181063,0.796679,NONE,999.9,0,0
16.1299,18.1918,26.8246,0.0107478,4.4,0.182283,0.802047,NONE,999.9,0,0
16.1319,18.1918,26.8246,0.0107478,4.4,0.182283,0.802047,NONE,999.9,0,0
16.1363,18.1918,26.8246,0.0107478,4.4,0.182283,0.802047,NONE,999.9,0,0
16.1407,18.2358,26.825,0.0121909,4.4,0.0929724,0.409079,NONE,999.9,0,0
16.1505,18.2798,26.8253,0.012692,4.4,0.0270772,0.119139,NONE,999.9,0,0
16.152,18.2798,26.8253,0.012692,4.4,0.0270772,0.119139,NONE,999.9,0,0
16.1563,18.2798,26.8253,0.012692,4.4,0.0270772,0.119139,NONE,999.9,0,0
16.1604,18.3238,26.8257,0.0127616,4.4,-0.0278603,-0.122585,NONE,999.9,0,0
16.1647,18.3238,26.8257,0.0127616,4.4,-0.0278603,-0.122585,NONE,999.9,0,0
16.1695,18.3678,26.826,0.0121956,4.4,-0.0666105,-0.293086,NONE,999.9,0,0
16.1723,18.3678,26.826,0.0121956,4.4,-0.0666105,-0.293086,NONE,999.9,0,0
16.1767,18.3678,26.826,0.0121956,4.4,-0.0666105,-0.293086,NONE,999.9,0,0
16.1809,18.4118,26.8263,0.0114396,4.4,-0.100162,-0.440714,NONE,999.9,0,0
16.1839,18.4118,26.8263,0.0114396,4.4,-0.100162,-0.440714,NONE,999.9,0,0
16.189,18.4558,26.8266,0.010238,4.4,-0.122108,-0.537276,NONE,999.9,0,0
16.192,18.4558,26.8266,0.010238,4.4,-0.122108,-0.537276,NONE,999.9,0,0
16.1964,18.4558,26.8266,0.010238,4.4,-0.122108,-0.537276,NONE,999.9,0,0
16.2002,18.4998,26.8269,0.00899546,4.4,-0.142495,-0.626977,NONE,999.9,0,0
16.2048,18.4998,26.8269,0.00899546,4.4,-0.142495,-0.626977,NONE,999.9,0,0
16.21,18.5438,26.8272,0.00742407,4.4,-0.15416,-0.678304,NONE,999.9,0,0
16.213,18.5438,26.8272,0.00742407,4.4,-0.15416,-0.678304,NONE,999.9,0,0
16.2159,18.5438,26.8272,0.00742407,4.4,-0.15416,-0.678304,NONE,999.9,0,0
16.2203,18.5878,26.8274,0.00590276,4.4,-0.166548,-0.73281,NONE,999.9,0,0
16.224,18.5878,26.8274,0.00590276,4.4,-0.166548,-0.73281,NONE,999.9,0,0
16.2295,18.6318,26.8276,0.00412316,4.4,-0.172016,-0.756871,NONE,999.9,0,0
16.2322,18.6318,26.8276,0.00412316,4.4,-0.172016,-0.756871,NONE,999.9,0,0
16.2365,18.6318,26.8276,0.00412316,4.4,-0.172016,-0.756871,NONE,999.9,0,0
16.2403,18.6758,26.8277,0.00244823,4.4,-0.179625,-0.790352,NONE,999.9,0,0
16.2447,18.6758,26.8277,0.00244823,4.4,-0.179625,-0.790352,NONE,999.9,0,0
16.252,18.7198,26.8278,0.000556998,4.4,-0.181429,-0.798289,NONE,999.9,0,0
16.2544,18.7198,26.8278,0.000556998,4.4,-0.181429,-0.798289,NONE,999.9,0,0
16.2562,18.7198,26.8278,0.000556998,4.4,-0.181429,-0.798289,NONE,999.9,0,0
16.262,18.7638,26.8279,-0.00119747,4.4,-0.186247,-0.819487,NONE,999.9,0,0
16.2648,18.7638,26.8279,-0.00119747,4.4,-0.186247,-0.819487,NONE,999.9,0,0
16.2709,18.8078,26.8278,-0.00314385,4.4,-0.18594,-0.818137,NONE,999.9,0,0
16.2729,18.8078,26.8278,-0.00314385,4.4,-0.18594,-0.818137,NONE,999.9,0,0
16.2765,18.8078,26.8278,-0.00314385,4.4,-0.18594,-0.818137,NONE,999.9,0,0
16.2805,18.8518,26.8278,-0.00493513,4.4,-0.189176,-0.832376,NONE,999.9,0,0
16.2845,18.8518,26.8278,-0.00493513,4.4,-0.189176,-0.832376,NONE,999.9,0,0
16.2887,18.8958,26.8277,-0.00690465,4.4,-0.187698,-0.825872,NONE,999.9,0,0
16.2919,18.8958,26.8277,-0.00690465,4.4,-0.187698,-0.825872,NONE,999.9,0,0
16.2963,18.8958,26.8277,-0.00690465,4.4,-0.187698,-0.825872,NONE,999.9,0,0
16.3006,18.9398,26.8275,-0.00870899,4.4,-0.190079,-0.836345,NONE,999.9,0,0
16.3041,18.9398,26.8275,-0.00870899,4.4,-0.190079,-0.836345,NONE,999.9,0,0
16.3103,18.9838,26.8272,-0.0106843,4.4,-0.187986,-0.82714,NONE,999.9,0,0
16.3126,18.9838,26.8272,-0.0106843,4.4,-0.187986,-0.82714,NONE,999.9,0,0
16.3161,18.9838,26.8272,-0.0106843,4.4,-0.187986,-0.82714,NONE,999.9,0,0
16.32,19.0278,26.8269,-0.0124892,4.4,-0.189937,-0.835722,NONE,999.9,0,0
16.3239,19.0278,26.8269,-0.0124892,4.4,-0.189937,-0.835722,NONE,999.9,0,0
16.3298,19.0718,26.8266,-0.0144616,4.4,-0.187554,-0.825237,NONE,999.9,0,0
16.3322,19.0718,26.8266,-0.0144616,4.4,-0.187554,-0.825237,NONE,999.9,0,0
16.3361,19.0718,26.8266,-0.0144616,4.4,-0.187554,-0.825237,NONE,999.9,0,0
16.3403,19.1158,26.8261,-0.0162612,4.4,-0.189317,-0.832997,NONE,999.9,0,0
16.3458,19.1158,26.8261,-0.0162612,4.4,-0.189317,-0.832997,NONE,999.9,0,0
16.3494,19.1598,26.8256,-0.0182267,4.4,-0.186824,-0.822027,NONE,999.9,0,0
16.352,19.1598,26.8256,-0.0182267,4.4,-0.186824,-0.822027,NONE,999.9,0,0
16.3559,19.1598,26.8256,-0.0182267,4.4,-0.186824,-0.822027,NONE,999.9,0,0
16.3623,19.2038,26.825,-0.0200187,4.4,-0.188534,-0.829549,NONE,999.9,0,0
16.3651,19.2038,26.825,-0.0200187,4.4,-0.188534,-0.829549,NONE,999.9,0,0
16.3688,19.2478,26.8243,-0.0219763,4.4,-0.186027,-0.818517,NONE,999.9,0,0
16.3719,19.2478,26.8243,-0.0219763,4.4,-0.186027,-0.818517,NONE,999.9,0,0
16.3785,19.2478,26.8243,-0.0219763,4.4,-0.186027,-0.818517,NONE,999.9,0,0
16.3837,19.2918,26.8236,-0.0237604,4.4,-0.18775,-0.8261,NONE,999.9,0,0
16.3855,19.2918,26.8236,-0.0237604,4.4,-0.18775,-0.8261,NONE,999.9,0,0
16.389,19.3358,26.8228,-0.0257103,4.4,-0.185275,-0.815211,NONE,999.9,0,0
16.3924,19.3358,26.8228,-0.0257103,4.4,-0.185275,-0.815211,NONE,999.9,0,0
16.3975,19.3358,26.8228,-0.0257103,4.4,-0.185275,-0.815211,NONE,999.9,0,0
16.4007,19.3798,26.8219,-0.027487,4.4,-0.187043,-0.822989,NONE,999.9,0,0
16.4042,19.3798,26.8219,-0.027487,4.4,-0.187043,-0.822989,NONE,999.9,0,0
16.4094,19.4237,26.8209,-0.0294301,4.4,-0.184619,-0.812325,NONE,999.9,0,0
16.4125,19.4237,26.8209,-0.0294301,4.4,-0.184619,-0.812325,NONE,999.9,0,0
16.4164,19.4237,26.8209,-0.0294301,4.4,-0.184619,-0.812325,NONE,999.9,0,0
16.4203,19.4677,26.8199,-0.0312006,4.4,-0.186442,-0.820343,NONE,999.9,0,0
16.4244,19.4677,26.8199,-0.0312006,4.4,-0.186442,-0.820343,NONE,999.9,0,0
16.4298,19.5117,26.8188,-0.0331379,4.4,-0.184073,-0.809922,NONE,999.9,0,0
16.4321,19.5117,26.8188,-0.0331379,4.4,-0.184073,-0.809922,NONE,999.9,0,0
16.436,19.5117,26.8188,-0.0331379,4.4,-0.184073,-0.809922,NONE,999.9,0,0
16.44,19.5557,26.8176,-0.0349032,4.4,-0.185949,-0.818177,NONE,999.9,0,0
16.4462,19.5557,26.8176,-0.0349032,4.4,-0.185949,-0.818177,NONE,999.9,0,0
16.4491,19.5997,26.8163,-0.0368359,4.4,-0.183632,-0.807982,NONE,999.9,0,0
16.4521,19.5997,26.8163,-0.0368359,4.4,-0.183632,-0.807982,NONE,999.9,0,0
16.4563,19.5997,26.8163,-0.0368359,4.4,-0.183632,-0.807982,NONE,999.9,0,0
16.4615,19.6437,26.815,-0.0385971,4.4,-0.185557,-0.816449,NONE,999.9,0,0
16.4643,19.6437,26.815,-0.0385971,4.4,-0.185557,-0.816449,NONE,999.9,0,0
16.4691,19.6876,26.8135,-0.040526,4.4,-0.183284,-0.806451,NONE,999.9,0,0
16.4719,19.6876,26.8135,-0.040526,4.4,-0.183284,-0.806451,NONE,999.9,0,0
16.4763,19.6876,26.8135,-0.040526,4.4,-0.183284,-0.806451,NONE,999.9,0,0
16.4818,19.7316,26.812,-0.0422839,4.4,-0.185249,-0.815098,NONE,999.9,0,0
16.4839,19.7316,26.812,-0.0422839,4.4,-0.185249,-0.815098,NONE,999.9,0,0
16.4892,19.7756,26.8104,-0.04421,4.4,-0.183014,-0.805262,NONE,999.9,0,0
16.4922,19.7756,26.8104,-0.04421,4.4,-0.183014,-0.805262,NONE,999.9,0,0
16.4965,19.7756,26.8104,-0.04421,4.4,-0.183014,-0.805262,NONE,999.9,0,0
16.5,19.8195,26.8087,-0.0459653,4.4,-0.185013,-0.814056,NONE,999.9,0,0
16.5039,19.8195,26.8087,-0.0459653,4.4,-0.185013,-0.814056,NONE,999.9,0,0
16.5094,19.8635,26.807,-0.0478892,4.4,-0.182807,-0.804353,NONE,999.9,0,0
16.5126,19.8635,26.807,-0.0478892,4.4,-0.182807,-0.804353,NONE,999.9,0,0
16.5161,19.8635,26.807,-0.0478892,4.4,-0.182807,-0.804353,NONE,999.9,0,0
16.5206,19.9075,26.8052,-0.0496426,4.4,-0.184833,-0.813264,NONE,999.9,0,0
16.5256,19.9075,26.8052,-0.0496426,4.4,-0.184833,-0.813264,NONE,999.9,0,0
16.5294,19.9514,26.8032,-0.0518825,4.4,-0.276353,-1.21595,NONE,999.9,0,0
16.532,19.9514,26.8032,-0.0518825,4.4,-0.276353,-1.21595,NONE,999.9,0,0
16.536,19.9514,26.8032,-0.0518825,4.4,-0.276353,-1.21595,NONE,999.9,0,0
16.54,19.9954,26.8011,-0.0550823,4.4,-0.343683,-1.5122,NONE,999.9,0,0
16.5465,19.9954,26.8011,-0.0550823,4.4,-0.343683,-1.5122,NONE,999.9,0,0
16.5494,20.0393,26.7988,-0.058725,4.4,-0.39948,-1.75771,NONE,999.9,0,0
16.5521,20.0393,26.7988,-0.058725,4.4,-0.39948,-1.75771,NONE,999.9,0,0
16.5561,20.0393,26.7988,-0.058725,4.4,-0.39948,-1.75771,NONE,999.9,0,0
16.5613,20.0833,26.7964,-0.0630098,4.4,-0.43867,-1.93015,NONE,999.9,0,0
16.5642,20.0833,26.7964,-0.0630098,4.4,-0.43867,-1.93015,NONE,999.9,0,0
16.5687,20.1272,26.7938,-0.0674873,4.4,-0.472361,-2.07839,NONE,999.9,0,0
16.5721,20.1272,26.7938,-0.0674873,4.4,-0.472361,-2.07839,NONE,999.9,0,0
16.5763,20.1272,26.7938,-0.0674873,4.4,-0.472361,-2.07839,NONE,999.9,0,0
16.5804,20.1711,26.7911,-0.0727284,4.4,-0.587938,-2.58693,NONE,999.9,0,0
16.5843,20.1711,26.7911,-0.0727284,4.4,-0.587938,-2.58693,NONE,999.9,0,0
16.5895,20.215,26.788,-0.0791391,4.4,-0.673394,-2.96294,NONE,999.9,0,0
16.5921,20.215,26.788,-0.0791391,4.4,-0.673394,-2.96294,NONE,999.9,0,0
16.5963,20.215,26.788,-0.0791391,4.4,-0.673394,-2.96294,NONE,999.9,0,0
16.6002,20.2589,26.7848,-0.0861499,4.4,-0.742715,-3.26795,NONE,999.9,0,0
16.604,20.2589,26.7848,-0.0861499,4.4,-0.742715,-3.26795,NONE,999.9,0,0
16.6105,20.3027,26.7812,-0.0939194,4.4,-0.791872,-3.48424,NONE,999.9,0,0
16.6139,20.3027,26.7812,-0.0939194,4.4,-0.791872,-3.48424,NONE,999.9,0,0
16.6159,20.3027,26.7812,-0.0939194,4.4,-0.791872,-3.48424,NONE,999.9,0,0
16.6205,20.3466,26.7774,-0.101967,4.4,-0.832795,-3.6643,NONE,999.9,0,0
16.6242,20.3466,26.7774,-0.101967,4.4,-0.832795,-3.6643,NONE,999.9,0,0
16.6297,20.3904,26.7734,-0.110522,4.4,-0.859812,-3.78317,NONE,999.9,0,0
16.6322,20.3904,26.7734,-0.110522,4.4,-0.859812,-3.78317,NONE,999.9,0,0
16.6359,20.3904,26.7734,-0.110522,4.4,-0.859812,-3.78317,NONE,999.9,0,0
16.64,20.4342,26.769,-0.11916,4.4,-0.883543,-3.88759,NONE,999.9,0,0
16.6448,20.4342,26.769,-0.11916,4.4,-0.883543,-3.88759,NONE,999.9,0,0
16.6497,20.4779,26.7643,-0.128153,4.4,-0.897267,-3.94798,NONE,999.9,0,0
16.6524,20.4779,26.7643,-0.128153,4.4,-0.897267,-3.94798,NONE,999.9,0,0
16.656,20.4779,26.7643,-0.128153,4.4,-0.897267,-3.94798,NONE,999.9,0,0
16.6606,20.5216,26.7594,-0.137111,4.4,-0.910773,-4.0074,NONE,999.9,0,0
16.6642,20.5216,26.7594,-0.137111,4.4,-0.910773,-4.0074,NONE,999.9,0,0
16.6689,20.5653,26.7541,-0.146336,4.4,-0.916679,-4.03339,NONE,999.9,0,0
16.6719,20.5653,26.7541,-0.146336,4.4,-0.916679,-4.03339,NONE,999.9,0,0
16.6772,20.5653,26.7541,-0.146336,4.4,-0.916679,-4.03339,NONE,999.9,0,0
16.6816,20.6089,26.7485,-0.155458,4.4,-0.924247,-4.06669,NONE,999.9,0,0
16.6842,20.6089,26.7485,-0.155458,4.4,-0.924247,-4.06669,NONE,999.9,0,0
16.6887,20.6525,26.7425,-0.164793,4.4,-0.925683,-4.073,NONE,999.9,0,0
16.6919,20.6525,26.7425,-0.164793,4.4,-0.925683,-4.073,NONE,999.9,0,0
16.6964,20.6525,26.7425,-0.164793,4.4,-0.925683,-4.073,NONE,999.9,0,0
16.7001,20.6961,26.7362,-0.173988,4.4,-0.929917,-4.09164,NONE,999.9,0,0
16.7041,20.6961,26.7362,-0.173988,4.4,-0.929917,-4.09164,NONE,999.9,0,0
16.7127,20.7396,26.7295,-0.183685,4.4,-1.0226,-4.49944,NONE,999.9,0,0
16.7153,20.7396,26.7295,-0.183685,4.4,-1.0226,-4.49944,NONE,999.9,0,0
16.717,20.7396,26.7295,-0.183685,4.4,-1.0226,-4.49944,NONE,999.9,0,0
16.7203,20.783,26.7224,-0.19435,4.4,-1.09034,-4.79749,NONE,999.9,0,0
16.7239,20.783,26.7224,-0.19435,4.4,-1.09034,-4.79749,NONE,999.9,0,0
16.7303,20.8263,26.7149,-0.205459,4.4,-1.14602,-5.04248,NONE,999.9,0,0
16.7318,20.8263,26.7149,-0.205459,4.4,-1.14602,-5.04248,NONE,999.9,0,0
16.7359,20.8263,26.7149,-0.205459,4.4,-1.14602,-5.04248,NONE,999.9,0,0
16.7401,20.8696,26.7069,-0.217207,4.4,-1.18473,-5.21281,NONE,999.9,0,0
16.7448,20.8696,26.7069,-0.217207,4.4,-1.18473,-5.21281,NONE,999.9,0,0
16.7496,20.9128,26.6985,-0.229142,4.4,-1.21771,-5.35792,NONE,999.9,0,0
16.7523,20.9128,26.6985,-0.229142,4.4,-1.21771,-5.35792,NONE,999.9,0,0
16.756,20.9128,26.6985,-0.229142,4.4,-1.21771,-5.35792,NONE,999.9,0,0
16.7603,20.9559,26.6896,-0.241514,4.4,-1.23873,-5.45042,NONE,999.9,0,0
16.7642,20.9559,26.6896,-0.241514,4.4,-1.23873,-5.45042,NONE,999.9,0,0
16.7694,20.9989,26.6802,-0.253917,4.4,-1.25799,-5.53513,NONE,999.9,0,0
16.772,20.9989,26.6802,-0.253917,4.4,-1.25799,-5.53513,NONE,999.9,0,0
16.7768,20.9989,26.6802,-0.253917,4.4,-1.25799,-5.53513,NONE,999.9,0,0
16.7823,21.0418,26.6704,-0.266638,4.4,-1.2684,-5.58097,NONE,999.9,0,0
16.7847,21.0418,26.6704,-0.266638,4.4,-1.2684,-5.58097,NONE,999.9,0,0
16.7893,21.0846,26.6601,-0.279295,4.4,-1.2795,-5.62982,NONE,999.9,0,0
16.7919,21.0846,26.6601,-0.279295,4.4,-1.2795,-5.62982,NONE,999.9,0,0
16.7962,21.0846,26.6601,-0.279295,4.4,-1.2795,-5.62982,NONE,999.9,0,0
16.8001,21.1272,26.6493,-0.292198,4.4,-1.28369,-5.64825,NONE,999.9,0,0
16.8044,21.1272,26.6493,-0.292198,4.4,-1.28369,-5.64825,NONE,999.9,0,0
16.8089,21.1698,26.6381,-0.304983,4.4,-1.29007,-5.67631,NONE,999.9,0,0
16.814,21.1698,26.6381,-0.304983,4.4,-1.29007,-5.67631,NONE,999.9,0,0
16.8164,21.1698,26.6381,-0.304983,4.4,-1.29007,-5.67631,NONE,999.9,0,0
16.8202,21.2122,26.6263,-0.317973,4.4,-1.29071,-5.67911,NONE,999.9,0,0
16.824,21.2122,26.6263,-0.317973,4.4,-1.29071,-5.67911,NONE,999.9,0,0
16.8292,21.2544,26.6141,-0.330815,4.4,-1.29444,-5.69553,NONE,999.9,0,0
16.8319,21.2544,26.6141,-0.330815,4.4,-1.29444,-5.69553,NONE,999.9,0,0
16.8359,21.2544,26.6141,-0.330815,4.4,-1.29444,-5.69553,NONE,999.9,0,0
16.8406,21.2965,26.6013,-0.343838,4.4,-1.29313,-5.68978,NONE,999.9,0,0
16.8448,21.2965,26.6013,-0.343838,4.4,-1.29313,-5.68978,NONE,999.9,0,0
16.8497,21.3385,26.5881,-0.356696,4.4,-1.29546,-5.70002,NONE,999.9,0,0
16.8521,21.3385,26.5881,-0.356696,4.4,-1.29546,-5.70002,NONE,999.9,0,0
16.8562,21.3385,26.5881,-0.356696,4.4,-1.29546,-5.70002,NONE,999.9,0,0
16.8607,21.3803,26.5743,-0.369725,4.4,-1.29316,-5.68989,NONE,999.9,0,0
16.8643,21.3803,26.5743,-0.369725,4.4,-1.29316,-5.68989,NONE,999.9,0,0
16.8687,21.4219,26.56,-0.38258,4.4,-1.2948,-5.69712,NONE,999.9,0,0
16.8723,21.4219,26.56,-0.38258,4.4,-1.2948,-5.69712,NONE,999.9,0,0
16.879,21.4219,26.56,-0.38258,4.4,-1.2948,-5.69712,NONE,999.9,0,0
16.8817,21.4633,26.5452,-0.395599,4.4,-1.29205,-5.68501,NONE,999.9,0,0
16.8843,21.4633,26.5452,-0.395599,4.4,-1.29205,-5.68501,NONE,999.9,0,0
16.8888,21.5046,26.5299,-0.408442,4.4,-1.29341,-5.69103,NONE,999.9,0,0
16.8926,21.5046,26.5299,-0.408442,4.4,-1.29341,-5.69103,NONE,999.9,0,0
16.896,21.5046,26.5299,-0.408442,4.4,-1.29341,-5.69103,NONE,999.9,0,0
16.9002,21.5456,26.5141,-0.421764,4.4,-1.38422,-6.09056,NONE,999.9,0,0
16.9047,21.5456,26.5141,-0.421764,4.4,-1.38422,-6.09056,NONE,999.9,0,0
16.9096,21.5864,26.4977,-0.436039,4.4,-1.45081,-6.38357,NONE,999.9,0,0
16.9131,21.5864,26.4977,-0.436039,4.4,-1.45081,-6.38357,NONE,999.9,0,0
16.9161,21.5864,26.4977,-0.436039,4.4,-1.45081,-6.38357,NONE,999.9,0,0
16.9202,21.627,26.4807,-0.450749,4.4,-1.50588,-6.62587,NONE,999.9,0,0
16.9241,21.627,26.4807,-0.450749,4.4,-1.50588,-6.62587,NONE,999.9,0,0
16.9288,21.6674,26.4631,-0.466094,4.4,-1.54437,-6.79522,NONE,999.9,0,0
16.9321,21.6674,26.4631,-0.466094,4.4,-1.54437,-6.79522,NONE,999.9,0,0
16.9362,21.6674,26.4631,-0.466094,4.4,-1.54437,-6.79522,NONE,999.9,0,0
16.9406,21.7074,26.4449,-0.481625,4.4,-1.5774,-6.94055,NONE,999.9,0,0
16.9444,21.7074,26.4449,-0.481625,4.4,-1.5774,-6.94055,NONE,999.9,0,0
16.9487,21.7472,26.4262,-0.497596,4.4,-1.59866,-7.03409,NONE,999.9,0,0
16.952,21.7472,26.4262,-0.497596,4.4,-1.59866,-7.03409,NONE,999.9,0,0
16.9563,21.7472,26.4262,-0.497596,4.4,-1.59866,-7.03409,NONE,999.9,0,0
16.9606,21.7868,26.4068,-0.5136,4.4,-1.61826,-7.12036,NONE,999.9,0,0
16.964,21.7868,26.4068,-0.5136,4.4,-1.61826,-7.12036,NONE,999.9,0,0
16.9691,21.826,26.3869,-0.529925,4.4,-1.62911,-7.16808,NONE,999.9,0,0
16.9723,21.826,26.3869,-0.529925,4.4,-1.62911,-7.16808,NONE,999.9,0,0
16.9767,21.826,26.3869,-0.529925,4.4,-1.62911,-7.16808,NONE,999.9,0,0
16.9804,21.8649,26.3664,-0.546192,4.4,-1.64067,-7.21897,NONE,999.9,0,0
16.984,21.8649,26.3664,-0.546192,4.4,-1.64067,-7.21897,NONE,999.9,0,0
16.9889,21.9036,26.3453,-0.562709,4.4,-1.64534,-7.2395,NONE,999.9,0,0
16.992,21.9036,26.3453,-0.562709,4.4,-1.64534,-7.2395,NONE,999.9,0,0
16.9959,21.9036,26.3453,-0.562709,4.4,-1.64534,-7.2395,NONE,999.9,0,0
17.0005,21.9418,26.3236,-0.579113,4.4,-1.65219,-7.26962,NONE,999.9,0,0
17.0043,21.9418,26.3236,-0.579113,4.4,-1.65219,-7.26962,NONE,999.9,0,0
17.0103,21.9798,26.3014,-0.595726,4.4,-1.65328,-7.27441,NONE,999.9,0,0
17.0125,21.9798,26.3014,-0.595726,4.4,-1.65328,-7.27441,NONE,999.9,0,0
17.0163,21.9798,26.3014,-0.595726,4.4,-1.65328,-7.27441,NONE,999.9,0,0
17.0201,22.0174,26.2785,-0.612196,4.4,-1.65743,-7.29271,NONE,999.9,0,0
17.0239,22.0174,26.2785,-0.612196,4.4,-1.65743,-7.29271,NONE,999.9,0,0
17.0289,22.0546,26.2551,-0.628851,4.4,-1.65652,-7.2887,NONE,999.9,0,0
17.0321,22.0546,26.2551,-0.628851,4.4,-1.65652,-7.2887,NONE,999.9,0,0
17.0364,22.0546,26.2551,-0.628851,4.4,-1.65652,-7.2887,NONE,999.9,0,0
17.0408,22.0915,26.231,-0.645345,4.4,-1.65921,-7.30054,NONE,999.9,0,0
17.0458,22.0915,26.231,-0.645345,4.4,-1.65921,-7.30054,NONE,999.9,0,0
17.0495,22.1279,26.2064,-0.66233,4.4,-1.75095,-7.70416,NONE,999.9,0,0
17.0525,22.1279,26.2064,-0.66233,4.4,-1.75095,-7.70416,NONE,999.9,0,0
17.0563,22.1279,26.2064,-0.66233,4.4,-1.75095,-7.70416,NONE,999.9,0,0
17.0613,22.1639,26.1811,-0.680276,4.4,-1.81817,-7.99995,NONE,999.9,0,0
17.0644,22.1639,26.1811,-0.680276,4.4,-1.81817,-7.99995,NONE,999.9,0,0
17.0695,22.1995,26.1552,-0.698662,4.4,-1.87365,-8.24405,NONE,999.9,0,0
17.0721,22.1995,26.1552,-0.698662,4.4,-1.87365,-8.24405,NONE,999.9,0,0
17.0767,22.1995,26.1552,-0.698662,4.4,-1.87365,-8.24405,NONE,999.9,0,0
17.086,22.2346,26.1287,-0.717686,4.4,-1.91238,-8.41448,NONE,999.9,0,0
17.0894,22.2692,26.1015,-0.736898,4.4,-1.94553,-8.56035,NONE,999.9,0,0
17.0923,22.2692,26.1015,-0.736898,4.4,-1.94553,-8.56035,NONE,999.9,0,0
17.1046,22.2692,26.1015,-0.736898,4.4,-1.94553,-8.56035,NONE,999.9,0,0
17.1076,22.3033,26.0737,-0.75655,4.4,-1.96683,-8.65405,NONE,999.9,0,0
17.1214,22.3369,26.0453,-0.776236,4.4,-1.98641,-8.74022,NONE,999.9,0,0
17.1249,22.37,26.0163,-0.796242,4.4,-1.9972,-8.78766,NONE,999.9,0,0
17.1365,22.4025,25.9866,-0.816189,4.4,-2.00867,-8.83815,NONE,999.9,0,0
17.1403,22.4344,25.9564,-0.836386,4.4,-2.01323,-8.85822,NONE,999.9,0,0
17.1513,22.4344,25.9564,-0.836386,4.4,-2.01323,-8.85822,NONE,999.9,0,0
17.1566,22.4658,25.9255,-0.856468,4.4,-2.01997,-8.88785,NONE,999.9,0,0
17.1602,22.4966,25.8941,-0.876759,4.4,-2.02094,-8.89214,NONE,999.9,0,0
17.1626,22.4966,25.8941,-0.876759,4.4,-2.02094,-8.89214,NONE,999.9,0,0
17.1648,22.4966,25.8941,-0.876759,4.4,-2.02094,-8.89214,NONE,999.9,0,0
17.1701,22.5268,25.8621,-0.896904,4.4,-2.02499,-8.90994,NONE,999.9,0,0
17.178,22.5268,25.8621,-0.896904,4.4,-2.02499,-8.90994,NONE,999.9,0,0
17.1817,22.5563,25.8295,-0.917235,4.4,-2.02397,-8.90546,NONE,999.9,0,0
17.1842,22.5563,25.8295,-0.917235,4.4,-2.02397,-8.90546,NONE,999.9,0,0
17.1899,22.5853,25.7963,-0.937403,4.4,-2.02656,-8.91685,NONE,999.9,0,0
17.1921,22.5853,25.7963,-0.937403,4.4,-2.02656,-8.91685,NONE,999.9,0,0
17.1967,22.5853,25.7963,-0.937403,4.4,-2.02656,-8.91685,NONE,999.9,0,0
17.2003,22.6135,25.7626,-0.957743,4.4,-2.02449,-8.90777,NONE,999.9,0,0
17.204,22.6135,25.7626,-0.957743,4.4,-2.02449,-8.90777,NONE,999.9,0,0
17.2088,22.6411,25.7283,-0.977913,4.4,-2.02635,-8.91594,NONE,999.9,0,0
17.2126,22.6411,25.7283,-0.977913,4.4,-2.02635,-8.91594,NONE,999.9,0,0
17.216,22.6411,25.7283,-0.977913,4.4,-2.02635,-8.91594,NONE,999.9,0,0
17.2202,22.668,25.6935,-0.998248,4.4,-2.02379,-8.90467,NONE,999.9,0,0
17.2243,22.668,25.6935,-0.998248,4.4,-2.02379,-8.90467,NONE,999.9,0,0
17.2296,22.6943,25.6582,-1.01841,4.4,-2.02532,-8.91142,NONE,999.9,0,0
17.2321,22.6943,25.6582,-1.01841,4.4,-2.02532,-8.91142,NONE,999.9,0,0
17.2359,22.6943,25.6582,-1.01841,4.4,-2.02532,-8.91142,NONE,999.9,0,0
17.2402,22.7198,25.6223,-1.03873,4.4,-2.02257,-8.89932,NONE,999.9,0,0
17.2445,22.7198,25.6223,-1.03873,4.4,-2.02257,-8.89932,NONE,999.9,0,0
17.2492,22.7446,25.586,-1.05888,4.4,-2.02401,-8.90566,NONE,999.9,0,0
17.2521,22.7446,25.586,-1.05888,4.4,-2.02401,-8.90566,NONE,999.9,0,0
17.2561,22.7446,25.586,-1.05888,4.4,-2.02401,-8.90566,NONE,999.9,0,0
17.2604,22.7686,25.5492,-1.07951,4.4,-2.11494,-9.30573,NONE,999.9,0,0
17.2646,22.7686,25.5492,-1.07951,4.4,-2.11494,-9.30573,NONE,999.9,0,0
17.2692,22.7919,25.5118,-1.10109,4.4,-2.18168,-9.59941,NONE,999.9,0,0
17.2722,22.7919,25.5118,-1.10109,4.4,-2.18168,-9.59941,NONE,999.9,0,0
17.2765,22.7919,25.5118,-1.10109,4.4,-2.18168,-9.59941,NONE,999.9,0,0
17.2803,22.8143,25.4739,-1.12311,4.4,-2.23692,-9.84245,NONE,999.9,0,0
17.284,22.8143,25.4739,-1.12311,4.4,-2.23692,-9.84245,NONE,999.9,0,0
17.289,22.8359,25.4356,-1.14577,4.4,-2.27558,-10.0126,NONE,999.9,0,0
17.2922,22.8359,25.4356,-1.14577,4.4,-2.27558,-10.0126,NONE,999.9,0,0
17.2963,22.8359,25.4356,-1.14577,4.4,-2.27558,-10.0126,NONE,999.9,0,0
17.3002,22.8567,25.3968,-1.16861,4.4,-2.30879,-10.1587,NONE,999.9,0,0
17.3053,22.8567,25.3968,-1.16861,4.4,-2.30879,-10.1587,NONE,999.9,0,0
17.3088,22.8766,25.3576,-1.1919,4.4,-2.33021,-10.2529,NONE,999.9,0,0
17.3122,22.8766,25.3576,-1.1919,4.4,-2.33021,-10.2529,NONE,999.9,0,0
17.316,22.8766,25.3576,-1.1919,4.4,-2.33021,-10.2529,NONE,999.9,0,0
17.3202,22.8956,25.3179,-1.21522,4.4,-2.34998,-10.3399,NONE,999.9,0,0
17.3242,22.8956,25.3179,-1.21522,4.4,-2.34998,-10.3399,NONE,999.9,0,0
17.3293,22.9137,25.2778,-1.23886,4.4,-2.36097,-10.3883,NONE,999.9,0,0
17.332,22.9137,25.2778,-1.23886,4.4,-2.36097,-10.3883,NONE,999.9,0,0
17.3359,22.9137,25.2778,-1.23886,4.4,-2.36097,-10.3883,NONE,999.9,0,0
17.3399,22.931,25.2373,-1.26245,4.4,-2.37267,-10.4398,NONE,999.9,0,0
17.3442,22.931,25.2373,-1.26245,4.4,-2.37267,-10.4398,NONE,999.9,0,0
17.3489,22.9473,25.1965,-1.28629,4.4,-2.37746,-10.4608,NONE,999.9,0,0
17.3521,22.9473,25.1965,-1.28629,4.4,-2.37746,-10.4608,NONE,999.9,0,0
17.3565,22.9473,25.1965,-1.28629,4.4,-2.37746,-10.4608,NONE,999.9,0,0
17.3604,22.9627,25.1553,-1.31001,4.4,-2.38442,-10.4914,NONE,999.9,0,0
17.3639,22.9627,25.1553,-1.31001,4.4,-2.38442,-10.4914,NONE,999.9,0,0
17.3693,22.9771,25.1137,-1.33395,4.4,-2.38561,-10.4967,NONE,999.9,0,0
17.3719,22.9771,25.1137,-1.33395,4.4,-2.38561,-10.4967,NONE,999.9,0,0
17.3764,22.9771,25.1137,-1.33395,4.4,-2.38561,-10.4967,NONE,999.9,0,0
17.3804,22.9906,25.0718,-1.35774,4.4,-2.38986,-10.5154,NONE,999.9,0,0
17.384,22.9906,25.0718,-1.35774,4.4,-2.38986,-10.5154,NONE,999.9,0,0
17.3893,23.0032,25.0297,-1.38172,4.4,-2.38903,-10.5117,NONE,999.9,0,0
17.3922,23.0032,25.0297,-1.38172,4.4,-2.38903,-10.5117,NONE,999.9,0,0
17.3959,23.0032,25.0297,-1.38172,4.4,-2.38903,-10.5117,NONE,999.9,0,0
17.4004,23.0147,24.9872,-1.40554,4.4,-2.39179,-10.5239,NONE,999.9,0,0
17.404,23.0147,24.9872,-1.40554,4.4,-2.39179,-10.5239,NONE,999.9,0,0
17.4087,23.0253,24.9445,-1.42953,4.4,-2.38988,-10.5155,NONE,999.9,0,0
17.4124,23.0253,24.9445,-1.42953,4.4,-2.38988,-10.5155,NONE,999.9,0,0
17.4167,23.0253,24.9445,-1.42953,4.4,-2.38988,-10.5155,NONE,999.9,0,0
17.4202,23.0348,24.9015,-1.45336,4.4,-2.39187,-10.5242,NONE,999.9,0,0
17.4241,23.0348,24.9015,-1.45336,4.4,-2.39187,-10.5242,NONE,999.9,0,0
17.429,23.0434,24.8584,-1.47735,4.4,-2.38944,-10.5135,NONE,999.9,0,0
17.4318,23.0434,24.8584,-1.47735,4.4,-2.38944,-10.5135,NONE,999.9,0,0
17.4359,23.0434,24.8584,-1.47735,4.4,-2.38944,-10.5135,NONE,999.9,0,0
17.4403,23.0509,24.815,-1.50117,4.4,-2.39109,-10.5208,NONE,999.9,0,0
17.4443,23.0509,24.815,-1.50117,4.4,-2.39109,-10.5208,NONE,999.9,0,0
17.4491,23.0574,24.7715,-1.52515,4.4,-2.38843,-10.5091,NONE,999.9,0,0
17.4521,23.0574,24.7715,-1.52515,4.4,-2.38843,-10.5091,NONE,999.9,0,0
17.456,23.0574,24.7715,-1.52515,4.4,-2.38843,-10.5091,NONE,999.9,0,0
17.4603,23.063,24.7279,-1.54896,4.4,-2.38996,-10.5158,NONE,999.9,0,0
17.4642,23.063,24.7279,-1.54896,4.4,-2.38996,-10.5158,NONE,999.9,0,0
17.4686,23.0674,24.6841,-1.57293,4.4,-2.38726,-10.5039,NONE,999.9,0,0
17.472,23.0674,24.6841,-1.57293,4.4,-2.38726,-10.5039,NONE,999.9,0,0
17.4769,23.0674,24.6841,-1.57293,4.4,-2.38726,-10.5039,NONE,999.9,0,0
17.481,23.0709,24.6402,-1.59641,4.4,-2.29509,-10.0984,NONE,999.9,0,0
17.4841,23.0709,24.6402,-1.59641,4.4,-2.29509,-10.0984,NONE,999.9,0,0
17.489,23.0734,24.5963,-1.61892,4.4,-2.22714,-9.79941,NONE,999.9,0,0
17.4922,23.0734,24.5963,-1.61892,4.4,-2.22714,-9.79941,NONE,999.9,0,0
17.4961,23.0734,24.5963,-1.61892,4.4,-2.22714,-9.79941,NONE,999.9,0,0
17.5,23.0749,24.5523,-1.64098,4.4,-2.17076,-9.55136,NONE,999.9,0,0
17.5042,23.0749,24.5523,-1.64098,4.4,-2.17076,-9.55136,NONE,999.9,0,0
17.5103,23.0755,24.5083,-1.6624,4.4,-2.13104,-9.37658,NONE,999.9,0,0
17.5147,23.0755,24.5083,-1.6624,4.4,-2.13104,-9.37658,NONE,999.9,0,0
17.5168,23.0755,24.5083,-1.6624,4.4,-2.13104,-9.37658,NONE,999.9,0,0
17.5201,23.0751,24.4643,-1.68361,4.4,-2.09687,-9.22621,NONE,999.9,0,0
17.5243,23.0751,24.4643,-1.68361,4.4,-2.09687,-9.22621,NONE,999.9,0,0
17.5289,23.0738,24.4204,-1.70438,4.4,-2.07455,-9.12803,NONE,999.9,0,0
17.5321,23.0738,24.4204,-1.70438,4.4,-2.07455,-9.12803,NONE,999.9,0,0
17.5359,23.0738,24.4204,-1.70438,4.4,-2.07455,-9.12803,NONE,999.9,0,0
17.5403,23.0715,24.3764,-1.7251,4.4,-2.05399,-9.03754,NONE,999.9,0,0
17.5447,23.0715,24.3764,-1.7251,4.4,-2.05399,-9.03754,NONE,999.9,0,0
17.5507,23.0682,24.3325,-1.7455,4.4,-2.04228,-8.98601,NONE,999.9,0,0
17.5527,23.0682,24.3325,-1.7455,4.4,-2.04228,-8.98601,NONE,999.9,0,0
17.5562,23.0682,24.3325,-1.7455,4.4,-2.04228,-8.98601,NONE,999.9,0,0
17.5607,23.064,24.2887,-1.76594,4.4,-2.02993,-8.93171,NONE,999.9,0,0
17.5644,23.064,24.2887,-1.76594,4.4,-2.02993,-8.93171,NONE,999.9,0,0
17.5689,23.0589,24.245,-1.78612,4.4,-2.02458,-8.90814,NONE,999.9,0,0
17.5732,23.0589,24.245,-1.78612,4.4,-2.02458,-8.90814,NONE,999.9,0,0
17.5769,23.0589,24.245,-1.78612,4.4,-2.02458,-8.90814,NONE,999.9,0,0
17.581,23.0529,24.2015,-1.80642,4.4,-2.01712,-8.87531,NONE,999.9,0,0
17.5844,23.0529,24.2015,-1.80642,4.4,-2.01712,-8.87531,NONE,999.9,0,0
17.5893,23.0459,24.158,-1.82649,4.4,-2.01548,-8.86813,NONE,999.9,0,0
17.5918,23.0459,24.158,-1.82649,4.4,-2.01548,-8.86813,NONE,999.9,0,0
17.5965,23.0459,24.158,-1.82649,4.4,-2.01548,-8.86813,NONE,999.9,0,0
17.6003,23.0381,24.1147,-1.84671,4.4,-2.01085,-8.84774,NONE,999.9,0,0
17.6039,23.0381,24.1147,-1.84671,4.4,-2.01085,-8.84774,NONE,999.9,0,0
17.6117,23.0293,24.0716,-1.86673,4.4,-2.01134,-8.84991,NONE,999.9,0,0
17.6144,23.0293,24.0716,-1.86673,4.4,-2.01134,-8.84991,NONE,999.9,0,0
17.6161,23.0293,24.0716,-1.86673,4.4,-2.01134,-8.84991,NONE,999.9,0,0
17.6205,23.0196,24.0287,-1.88692,4.4,-2.00829,-8.83646,NONE,999.9,0,0
17.624,23.0196,24.0287,-1.88692,4.4,-2.00829,-8.83646,NONE,999.9,0,0
17.6291,23.0091,23.986,-1.90692,4.4,-2.00994,-8.84373,NONE,999.9,0,0
17.6319,23.0091,23.986,-1.90692,4.4,-2.00994,-8.84373,NONE,999.9,0,0
17.636,23.0091,23.986,-1.90692,4.4,-2.00994,-8.84373,NONE,999.9,0,0
17.6405,22.9976,23.9435,-1.9271,4.4,-2.00772,-8.83396,NONE,999.9,0,0
17.6453,22.9976,23.9435,-1.9271,4.4,-2.00772,-8.83396,NONE,999.9,0,0
17.6487,22.9853,23.9012,-1.9471,4.4,-2.00996,-8.84383,NONE,999.9,0,0
17.6519,22.9853,23.9012,-1.9471,4.4,-2.00996,-8.84383,NONE,999.9,0,0
17.656,22.9853,23.9012,-1.9471,4.4,-2.00996,-8.84383,NONE,999.9,0,0
17.6603,22.9721,23.8593,-1.96727,4.4,-2.00815,-8.83585,NONE,999.9,0,0
17.6641,22.9721,23.8593,-1.96727,4.4,-2.00815,-8.83585,NONE,999.9,0,0
17.6693,22.9581,23.8175,-1.98697,4.4,-1.91695,-8.43459,NONE,999.9,0,0
17.6724,22.9581,23.8175,-1.98697,4.4,-1.91695,-8.43459,NONE,999.9,0,0
17.6768,22.9581,23.8175,-1.98697,4.4,-1.91695,-8.43459,NONE,999.9,0,0
17.6815,22.9434,23.7761,-2.0057,4.4,-1.85002,-8.14008,NONE,999.9,0,0
17.684,22.9434,23.7761,-2.0057,4.4,-1.85002,-8.14008,NONE,999.9,0,0
17.6892,22.9278,23.7349,-2.024,4.4,-1.79465,-7.89646,NONE,999.9,0,0
17.6919,22.9278,23.7349,-2.024,4.4,-1.79465,-7.89646,NONE,999.9,0,0
17.6962,22.9278,23.7349,-2.024,4.4,-1.79465,-7.89646,NONE,999.9,0,0
17.6999,22.9115,23.6941,-2.04166,4.4,-1.7559,-7.72597,NONE,999.9,0,0
17.7042,22.9115,23.6941,-2.04166,4.4,-1.7559,-7.72597,NONE,999.9,0,0
17.7104,22.8945,23.6535,-2.05913,4.4,-1.72265,-7.57965,NONE,999.9,0,0
17.712,22.8945,23.6535,-2.05913,4.4,-1.72265,-7.57965,NONE,999.9,0,0
17.7162,22.8945,23.6535,-2.05913,4.4,-1.72265,-7.57965,NONE,999.9,0,0
17.7202,22.8767,23.6133,-2.07616,4.4,-1.70119,-7.48525,NONE,999.9,0,0
17.724,22.8767,23.6133,-2.07616,4.4,-1.70119,-7.48525,NONE,999.9,0,0
17.729,22.8581,23.5734,-2.09315,4.4,-1.68142,-7.39824,NONE,999.9,0,0
17.7319,22.8581,23.5734,-2.09315,4.4,-1.68142,-7.39824,NONE,999.9,0,0
17.7362,22.8581,23.5734,-2.09315,4.4,-1.68142,-7.39824,NONE,999.9,0,0
17.7403,22.8389,23.5338,-2.10982,4.4,-1.67043,-7.34988,NONE,999.9,0,0
17.7442,22.8389,23.5338,-2.10982,4.4,-1.67043,-7.34988,NONE,999.9,0,0
17.7487,22.8189,23.4946,-2.12655,4.4,-1.65874,-7.29845,NONE,999.9,0,0
17.7519,22.8189,23.4946,-2.12655,4.4,-1.65874,-7.29845,NONE,999.9,0,0
17.7559,22.8189,23.4946,-2.12655,4.4,-1.65874,-7.29845,NONE,999.9,0,0
17.76,22.7983,23.4557,-2.14302,4.4,-1.65396,-7.27744,NONE,999.9,0,0
17.7638,22.7983,23.4557,-2.14302,4.4,-1.65396,-7.27744,NONE,999.9,0,0
17.7693,22.7769,23.4173,-2.15961,4.4,-1.64703,-7.24691,NONE,999.9,0,0
17.7721,22.7769,23.4173,-2.15961,4.4,-1.64703,-7.24691,NONE,999.9,0,0
17.7763,22.7769,23.4173,-2.15961,4.4,-1.64703,-7.24691,NONE,999.9,0,0
17.78,22.7549,23.3792,-2.17599,4.4,-1.64586,-7.24177,NONE,999.9,0,0
17.784,22.7549,23.3792,-2.17599,4.4,-1.64586,-7.24177,NONE,999.9,0,0
17.7887,22.7322,23.3415,-2.19251,4.4,-1.64163,-7.22318,NONE,999.9,0,0
17.792,22.7322,23.3415,-2.19251,4.4,-1.64163,-7.22318,NONE,999.9,0,0
17.7958,22.7322,23.3415,-2.19251,4.4,-1.64163,-7.22318,NONE,999.9,0,0
17.8,22.7089,23.3041,-2.20885,4.4,-1.64248,-7.22693,NONE,999.9,0,0
17.8043,22.7089,23.3041,-2.20885,4.4,-1.64248,-7.22693,NONE,999.9,0,0
17.8089,22.685,23.2672,-2.22534,4.4,-1.63974,-7.21487,NONE,999.9,0,0
17.8125,22.685,23.2672,-2.22534,4.4,-1.63974,-7.21487,NONE,999.9,0,0
17.816,22.685,23.2672,-2.22534,4.4,-1.63974,-7.21487,NONE,999.9,0,0
17.8202,22.6604,23.2308,-2.24167,4.4,-1.64167,-7.22335,NONE,999.9,0,0
17.8241,22.6604,23.2308,-2.24167,4.4,-1.64167,-7.22335,NONE,999.9,0,0
17.8292,22.6352,23.1947,-2.25816,4.4,-1.63969,-7.21465,NONE,999.9,0,0
17.8321,22.6352,23.1947,-2.25816,4.4,-1.63969,-7.21465,NONE,999.9,0,0
17.8363,22.6352,23.1947,-2.25816,4.4,-1.63969,-7.21465,NONE,999.9,0,0
17.8402,22.6094,23.159,-2.27448,4.4,-1.64215,-7.22544,NONE,999.9,0,0
17.8448,22.6094,23.159,-2.27448,4.4,-1.64215,-7.22544,NONE,999.9,0,0
17.849,22.583,23.1239,-2.29098,4.4,-1.64051,-7.21826,NONE,999.9,0,0
17.8519,22.583,23.1239,-2.29098,4.4,-1.64051,-7.21826,NONE,999.9,0,0
17.856,22.583,23.1239,-2.29098,4.4,-1.64051,-7.21826,NONE,999.9,0,0
17.8602,22.556,23.0891,-2.30731,4.4,-1.64318,-7.22999,NONE,999.9,0,0
17.8646,22.556,23.0891,-2.30731,4.4,-1.64318,-7.22999,NONE,999.9,0,0
17.869,22.5284,23.0548,-2.32382,4.4,-1.64166,-7.22332,NONE,999.9,0,0
17.8724,22.5284,23.0548,-2.32382,4.4,-1.64166,-7.22332,NONE,999.9,0,0
17.8767,22.5284,23.0548,-2.32382,4.4,-1.64166,-7.22332,NONE,999.9,0,0
17.8805,22.5002,23.021,-2.34017,4.4,-1.64438,-7.23525,NONE,999.9,0,0
17.884,22.5002,23.021,-2.34017,4.4,-1.64438,-7.23525,NONE,999.9,0,0
17.8889,22.4715,22.9877,-2.35669,4.4,-1.64286,-7.22857,NONE,999.9,0,0
17.892,22.4715,22.9877,-2.35669,4.4,-1.64286,-7.22857,NONE,999.9,0,0
17.8962,22.4715,22.9877,-2.35669,4.4,-1.64286,-7.22857,NONE,999.9,0,0
17.9002,22.4423,22.9548,-2.37305,4.4,-1.64553,-7.24033,NONE,999.9,0,0
17.9045,22.4423,22.9548,-2.37305,4.4,-1.64553,-7.24033,NONE,999.9,0,0
17.9104,22.4124,22.9225,-2.3899,4.4,-1.73765,-7.64568,NONE,999.9,0,0
17.9137,22.4124,22.9225,-2.3899,4.4,-1.73765,-7.64568,NONE,999.9,0,0
17.916,22.4124,22.9225,-2.3899,4.4,-1.73765,-7.64568,NONE,999.9,0,0
17.9217,22.382,22.8907,-2.40771,4.4,-1.80554,-7.94437,NONE,999.9,0,0
17.9243,22.382,22.8907,-2.40771,4.4,-1.80554,-7.94437,NONE,999.9,0,0
17.9294,22.351,22.8594,-2.42597,4.4,-1.86184,-8.1921,NONE,999.9,0,0
17.9325,22.351,22.8594,-2.42597,4.4,-1.86184,-8.1921,NONE,999.9,0,0
17.9361,22.351,22.8594,-2.42597,4.4,-1.86184,-8.1921,NONE,999.9,0,0
17.9406,22.3194,22.8288,-2.44489,4.4,-1.90149,-8.36654,NONE,999.9,0,0
17.9444,22.3194,22.8288,-2.44489,4.4,-1.90149,-8.36654,NONE,999.9,0,0
17.9489,22.2873,22.7987,-2.46399,4.4,-1.93559,-8.51658,NONE,999.9,0,0
17.9519,22.2873,22.7987,-2.46399,4.4,-1.93559,-8.51658,NONE,999.9,0,0
17.956,22.2873,22.7987,-2.46399,4.4,-1.93559,-8.51658,NONE,999.9,0,0
17.9605,22.2547,22.7693,-2.48355,4.4,-1.95782,-8.61443,NONE,999.9,0,0
17.9644,22.2547,22.7693,-2.48355,4.4,-1.95782,-8.61443,NONE,999.9,0,0
17.9691,22.2215,22.7404,-2.50283,4.4,-1.88462,-8.29232,NONE,999.9,0,0
17.9721,22.2215,22.7404,-2.50283,4.4,-1.88462,-8.29232,NONE,999.9,0,0
17.9768,22.2215,22.7404,-2.50283,4.4,-1.88462,-8.29232,NONE,999.9,0,0
17.9802,22.1878,22.7121,-2.52131,4.4,-1.83098,-8.05631,NONE,999.9,0,0
17.9845,22.1878,22.7121,-2.52131,4.4,-1.83098,-8.05631,NONE,999.9,0,0
17.9898,22.1536,22.6843,-2.53947,4.4,-1.7853,-7.85531,NONE,999.9,0,0
17.9925,22.1536,22.6843,-2.53947,4.4,-1.7853,-7.85531,NONE,999.9,0,0
17.9963,22.1536,22.6843,-2.53947,4.4,-1.7853,-7.85531,NONE,999.9,0,0
18.0001,22.119,22.6572,-2.55707,4.4,-1.75347,-7.71528,NONE,999.9,0,0
18.004,22.119,22.6572,-2.55707,4.4,-1.75347,-7.71528,NONE,999.9,0,0
18.0092,22.0839,22.6307,-2.57455,4.4,-1.72504,-7.59018,NONE,999.9,0,0
18.0126,22.0839,22.6307,-2.57455,4.4,-1.72504,-7.59018,NONE,999.9,0,0
18.0159,22.0839,22.6307,-2.57455,4.4,-1.72504,-7.59018,NONE,999.9,0,0
18.02,22.0483,22.6047,-2.59162,4.4,-1.70683,-7.51004,NONE,999.9,0,0
18.0242,22.0483,22.6047,-2.59162,4.4,-1.70683,-7.51004,NONE,999.9,0,0
18.0295,22.0123,22.5794,-2.60868,4.4,-1.68911,-7.43209,NONE,999.9,0,0
18.0322,22.0123,22.5794,-2.60868,4.4,-1.68911,-7.43209,NONE,999.9,0,0
18.0361,22.0123,22.5794,-2.60868,4.4,-1.68911,-7.43209,NONE,999.9,0,0
18.0401,21.9759,22.5547,-2.62543,4.4,-1.67931,-7.38895,NONE,999.9,0,0
18.0449,21.9759,22.5547,-2.62543,4.4,-1.67931,-7.38895,NONE,999.9,0,0
18.049,21.9391,22.5307,-2.64225,4.4,-1.66817,-7.33995,NONE,999.9,0,0
18.0522,21.9391,22.5307,-2.64225,4.4,-1.66817,-7.33995,NONE,999.9,0,0
18.0561,21.9391,22.5307,-2.64225,4.4,-1.66817,-7.33995,NONE,999.9,0,0
18.0605,21.9018,22.5073,-2.65882,4.4,-1.6635,-7.31939,NONE,999.9,0,0
18.0643,21.9018,22.5073,-2.65882,4.4,-1.6635,-7.31939,NONE,999.9,0,0
18.0689,21.8642,22.4845,-2.67551,4.4,-1.65635,-7.28794,NONE,999.9,0,0
18.072,21.8642,22.4845,-2.67551,4.4,-1.65635,-7.28794,NONE,999.9,0,0
18.0769,21.8642,22.4845,-2.67551,4.4,-1.65635,-7.28794,NONE,999.9,0,0
18.0805,21.8262,22.4623,-2.69166,4.4,-1.56106,-6.86867,NONE,999.9,0,0
18.0842,21.8262,22.4623,-2.69166,4.4,-1.56106,-6.86867,NONE,999.9,0,0
18.0895,21.7878,22.4408,-2.70682,4.4,-1.491,-6.56041,NONE,999.9,0,0
18.0923,21.7878,22.4408,-2.70682,4.4,-1.491,-6.56041,NONE,999.9,0,0
18.0965,21.7878,22.4408,-2.70682,4.4,-1.491,-6.56041,NONE,999.9,0,0
18.0999,21.7492,22.4198,-2.72151,4.4,-1.43327,-6.3064,NONE,999.9,0,0
18.1041,21.7492,22.4198,-2.72151,4.4,-1.43327,-6.3064,NONE,999.9,0,0
18.1102,21.7102,22.3993,-2.73555,4.4,-1.39275,-6.1281,NONE,999.9,0,0
18.1124,21.7102,22.3993,-2.73555,4.4,-1.39275,-6.1281,NONE,999.9,0,0
18.1159,21.7102,22.3993,-2.73555,4.4,-1.39275,-6.1281,NONE,999.9,0,0
18.1204,21.6709,22.3795,-2.74938,4.4,-1.35818,-5.97599,NONE,999.9,0,0
18.1245,21.6709,22.3795,-2.74938,4.4,-1.35818,-5.97599,NONE,999.9,0,0
18.1291,21.6313,22.3603,-2.76276,4.4,-1.33576,-5.87735,NONE,999.9,0,0
18.1319,21.6313,22.3603,-2.76276,4.4,-1.33576,-5.87735,NONE,999.9,0,0
18.136,21.6313,22.3603,-2.76276,4.4,-1.33576,-5.87735,NONE,999.9,0,0
18.1401,21.5915,22.3416,-2.77609,4.4,-1.31529,-5.78728,NONE,999.9,0,0
18.1446,21.5915,22.3416,-2.77609,4.4,-1.31529,-5.78728,NONE,999.9,0,0
18.1489,21.5514,22.3236,-2.7891,4.4,-1.30381,-5.73678,NONE,999.9,0,0
18.1522,21.5514,22.3236,-2.7891,4.4,-1.30381,-5.73678,NONE,999.9,0,0
18.1565,21.5514,22.3236,-2.7891,4.4,-1.30381,-5.73678,NONE,999.9,0,0
18.1634,21.511,22.3061,-2.80216,4.4,-1.29179,-5.68389,NONE,999.9,0,0
18.1654,21.511,22.3061,-2.80216,4.4,-1.29179,-5.68389,NONE,999.9,0,0
18.1689,21.4704,22.2892,-2.81497,4.4,-1.2868,-5.66193,NONE,999.9,0,0
18.1719,21.4704,22.2892,-2.81497,4.4,-1.2868,-5.66193,NONE,999.9,0,0
18.1768,21.4704,22.2892,-2.81497,4.4,-1.2868,-5.66193,NONE,999.9,0,0
18.1803,21.4295,22.2728,-2.82788,4.4,-1.27974,-5.63084,NONE,999.9,0,0
18.1846,21.4295,22.2728,-2.82788,4.4,-1.27974,-5.63084,NONE,999.9,0,0
18.1894,21.3884,22.257,-2.84059,4.4,-1.2785,-5.62541,NONE,999.9,0,0
18.192,21.3884,22.257,-2.84059,4.4,-1.2785,-5.62541,NONE,999.9,0,0
18.196,21.3884,22.257,-2.84059,4.4,-1.2785,-5.62541,NONE,999.9,0,0
18.2003,21.3472,22.2418,-2.85344,4.4,-1.27426,-5.60672,NONE,999.9,0,0
18.2044,21.3472,22.2418,-2.85344,4.4,-1.27426,-5.60672,NONE,999.9,0,0
18.2092,21.3057,22.2272,-2.8661,4.4,-1.27512,-5.61052,NONE,999.9,0,0
18.2124,21.3057,22.2272,-2.8661,4.4,-1.27512,-5.61052,NONE,999.9,0,0
18.2161,21.3057,22.2272,-2.8661,4.4,-1.27512,-5.61052,NONE,999.9,0,0
18.2204,21.264,22.2131,-2.87892,4.4,-1.27241,-5.59861,NONE,999.9,0,0
18.2241,21.264,22.2131,-2.87892,4.4,-1.27241,-5.59861,NONE,999.9,0,0
18.2291,21.2221,22.1996,-2.89157,4.4,-1.27439,-5.60729,NONE,999.9,0,0
18.2321,21.2221,22.1996,-2.89157,4.4,-1.27439,-5.60729,NONE,999.9,0,0
18.2359,21.2221,22.1996,-2.89157,4.4,-1.27439,-5.60729,NONE,999.9,0,0
18.2447,21.18,22.1867,-2.90439,4.4,-1.27246,-5.59883,NONE,999.9,0,0
18.2471,21.18,22.1867,-2.90439,4.4,-1.27246,-5.59883,NONE,999.9,0,0
18.2503,21.1378,22.1743,-2.91704,4.4,-1.27497,-5.60988,NONE,999.9,0,0
18.2524,21.1378,22.1743,-2.91704,4.4,-1.27497,-5.60988,NONE,999.9,0,0
18.2561,21.1378,22.1743,-2.91704,4.4,-1.27497,-5.60988,NONE,999.9,0,0
18.2607,21.0954,22.1625,-2.92987,4.4,-1.2734,-5.60296,NONE,999.9,0,0
18.2641,21.0954,22.1625,-2.92987,4.4,-1.2734,-5.60296,NONE,999.9,0,0
18.2696,21.0529,22.1512,-2.94221,4.4,-1.18242,-5.20265,NONE,999.9,0,0
18.2725,21.0529,22.1512,-2.94221,4.4,-1.18242,-5.20265,NONE,999.9,0,0
18.2766,21.0529,22.1512,-2.94221,4.4,-1.18242,-5.20265,NONE,999.9,0,0
18.2818,21.0103,22.1403,-2.95328,4.4,-1.02198,-4.49669,NONE,999.9,0,0
18.2852,21.0103,22.1403,-2.95328,4.4,-1.02198,-4.49669,NONE,999.9,0,0
18.2888,20.9675,22.1299,-2.96279,4.4,-0.901494,-3.96658,NONE,999.9,0,0
18.292,20.9675,22.1299,-2.96279,4.4,-0.901494,-3.96658,NONE,999.9,0,0
18.2961,20.9675,22.1299,-2.96279,4.4,-0.901494,-3.96658,NONE,999.9,0,0
18.3001,20.9247,22.1199,-2.97139,4.4,-0.804935,-3.54171,NONE,999.9,0,0
18.304,20.9247,22.1199,-2.97139,4.4,-0.804935,-3.54171,NONE,999.9,0,0
18.3098,20.8818,22.1102,-2.97898,4.4,-0.734684,-3.23261,NONE,999.9,0,0
18.3126,20.8818,22.1102,-2.97898,4.4,-0.734684,-3.23261,NONE,999.9,0,0
18.3163,20.8818,22.1102,-2.97898,4.4,-0.734684,-3.23261,NONE,999.9,0,0
18.3203,20.8387,22.101,-2.98612,4.4,-0.677505,-2.98102,NONE,999.9,0,0
18.3251,20.8387,22.101,-2.98612,4.4,-0.677505,-2.98102,NONE,999.9,0,0
18.3294,20.7956,22.0922,-2.9926,4.4,-0.63803,-2.80733,NONE,999.9,0,0
18.332,20.7956,22.0922,-2.9926,4.4,-0.63803,-2.80733,NONE,999.9,0,0
18.336,20.7956,22.0922,-2.9926,4.4,-0.63803,-2.80733,NONE,999.9,0,0
18.34,20.7524,22.0837,-2.99889,4.4,-0.604815,-2.66119,NONE,999.9,0,0
18.3445,20.7524,22.0837,-2.99889,4.4,-0.604815,-2.66119,NONE,999.9,0,0
18.3492,20.7092,22.0756,-3.00474,4.4,-0.583926,-2.56927,NONE,999.9,0,0
18.3521,20.7092,22.0756,-3.00474,4.4,-0.583926,-2.56927,NONE,999.9,0,0
18.3559,20.7092,22.0756,-3.00474,4.4,-0.583926,-2.56927,NONE,999.9,0,0
18.3606,20.6659,22.0679,-3.01057,4.4,-0.565058,-2.48626,NONE,999.9,0,0
18.3641,20.6659,22.0679,-3.01057,4.4,-0.565058,-2.48626,NONE,999.9,0,0
18.369,20.6225,22.0605,-3.01608,4.4,-0.555185,-2.44281,NONE,999.9,0,0
18.3725,20.6225,22.0605,-3.01608,4.4,-0.555185,-2.44281,NONE,999.9,0,0
18.3768,20.6225,22.0605,-3.01608,4.4,-0.555185,-2.44281,NONE,999.9,0,0
18.3814,20.5791,22.0535,-3.02166,4.4,-0.544723,-2.39678,NONE,999.9,0,0
18.3845,20.5791,22.0535,-3.02166,4.4,-0.544723,-2.39678,NONE,999.9,0,0
18.3886,20.5356,22.0467,-3.02701,4.4,-0.541217,-2.38136,NONE,999.9,0,0
18.3923,20.5356,22.0467,-3.02701,4.4,-0.541217,-2.38136,NONE,999.9,0,0
18.3962,20.5356,22.0467,-3.02701,4.4,-0.541217,-2.38136,NONE,999.9,0,0
18.4,20.4921,22.0403,-3.03247,4.4,-0.535537,-2.35636,NONE,999.9,0,0
18.404,20.4921,22.0403,-3.03247,4.4,-0.535537,-2.35636,NONE,999.9,0,0
18.4091,20.4485,22.0342,-3.03774,4.4,-0.535583,-2.35656,NONE,999.9,0,0
18.4124,20.4485,22.0342,-3.03774,4.4,-0.535583,-2.35656,NONE,999.9,0,0
18.416,20.4485,22.0342,-3.03774,4.4,-0.535583,-2.35656,NONE,999.9,0,0
18.42,20.4049,22.0283,-3.04317,4.4,-0.532506,-2.34302,NONE,999.9,0,0
18.4239,20.4049,22.0283,-3.04317,4.4,-0.532506,-2.34302,NONE,999.9,0,0
18.429,20.3612,22.0228,-3.04842,4.4,-0.534427,-2.35148,NONE,999.9,0,0
18.432,20.3612,22.0228,-3.04842,4.4,-0.534427,-2.35148,NONE,999.9,0,0
18.4362,20.3612,22.0228,-3.04842,4.4,-0.534427,-2.35148,NONE,999.9,0,0
18.4404,20.3176,22.0175,-3.05384,4.4,-0.532672,-2.34376,NONE,999.9,0,0
18.4442,20.3176,22.0175,-3.05384,4.4,-0.532672,-2.34376,NONE,999.9,0,0
18.4487,20.2738,22.0125,-3.05877,4.4,-0.441793,-1.94389,NONE,999.9,0,0
18.4519,20.2738,22.0125,-3.05877,4.4,-0.441793,-1.94389,NONE,999.9,0,0
18.456,20.2738,22.0125,-3.05877,4.4,-0.441793,-1.94389,NONE,999.9,0,0
18.4602,20.2301,22.0077,-3.06276,4.4,-0.375342,-1.6515,NONE,999.9,0,0
18.4642,20.2301,22.0077,-3.06276,4.4,-0.375342,-1.6515,NONE,999.9,0,0
18.4686,20.1864,22.0031,-3.06631,4.4,-0.320559,-1.41046,NONE,999.9,0,0
18.4721,20.1864,22.0031,-3.06631,4.4,-0.320559,-1.41046,NONE,999.9,0,0
18.4768,20.1864,22.0031,-3.06631,4.4,-0.320559,-1.41046,NONE,999.9,0,0
18.4806,20.1426,21.9986,-3.06923,4.4,-0.282448,-1.24277,NONE,999.9,0,0
18.484,20.1426,21.9986,-3.06923,4.4,-0.282448,-1.24277,NONE,999.9,0,0
18.489,20.0988,21.9944,-3.07197,4.4,-0.249848,-1.09933,NONE,999.9,0,0
18.492,20.0988,21.9944,-3.07197,4.4,-0.249848,-1.09933,NONE,999.9,0,0
18.496,20.0988,21.9944,-3.07197,4.4,-0.249848,-1.09933,NONE,999.9,0,0
18.5002,20.055,21.9903,-3.07428,4.4,-0.22904,-1.00778,NONE,999.9,0,0
18.5041,20.055,21.9903,-3.07428,4.4,-0.22904,-1.00778,NONE,999.9,0,0
18.5095,20.0111,21.9864,-3.07671,4.4,-0.256739,-1.12965,NONE,999.9,0,0
18.5122,20.0111,21.9864,-3.07671,4.4,-0.256739,-1.12965,NONE,999.9,0,0
18.5161,20.0111,21.9864,-3.07671,4.4,-0.256739,-1.12965,NONE,999.9,0,0
18.5202,19.9673,21.9827,-3.07955,4.4,-0.325828,-1.43364,NONE,999.9,0,0
18.5239,19.9673,21.9827,-3.07955,4.4,-0.325828,-1.43364,NONE,999.9,0,0
18.5286,19.9234,21.9792,-3.08316,4.4,-0.376308,-1.65575,NONE,999.9,0,0
18.5318,19.9234,21.9792,-3.08316,4.4,-0.376308,-1.65575,NONE,999.9,0,0
18.5363,19.9234,21.9792,-3.08316,4.4,-0.376308,-1.65575,NONE,999.9,0,0
18.5404,19.8796,21.976,-3.08706,4.4,-0.41958,-1.84615,NONE,999.9,0,0
18.5443,19.8796,21.976,-3.08706,4.4,-0.41958,-1.84615,NONE,999.9,0,0
18.5487,19.8357,21.973,-3.0915,4.4,-0.449583,-1.97817,NONE,999.9,0,0
18.5518,19.8357,21.973,-3.0915,4.4,-0.449583,-1.97817,NONE,999.9,0,0
18.5562,19.8357,21.973,-3.0915,4.4,-0.449583,-1.97817,NONE,999.9,0,0
18.56,19.7918,21.9701,-3.09605,4.4,-0.476647,-2.09725,NONE,999.9,0,0
18.5643,19.7918,21.9701,-3.09605,4.4,-0.476647,-2.09725,NONE,999.9,0,0
18.569,19.7478,21.9676,-3.10099,4.4,-0.493848,-2.17293,NONE,999.9,0,0
18.5722,19.7478,21.9676,-3.10099,4.4,-0.493848,-2.17293,NONE,999.9,0,0
18.5764,19.7478,21.9676,-3.10099,4.4,-0.493848,-2.17293,NONE,999.9,0,0
18.5804,19.7039,21.9652,-3.10593,4.4,-0.510823,-2.24762,NONE,999.9,0,0
18.5843,19.7039,21.9652,-3.10593,4.4,-0.510823,-2.24762,NONE,999.9,0,0
18.5889,19.6599,21.963,-3.11118,4.4,-0.520094,-2.28842,NONE,999.9,0,0
18.5921,19.6599,21.963,-3.11118,4.4,-0.520094,-2.28842,NONE,999.9,0,0
18.5965,19.6599,21.963,-3.11118,4.4,-0.520094,-2.28842,NONE,999.9,0,0
18.6002,19.616,21.961,-3.11603,4.4,-0.437153,-1.92348,NONE,999.9,0,0
18.6042,19.616,21.961,-3.11603,4.4,-0.437153,-1.92348,NONE,999.9,0,0
18.6099,19.572,21.9591,-3.12,4.4,-0.376287,-1.65566,NONE,999.9,0,0
18.6126,19.572,21.9591,-3.12,4.4,-0.376287,-1.65566,NONE,999.9,0,0
18.6159,19.572,21.9591,-3.12,4.4,-0.376287,-1.65566,NONE,999.9,0,0
18.62,19.5281,21.9574,-3.12358,4.4,-0.32531,-1.43136,NONE,999.9,0,0
18.624,19.5281,21.9574,-3.12358,4.4,-0.32531,-1.43136,NONE,999.9,0,0
18.6291,19.4841,21.9558,-3.12656,4.4,-0.289671,-1.27455,NONE,999.9,0,0
18.6321,19.4841,21.9558,-3.12656,4.4,-0.289671,-1.27455,NONE,999.9,0,0
18.6363,19.4841,21.9558,-3.12656,4.4,-0.289671,-1.27455,NONE,999.9,0,0
18.6408,19.4401,21.9544,-3.12938,4.4,-0.258555,-1.13764,NONE,999.9,0,0
18.6447,19.4401,21.9544,-3.12938,4.4,-0.258555,-1.13764,NONE,999.9,0,0
18.6486,19.3961,21.9531,-3.13178,4.4,-0.238511,-1.04945,NONE,999.9,0,0
18.6521,19.3961,21.9531,-3.13178,4.4,-0.238511,-1.04945,NONE,999.9,0,0
18.6558,19.3961,21.9531,-3.13178,4.4,-0.238511,-1.04945,NONE,999.9,0,0
18.6601,19.3521,21.952,-3.13415,4.4,-0.219603,-0.966252,NONE,999.9,0,0
18.6641,19.3521,21.952,-3.13415,4.4,-0.219603,-0.966252,NONE,999.9,0,0
18.6691,19.3082,21.9509,-3.13589,4.4,-0.11538,-0.50767,NONE,999.9,0,0
18.672,19.3082,21.9509,-3.13589,4.4,-0.11538,-0.50767,NONE,999.9,0,0
18.6763,19.3082,21.9509,-3.13589,4.4,-0.11538,-0.50767,NONE,999.9,0,0
18.6801,19.2642,21.9499,-3.13656,4.4,-0.0385904,-0.169798,NONE,999.9,0,0
18.684,19.2642,21.9499,-3.13656,4.4,-0.0385904,-0.169798,NONE,999.9,0,0
18.6893,19.2202,21.949,-3.1367,4.4,0.0241628,0.106316,NONE,999.9,0,0
18.6919,19.2202,21.949,-3.1367,4.4,0.0241628,0.106316,NONE,999.9,0,0
18.6966,19.2202,21.949,-3.1367,4.4,0.0241628,0.106316,NONE,999.9,0,0
18.7002,19.1762,21.9481,-3.13614,4.4,0.068386,0.300898,NONE,999.9,0,0
18.7041,19.1762,21.9481,-3.13614,4.4,0.068386,0.300898,NONE,999.9,0,0
18.7092,19.1322,21.9472,-3.13535,4.4,0.105642,0.464825,NONE,999.9,0,0
18.7122,19.1322,21.9472,-3.13535,4.4,0.105642,0.464825,NONE,999.9,0,0
18.7159,19.1322,21.9472,-3.13535,4.4,0.105642,0.464825,NONE,999.9,0,0
18.72,19.0882,21.9464,-3.13408,4.4,0.12997,0.571866,NONE,999.9,0,0
18.7239,19.0882,21.9464,-3.13408,4.4,0.12997,0.571866,NONE,999.9,0,0
18.7291,19.0442,21.9455,-3.13275,4.4,0.151759,0.667741,NONE,999.9,0,0
18.733,19.0442,21.9455,-3.13275,4.4,0.151759,0.667741,NONE,999.9,0,0
18.7361,19.0442,21.9455,-3.13275,4.4,0.151759,0.667741,NONE,999.9,0,0
18.7405,19.0002,21.9447,-3.13108,4.4,0.164116,0.722108,NONE,999.9,0,0
18.7444,19.0002,21.9447,-3.13108,4.4,0.164116,0.722108,NONE,999.9,0,0
18.7489,18.9562,21.9439,-3.12946,4.4,0.176685,0.777413,NONE,999.9,0,0
18.752,18.9562,21.9439,-3.12946,4.4,0.176685,0.777413,NONE,999.9,0,0
18.7562,18.9562,21.9439,-3.12946,4.4,0.176685,0.777413,NONE,999.9,0,0
18.7605,18.9122,21.9431,-3.12758,4.4,0.18198,0.80071,NONE,999.9,0,0
18.7643,18.9122,21.9431,-3.12758,4.4,0.18198,0.80071,NONE,999.9,0,0
18.7697,18.8682,21.9422,-3.12581,4.4,0.189177,0.832379,NONE,999.9,0,0
18.7724,18.8682,21.9422,-3.12581,4.4,0.189177,0.832379,NONE,999.9,0,0
18.7765,18.8682,21.9422,-3.12581,4.4,0.189177,0.832379,NONE,999.9,0,0
18.7812,18.8243,21.9414,-3.12382,4.4,0.190417,0.837837,NONE,999.9,0,0
18.785,18.8243,21.9414,-3.12382,4.4,0.190417,0.837837,NONE,999.9,0,0
18.7891,18.7803,21.9405,-3.1223,4.4,0.100881,0.443878,NONE,999.9,0,0
18.7924,18.7803,21.9405,-3.1223,4.4,0.100881,0.443878,NONE,999.9,0,0
18.7966,18.7803,21.9405,-3.1223,4.4,0.100881,0.443878,NONE,999.9,0,0
18.8006,18.7363,21.9397,-3.12172,4.4,0.0345991,0.152236,NONE,999.9,0,0
18.8041,18.7363,21.9397,-3.12172,4.4,0.0345991,0.152236,NONE,999.9,0,0
18.8095,18.6923,21.9389,-3.12158,4.4,-0.0208251,-0.0916306,NONE,999.9,0,0
18.8122,18.6923,21.9389,-3.12158,4.4,-0.0208251,-0.0916306,NONE,999.9,0,0
18.8167,18.6923,21.9389,-3.12158,4.4,-0.0208251,-0.0916306,NONE,999.9,0,0
18.8205,18.6483,21.9381,-3.12208,4.4,-0.0601162,-0.264511,NONE,999.9,0,0
18.8245,18.6483,21.9381,-3.12208,4.4,-0.0601162,-0.264511,NONE,999.9,0,0
18.8294,18.6043,21.9374,-3.12277,4.4,-0.0942302,-0.414613,NONE,999.9,0,0
18.8324,18.6043,21.9374,-3.12277,4.4,-0.0942302,-0.414613,NONE,999.9,0,0
18.8367,18.6043,21.9374,-3.12277,4.4,-0.0942302,-0.414613,NONE,999.9,0,0
18.8411,18.5603,21.9367,-3.12392,4.4,-0.116737,-0.513641,NONE,999.9,0,0
18.8448,18.5603,21.9367,-3.12392,4.4,-0.116737,-0.513641,NONE,999.9,0,0
18.8492,18.5163,21.936,-3.12511,4.4,-0.137665,-0.605728,NONE,999.9,0,0
18.852,18.5163,21.936,-3.12511,4.4,-0.137665,-0.605728,NONE,999.9,0,0
18.8563,18.5163,21.936,-3.12511,4.4,-0.137665,-0.605728,NONE,999.9,0,0
18.8609,18.4723,21.9354,-3.12663,4.4,-0.149845,-0.659318,NONE,999.9,0,0
18.8647,18.4723,21.9354,-3.12663,4.4,-0.149845,-0.659318,NONE,999.9,0,0
18.8695,18.4283,21.9348,-3.12811,4.4,-0.162713,-0.715936,NONE,999.9,0,0
18.8725,18.4283,21.9348,-3.12811,4.4,-0.162713,-0.715936,NONE,999.9,0,0
18.8767,18.4283,21.9348,-3.12811,4.4,-0.162713,-0.715936,NONE,999.9,0,0
18.8805,18.3843,21.9342,-3.12986,4.4,-0.168623,-0.741942,NONE,999.9,0,0
18.8839,18.3843,21.9342,-3.12986,4.4,-0.168623,-0.741942,NONE,999.9,0,0
18.8895,18.3403,21.9337,-3.1315,4.4,-0.176636,-0.777197,NONE,999.9,0,0
18.8923,18.3403,21.9337,-3.1315,4.4,-0.176636,-0.777197,NONE,999.9,0,0
18.8969,18.3403,21.9337,-3.1315,4.4,-0.176636,-0.777197,NONE,999.9,0,0
18.9008,18.2963,21.9332,-3.13336,4.4,-0.178804,-0.786739,NONE,999.9,0,0
18.9039,18.2963,21.9332,-3.13336,4.4,-0.178804,-0.786739,NONE,999.9,0,0
18.9088,18.2523,21.9328,-3.13509,4.4,-0.183949,-0.809377,NONE,999.9,0,0
18.912,18.2523,21.9328,-3.13509,4.4,-0.183949,-0.809377,NONE,999.9,0,0
18.916,18.2523,21.9328,-3.13509,4.4,-0.183949,-0.809377,NONE,999.9,0,0
18.9201,18.2083,21.9325,-3.13702,4.4,-0.183935,-0.809314,NONE,999.9,0,0
18.9255,18.2083,21.9325,-3.13702,4.4,-0.183935,-0.809314,NONE,999.9,0,0
18.9292,18.1643,21.9321,-3.13847,4.4,-0.0937281,-0.412404,NONE,999.9,0,0
18.932,18.1643,21.9321,-3.13847,4.4,-0.0937281,-0.412404,NONE,999.9,0,0
18.9361,18.1643,21.9321,-3.13847,4.4,-0.0937281,-0.412404,NONE,999.9,0,0
18.9454,18.1203,21.9318,-3.13898,4.4,-0.0271958,-0.119661,NONE,999.9,0,0
18.9473,18.1203,21.9318,-3.13898,4.4,-0.0271958,-0.119661,NONE,999.9,0,0
18.9504,18.0763,21.9314,-3.13905,4.4,0.0281825,0.124003,NONE,999.9,0,0
18.9527,18.0763,21.9314,-3.13905,4.4,0.0281825,0.124003,NONE,999.9,0,0
18.9672,18.0323,21.931,-3.13848,4.4,0.0672257,0.295793,NONE,999.9,0,0
18.9703,17.9883,21.9306,-3.13771,4.4,0.10096,0.444226,NONE,999.9,0,0
18.9724,17.9883,21.9306,-3.13771,4.4,0.10096,0.444226,NONE,999.9,0,0
18.9764,17.9883,21.9306,-3.13771,4.4,0.10096,0.444226,NONE,999.9,0,0
18.9893,17.9443,21.9302,-3.1365,4.4,0.123009,0.541238,NONE,999.9,0,0
19.0054,17.9003,21.9298,-3.13525,4.4,0.143439,0.631131,NONE,999.9,0,0
19.0092,17.8563,21.9294,-3.13367,4.4,0.155106,0.682468,NONE,999.9,0,0
19.0218,17.8123,21.9289,-3.13214,4.4,0.167468,0.736858,NONE,999.9,0,0
19.0244,17.8123,21.9289,-3.13214,4.4,0.167468,0.736858,NONE,999.9,0,0
19.0359,17.7683,21.9284,-3.13035,4.4,0.172891,0.76072,NONE,999.9,0,0
19.0376,17.7683,21.9284,-3.13035,4.4,0.172891,0.76072,NONE,999.9,0,0
19.0408,17.7243,21.9278,-3.12867,4.4,0.180444,0.793952,NONE,999.9,0,0
19.0448,17.7243,21.9278,-3.12867,4.4,0.180444,0.793952,NONE,999.9,0,0
19.0534,17.6804,21.9272,-3.12677,4.4,0.182185,0.801613,NONE,999.9,0,0
19.0563,17.6804,21.9272,-3.12677,4.4,0.182185,0.801613,NONE,999.9,0,0
19.0619,17.6364,21.9266,-3.12501,4.4,0.186937,0.822522,NONE,999.9,0,0
19.0644,17.6364,21.9266,-3.12501,4.4,0.186937,0.822522,NONE,999.9,0,0
19.0694,17.5924,21.9259,-3.12305,4.4,0.186565,0.820886,NONE,999.9,0,0
19.0722,17.5924,21.9259,-3.12305,4.4,0.186565,0.820886,NONE,999.9,0,0
19.0765,17.5924,21.9259,-3.12305,4.4,0.186565,0.820886,NONE,999.9,0,0
19.0803,17.5484,21.9252,-3.12142,4.4,0.142887,0.628702,NONE,999.9,0,0
19.0845,17.5484,21.9252,-3.12142,4.4,0.142887,0.628702,NONE,999.9,0,0
19.0889,17.5044,21.9244,-3.12032,4.4,0.0618556,0.272164,NONE,999.9,0,0
19.092,17.5044,21.9244,-3.12032,4.4,0.0618556,0.272164,NONE,999.9,0,0
19.096,17.5044,21.9244,-3.12032,4.4,0.0618556,0.272164,NONE,999.9,0,0
19.1,17.4604,21.9237,-3.1201,4.4,0.00255803,0.0112553,NONE,999.9,0,0
19.1042,17.4604,21.9237,-3.1201,4.4,0.00255803,0.0112553,NONE,999.9,0,0
19.1098,17.4164,21.923,-3.12025,4.4,-0.0471302,-0.207373,NONE,999.9,0,0
19.1125,17.4164,21.923,-3.12025,4.4,-0.0471302,-0.207373,NONE,999.9,0,0
19.1162,17.4164,21.923,-3.12025,4.4,-0.0471302,-0.207373,NONE,999.9,0,0
19.1201,17.3724,21.9224,-3.12098,4.4,-0.0817109,-0.359528,NONE,999.9,0,0
19.1241,17.3724,21.9224,-3.12098,4.4,-0.0817109,-0.359528,NONE,999.9,0,0
19.1286,17.3284,21.9217,-3.12187,4.4,-0.111957,-0.49261,NONE,999.9,0,0
19.132,17.3284,21.9217,-3.12187,4.4,-0.111957,-0.49261,NONE,999.9,0,0
19.136,17.3284,21.9217,-3.12187,4.4,-0.111957,-0.49261,NONE,999.9,0,0
19.1404,17.2844,21.921,-3.12318,4.4,-0.131287,-0.577664,NONE,999.9,0,0
19.1444,17.2844,21.921,-3.12318,4.4,-0.131287,-0.577664,NONE,999.9,0,0
19.1498,17.2404,21.9204,-3.1245,4.4,-0.149609,-0.658278,NONE,999.9,0,0
19.1523,17.2404,21.9204,-3.1245,4.4,-0.149609,-0.658278,NONE,999.9,0,0
19.1559,17.2404,21.9204,-3.1245,4.4,-0.149609,-0.658278,NONE,999.9,0,0
19.1601,17.1964,21.9198,-3.12614,4.4,-0.159647,-0.702448,NONE,999.9,0,0
19.1639,17.1964,21.9198,-3.12614,4.4,-0.159647,-0.702448,NONE,999.9,0,0
19.1688,17.1524,21.9192,-3.12771,4.4,-0.170757,-0.751332,NONE,999.9,0,0
19.1719,17.1524,21.9192,-3.12771,4.4,-0.170757,-0.751332,NONE,999.9,0,0
19.1765,17.1524,21.9192,-3.12771,4.4,-0.170757,-0.751332,NONE,999.9,0,0
19.1808,17.1084,21.9187,-3.12952,4.4,-0.175225,-0.770989,NONE,999.9,0,0
19.1844,17.1084,21.9187,-3.12952,4.4,-0.175225,-0.770989,NONE,999.9,0,0
19.1887,17.0644,21.9182,-3.13123,4.4,-0.182053,-0.801033,NONE,999.9,0,0
19.1924,17.0644,21.9182,-3.13123,4.4,-0.182053,-0.801033,NONE,999.9,0,0
19.197,17.0644,21.9182,-3.13123,4.4,-0.182053,-0.801033,NONE,999.9,0,0
19.2034,17.0204,21.9177,-3.13314,4.4,-0.183249,-0.806297,NONE,999.9,0,0
19.2055,17.0204,21.9177,-3.13314,4.4,-0.183249,-0.806297,NONE,999.9,0,0
19.2099,16.9764,21.9173,-3.13459,4.4,-0.0938939,-0.413133,NONE,999.9,0,0
19.2135,16.9764,21.9173,-3.13459,4.4,-0.0938939,-0.413133,NONE,999.9,0,0
19.2207,16.9324,21.9168,-3.1351,4.4,-0.027941,-0.12294,NONE,999.9,0,0
19.2243,16.9324,21.9168,-3.1351,4.4,-0.027941,-0.12294,NONE,999.9,0,0
19.2293,16.8884,21.9164,-3.13518,4.4,0.0270615,0.11907,NONE,999.9,0,0
19.2321,16.8884,21.9164,-3.13518,4.4,0.0270615,0.11907,NONE,999.9,0,0
19.2363,16.8884,21.9164,-3.13518,4.4,0.0270615,0.11907,NONE,999.9,0,0
19.2407,16.8444,21.9158,-3.13462,4.4,0.0658797,0.289871,NONE,999.9,0,0
19.2475,16.8444,21.9158,-3.13462,4.4,0.0658797,0.289871,NONE,999.9,0,0
19.2503,16.8004,21.9153,-3.13387,4.4,0.0994996,0.437798,NONE,999.9,0,0
19.252,16.8004,21.9153,-3.13387,4.4,0.0994996,0.437798,NONE,999.9,0,0
19.256,16.8004,21.9153,-3.13387,4.4,0.0994996,0.437798,NONE,999.9,0,0
19.2605,16.7564,21.9148,-3.13268,4.4,0.121512,0.534653,NONE,999.9,0,0
19.2641,16.7564,21.9148,-3.13268,4.4,0.121512,0.534653,NONE,999.9,0,0
19.2699,16.7124,21.9142,-3.13144,4.4,0.141961,0.624631,NONE,999.9,0,0
19.2721,16.7124,21.9142,-3.13144,4.4,0.141961,0.624631,NONE,999.9,0,0
19.2767,16.7124,21.9142,-3.13144,4.4,0.141961,0.624631,NONE,999.9,0,0
19.2806,16.6684,21.9137,-3.12987,4.4,0.153686,0.676217,NONE,999.9,0,0
19.2842,16.6684,21.9137,-3.12987,4.4,0.153686,0.676217,NONE,999.9,0,0
19.2897,16.6244,21.913,-3.12836,4.4,0.166128,0.730963,NONE,999.9,0,0
19.2927,16.6244,21.913,-3.12836,4.4,0.166128,0.730963,NONE,999.9,0,0
19.2965,16.6244,21.913,-3.12836,4.4,0.166128,0.730963,NONE,999.9,0,0
19.3008,16.5805,21.9124,-3.12658,4.4,0.171646,0.755242,NONE,999.9,0,0
19.3047,16.5805,21.9124,-3.12658,4.4,0.171646,0.755242,NONE,999.9,0,0
19.3131,16.5365,21.9117,-3.12523,4.4,0.0855976,0.37663,NONE,999.9,0,0
19.3154,16.5365,21.9117,-3.12523,4.4,0.0855976,0.37663,NONE,999.9,0,0
19.3174,16.5365,21.9117,-3.12523,4.4,0.0855976,0.37663,NONE,999.9,0,0
19.32,16.4925,21.9111,-3.12479,4.4,0.0221586,0.0974978,NONE,999.9,0,0
19.324,16.4925,21.9111,-3.12479,4.4,0.0221586,0.0974978,NONE,999.9,0,0
19.3292,16.4485,21.9105,-3.12476,4.4,-0.0309484,-0.136173,NONE,999.9,0,0
19.3322,16.4485,21.9105,-3.12476,4.4,-0.0309484,-0.136173,NONE,999.9,0,0
19.3361,16.4485,21.9105,-3.12476,4.4,-0.0309484,-0.136173,NONE,999.9,0,0
19.3404,16.4045,21.9099,-3.12535,4.4,-0.0683515,-0.300746,NONE,999.9,0,0
19.3444,16.4045,21.9099,-3.12535,4.4,-0.0683515,-0.300746,NONE,999.9,0,0
19.3487,16.3605,21.9094,-3.12612,4.4,-0.100927,-0.44408,NONE,999.9,0,0
19.3521,16.3605,21.9094,-3.12612,4.4,-0.100927,-0.44408,NONE,999.9,0,0
19.3559,16.3605,21.9094,-3.12612,4.4,-0.100927,-0.44408,NONE,999.9,0,0
19.3606,16.3165,21.9088,-3.12732,4.4,-0.122181,-0.537597,NONE,999.9,0,0
19.3642,16.3165,21.9088,-3.12732,4.4,-0.122181,-0.537597,NONE,999.9,0,0
19.3689,16.2725,21.9083,-3.12856,4.4,-0.14209,-0.625197,NONE,999.9,0,0
19.3721,16.2725,21.9083,-3.12856,4.4,-0.14209,-0.625197,NONE,999.9,0,0
19.3764,16.2725,21.9083,-3.12856,4.4,-0.14209,-0.625197,NONE,999.9,0,0
19.3802,16.2285,21.9079,-3.13013,4.4,-0.15344,-0.675136,NONE,999.9,0,0
19.3841,16.2285,21.9079,-3.13013,4.4,-0.15344,-0.675136,NONE,999.9,0,0
19.3884,16.1845,21.9074,-3.13164,4.4,-0.165632,-0.728782,NONE,999.9,0,0
19.3918,16.1845,21.9074,-3.13164,4.4,-0.165632,-0.728782,NONE,999.9,0,0
19.396,16.1845,21.9074,-3.13164,4.4,-0.165632,-0.728782,NONE,999.9,0,0
19.4002,16.1405,21.907,-3.13341,4.4,-0.170993,-0.75237,NONE,999.9,0,0
19.4047,16.1405,21.907,-3.13341,4.4,-0.170993,-0.75237,NONE,999.9,0,0
19.4091,16.0965,21.9067,-3.13507,4.4,-0.178559,-0.78566,NONE,999.9,0,0
19.4121,16.0965,21.9067,-3.13507,4.4,-0.178559,-0.78566,NONE,999.9,0,0
19.4161,16.0965,21.9067,-3.13507,4.4,-0.178559,-0.78566,NONE,999.9,0,0
19.4201,16.0525,21.9064,-3.13695,4.4,-0.180364,-0.793604,NONE,999.9,0,0
19.4239,16.0525,21.9064,-3.13695,4.4,-0.180364,-0.793604,NONE,999.9,0,0
19.429,16.0085,21.9061,-3.1387,4.4,-0.185214,-0.814943,NONE,999.9,0,0
19.4321,16.0085,21.9061,-3.1387,4.4,-0.185214,-0.814943,NONE,999.9,0,0
19.4365,16.0085,21.9061,-3.1387,4.4,-0.185214,-0.814943,NONE,999.9,0,0
19.4401,15.9645,21.9059,-3.14064,4.4,-0.18496,-0.813825,NONE,999.9,0,0
19.4444,15.9645,21.9059,-3.14064,4.4,-0.18496,-0.813825,NONE,999.9,0,0
19.4493,15.9205,21.9058,3.14077,4.4,-0.188261,-0.828349,NONE,999.9,0,0
19.4519,15.9205,21.9058,3.14077,4.4,-0.188261,-0.828349,NONE,999.9,0,0
19.4559,15.9205,21.9058,3.14077,4.4,-0.188261,-0.828349,NONE,999.9,0,0
19.4601,15.8765,21.9057,3.13881,4.4,-0.186854,-0.822159,NONE,999.9,0,0
19.4644,15.8765,21.9057,3.13881,4.4,-0.186854,-0.822159,NONE,999.9,0,0
19.4692,15.8325,21.9057,3.13701,4.4,-0.189309,-0.832958,NONE,999.9,0,0
19.472,15.8325,21.9057,3.13701,4.4,-0.189309,-0.832958,NONE,999.9,0,0
19.4763,15.8325,21.9057,3.13701,4.4,-0.189309,-0.832958,NONE,999.9,0,0
19.4804,15.7885,21.9058,3.13504,4.4,-0.18729,-0.824075,NONE,999.9,0,0
19.484,15.7885,21.9058,3.13504,4.4,-0.18729,-0.824075,NONE,999.9,0,0
19.4891,15.7445,21.9059,3.1334,4.4,-0.14246,-0.626823,NONE,999.9,0,0
19.4923,15.7445,21.9059,3.1334,4.4,-0.14246,-0.626823,NONE,999.9,0,0
19.4962,15.7445,21.9059,3.1334,4.4,-0.14246,-0.626823,NONE,999.9,0,0
19.5003,15.7005,21.906,3.13232,4.4,-0.0606507,-0.266863,NONE,999.9,0,0
19.5042,15.7005,21.906,3.13232,4.4,-0.0606507,-0.266863,NONE,999.9,0,0
19.5092,15.6565,21.9061,3.13211,4.4,-0.000854613,-0.0037603,NONE,999.9,0,0
19.5122,15.6565,21.9061,3.13211,4.4,-0.000854613,-0.0037603,NONE,999.9,0,0
19.516,15.6565,21.9061,3.13211,4.4,-0.000854613,-0.0037603,NONE,999.9,0,0
19.52,15.6125,21.9062,3.13228,4.4,0.0491257,0.216153,NONE,999.9,0,0
19.524,15.6125,21.9062,3.13228,4.4,0.0491257,0.216153,NONE,999.9,0,0
19.5295,15.5685,21.9063,3.13304,4.4,0.0838482,0.368932,NONE,999.9,0,0
19.5324,15.5685,21.9063,3.13304,4.4,0.0838482,0.368932,NONE,999.9,0,0
19.5359,15.5685,21.9063,3.13304,4.4,0.0838482,0.368932,NONE,999.9,0,0
19.5403,15.5245,21.9064,3.13395,4.4,0.114129,0.502166,NONE,999.9,0,0
19.5443,15.5245,21.9064,3.13395,4.4,0.114129,0.502166,NONE,999.9,0,0
19.5487,15.4805,21.9064,3.13527,4.4,0.133419,0.587043,NONE,999.9,0,0
19.5524,15.4805,21.9064,3.13527,4.4,0.133419,0.587043,NONE,999.9,0,0
19.5559,15.4805,21.9064,3.13527,4.4,0.133419,0.587043,NONE,999.9,0,0
19.5602,15.4365,21.9065,3.13662,4.4,0.15165,0.66726,NONE,999.9,0,0
19.5646,15.4365,21.9065,3.13662,4.4,0.15165,0.66726,NONE,999.9,0,0
19.5686,15.3925,21.9065,3.13827,4.4,0.161567,0.710894,NONE,999.9,0,0
19.5719,15.3925,21.9065,3.13827,4.4,0.161567,0.710894,NONE,999.9,0,0
19.5761,15.3925,21.9065,3.13827,4.4,0.161567,0.710894,NONE,999.9,0,0
19.5803,15.3485,21.9066,3.13986,4.4,0.172537,0.759161,NONE,999.9,0,0
19.5842,15.3485,21.9066,3.13986,4.4,0.172537,0.759161,NONE,999.9,0,0
19.5888,15.3045,21.9065,-3.14149,4.4,0.176856,0.778165,NONE,999.9,0,0
19.5923,15.3045,21.9065,-3.14149,4.4,0.176856,0.778165,NONE,999.9,0,0
19.5962,15.3045,21.9065,-3.14149,4.4,0.176856,0.778165,NONE,999.9,0,0
19.6002,15.2605,21.9065,-3.13977,4.4,0.183534,0.807549,NONE,999.9,0,0
19.6045,15.2605,21.9065,-3.13977,4.4,0.183534,0.807549,NONE,999.9,0,0
19.6097,15.2165,21.9064,-3.13785,4.4,0.184584,0.812169,NONE,999.9,0,0
19.6121,15.2165,21.9064,-3.13785,4.4,0.184584,0.812169,NONE,999.9,0,0
19.616,15.2165,21.9064,-3.13785,4.4,0.184584,0.812169,NONE,999.9,0,0
19.6205,15.1725,21.9062,-3.13638,4.4,0.0950887,0.41839,NONE,999.9,0,0
19.6269,15.1725,21.9062,-3.13638,4.4,0.0950887,0.41839,NONE,999.9,0,0
19.63,15.1285,21.9062,-3.13586,4.4,0.0290048,0.127621,NONE,999.9,0,0
19.6321,15.1285,21.9062,-3.13586,4.4,0.0290048,0.127621,NONE,999.9,0,0
19.6361,15.1285,21.9062,-3.13586,4.4,0.0290048,0.127621,NONE,999.9,0,0
19.64,15.0845,21.9061,-3.13577,4.4,-0.0261189,-0.114923,NONE,999.9,0,0
19.6447,15.0845,21.9061,-3.13577,4.4,-0.0261189,-0.114923,NONE,999.9,0,0
19.6493,15.0405,21.906,-3.13632,4.4,-0.065048,-0.286211,NONE,999.9,0,0
19.6521,15.0405,21.906,-3.13632,4.4,-0.065048,-0.286211,NONE,999.9,0,0
19.6561,15.0405,21.906,-3.13632,4.4,-0.065048,-0.286211,NONE,999.9,0,0
19.6608,14.9965,21.906,-3.13706,4.4,-0.0987685,-0.434582,NONE,999.9,0,0
19.6644,14.9965,21.906,-3.13706,4.4,-0.0987685,-0.434582,NONE,999.9,0,0
19.6688,14.9525,21.906,-3.13825,4.4,-0.120871,-0.531834,NONE,999.9,0,0
19.6747,14.9525,21.906,-3.13825,4.4,-0.120871,-0.531834,NONE,999.9,0,0
19.6764,14.9525,21.906,-3.13825,4.4,-0.120871,-0.531834,NONE,999.9,0,0
19.6802,14.9085,21.906,-3.13948,4.4,-0.141402,-0.622168,NONE,999.9,0,0
19.6839,14.9085,21.906,-3.13948,4.4,-0.141402,-0.622168,NONE,999.9,0,0
19.6895,14.8645,21.906,-3.14104,4.4,-0.153198,-0.674072,NONE,999.9,0,0
19.6922,14.8645,21.906,-3.14104,4.4,-0.153198,-0.674072,NONE,999.9,0,0
19.6961,14.8645,21.906,-3.14104,4.4,-0.153198,-0.674072,NONE,999.9,0,0
19.7,14.8205,21.9061,3.14063,4.4,-0.165704,-0.729098,NONE,999.9,0,0
19.7039,14.8205,21.9061,3.14063,4.4,-0.165704,-0.729098,NONE,999.9,0,0
19.7095,14.7765,21.9062,3.13886,4.4,-0.171278,-0.753624,NONE,999.9,0,0
19.7122,14.7765,21.9062,3.13886,4.4,-0.171278,-0.753624,NONE,999.9,0,0
19.7163,14.7765,21.9062,3.13886,4.4,-0.171278,-0.753624,NONE,999.9,0,0
19.7205,14.7325,21.9064,3.13719,4.4,-0.178982,-0.787521,NONE,999.9,0,0
19.7245,14.7325,21.9064,3.13719,4.4,-0.178982,-0.787521,NONE,999.9,0,0
19.7287,14.6885,21.9066,3.13531,4.4,-0.18087,-0.795827,NONE,999.9,0,0
19.732,14.6885,21.9066,3.13531,4.4,-0.18087,-0.795827,NONE,999.9,0,0
19.7359,14.6885,21.9066,3.13531,4.4,-0.18087,-0.795827,NONE,999.9,0,0
19.7401,14.6445,21.9068,3.13387,4.4,-0.0920587,-0.405058,NONE,999.9,0,0
19.7442,14.6445,21.9068,3.13387,4.4,-0.0920587,-0.405058,NONE,999.9,0,0
19.7487,14.6005,21.907,3.13338,4.4,-0.0265334,-0.116747,NONE,999.9,0,0
19.7521,14.6005,21.907,3.13338,4.4,-0.0265334,-0.116747,NONE,999.9,0,0
19.7564,14.6005,21.907,3.13338,4.4,-0.0265334,-0.116747,NONE,999.9,0,0
19.7606,14.5565,21.9071,3.13331,4.4,0.0281342,0.12379,NONE,999.9,0,0
19.7647,14.5565,21.9071,3.13331,4.4,0.0281342,0.12379,NONE,999.9,0,0
19.7692,14.5125,21.9073,3.13388,4.4,0.066691,0.293441,NONE,999.9,0,0
19.7722,14.5125,21.9073,3.13388,4.4,0.066691,0.293441,NONE,999.9,0,0
19.7767,14.5125,21.9073,3.13388,4.4,0.066691,0.293441,NONE,999.9,0,0
19.7802,14.4685,21.9074,3.13464,4.4,0.100108,0.440474,NONE,999.9,0,0
19.7853,14.4685,21.9074,3.13464,4.4,0.100108,0.440474,NONE,999.9,0,0
19.7892,14.4245,21.9075,3.13584,4.4,0.121963,0.536636,NONE,999.9,0,0
19.792,14.4245,21.9075,3.13584,4.4,0.121963,0.536636,NONE,999.9,0,0
19.7963,14.4245,21.9075,3.13584,4.4,0.121963,0.536636,NONE,999.9,0,0
19.7999,14.3805,21.9076,3.13708,4.4,0.142291,0.62608,NONE,999.9,0,0
19.8042,14.3805,21.9076,3.13708,4.4,0.142291,0.62608,NONE,999.9,0,0
19.8091,14.3365,21.9077,3.13865,4.4,0.153922,0.677258,NONE,999.9,0,0
19.8121,14.3365,21.9077,3.13865,4.4,0.153922,0.677258,NONE,999.9,0,0
19.8162,14.3365,21.9077,3.13865,4.4,0.153922,0.677258,NONE,999.9,0,0
19.8202,14.2925,21.9077,3.14017,4.4,0.166294,0.731692,NONE,999.9,0,0
19.8241,14.2925,21.9077,3.14017,4.4,0.166294,0.731692,NONE,999.9,0,0
19.8294,14.2485,21.9077,-3.14124,4.4,0.171758,0.755736,NONE,999.9,0,0
19.8321,14.2485,21.9077,-3.14124,4.4,0.171758,0.755736,NONE,999.9,0,0
19.836,14.2485,21.9077,-3.14124,4.4,0.171758,0.755736,NONE,999.9,0,0
19.8403,14.2045,21.9077,-3.13957,4.4,0.179373,0.789239,NONE,999.9,0,0
19.8442,14.2045,21.9077,-3.13957,4.4,0.179373,0.789239,NONE,999.9,0,0
19.8492,14.1605,21.9076,-3.13768,4.4,0.181187,0.797225,NONE,999.9,0,0
19.8526,14.1605,21.9076,-3.13768,4.4,0.181187,0.797225,NONE,999.9,0,0
19.8559,14.1605,21.9076,-3.13768,4.4,0.181187,0.797225,NONE,999.9,0,0
19.8602,14.1165,21.9074,-3.13625,4.4,0.0923171,0.406195,NONE,999.9,0,0
19.8644,14.1165,21.9074,-3.13625,4.4,0.0923171,0.406195,NONE,999.9,0,0
19.8687,14.0725,21.9074,-3.13575,4.4,0.0267435,0.117671,NONE,999.9,0,0
19.872,14.0725,21.9074,-3.13575,4.4,0.0267435,0.117671,NONE,999.9,0,0
19.8764,14.0725,21.9074,-3.13575,4.4,0.0267435,0.117671,NONE,999.9,0,0
19.8805,14.0285,21.9073,-3.13568,4.4,-0.0279634,-0.123039,NONE,999.9,0,0
19.8844,14.0285,21.9073,-3.13568,4.4,-0.0279634,-0.123039,NONE,999.9,0,0
19.8888,13.9845,21.9073,-3.13625,4.4,-0.0665523,-0.29283,NONE,999.9,0,0
19.8922,13.9845,21.9073,-3.13625,4.4,-0.0665523,-0.29283,NONE,999.9,0,0
19.8959,13.9845,21.9073,-3.13625,4.4,-0.0665523,-0.29283,NONE,999.9,0,0
19.9,13.9405,21.9072,-3.137,4.4,-0.099995,-0.439978,NONE,999.9,0,0
19.9039,13.9405,21.9072,-3.137,4.4,-0.099995,-0.439978,NONE,999.9,0,0
19.9092,13.8965,21.9072,-3.1382,4.4,-0.121871,-0.536233,NONE,999.9,0,0
19.9125,13.8965,21.9072,-3.1382,4.4,-0.121871,-0.536233,NONE,999.9,0,0
19.9163,13.8965,21.9072,-3.1382,4.4,-0.121871,-0.536233,NONE,999.9,0,0
19.9212,13.8525,21.9072,-3.13944,4.4,-0.142217,-0.625753,NONE,999.9,0,0
19.9242,13.8525,21.9072,-3.13944,4.4,-0.142217,-0.625753,NONE,999.9,0,0
19.929,13.8085,21.9073,-3.14101,4.4,-0.153862,-0.676993,NONE,999.9,0,0
19.9319,13.8085,21.9073,-3.14101,4.4,-0.153862,-0.676993,NONE,999.9,0,0
19.9361,13.8085,21.9073,-3.14101,4.4,-0.153862,-0.676993,NONE,999.9,0,0
19.9401,13.7645,21.9074,3.14066,4.4,-0.166245,-0.731477,NONE,999.9,0,0
19.9445,13.7645,21.9074,3.14066,4.4,-0.166245,-0.731477,NONE,999.9,0,0
19.9491,13.7205,21.9075,3.13888,4.4,-0.171719,-0.755562,NONE,999.9,0,0
19.9521,13.7205,21.9075,3.13888,4.4,-0.171719,-0.755562,NONE,999.9,0,0
19.956,13.7205,21.9075,3.13888,4.4,-0.171719,-0.755562,NONE,999.9,0,0
19.9604,13.6765,21.9076,3.13721,4.4,-0.17934,-0.789098,NONE,999.9,0,0
19.9642,13.6765,21.9076,3.13721,4.4,-0.17934,-0.789098,NONE,999.9,0,0
19.969,13.6325,21.9078,3.13532,4.4,-0.181161,-0.797111,NONE,999.9,0,0
19.9721,13.6325,21.9078,3.13532,4.4,-0.181161,-0.797111,NONE,999.9,0,0
19.9766,13.6325,21.9078,3.13532,4.4,-0.181161,-0.797111,NONE,999.9,0,0
19.9827,13.5885,21.908,3.13389,4.4,-0.0922961,-0.406103,NONE,999.9,0,0
19.9844,13.5885,21.908,3.13389,4.4,-0.0922961,-0.406103,NONE,999.9,0,0
19.9887,13.5445,21.9082,3.13339,4.4,-0.0267265,-0.117596,NONE,999.9,0,0
19.9922,13.5445,21.9082,3.13339,4.4,-0.0267265,-0.117596,NONE,999.9,0,0
19.9958,13.5445,21.9082,3.13339,4.4,-0.0267265,-0.117596,NONE,999.9,0,0
19.9999,13.5005,21.9084,3.13332,4.4,0.0279772,0.1231,NONE,999.9,0,0
20.0038,13.5005,21.9084,3.13332,4.4,0.0279772,0.1231,NONE,999.9,0,0
20.0095,13.4565,21.9085,3.13389,4.4,0.0665634,0.292879,NONE,999.9,0,0
20.0125,13.4565,21.9085,3.13389,4.4,0.0665634,0.292879,NONE,999.9,0,0
20.0163,13.4565,21.9085,3.13389,4.4,0.0665634,0.292879,NONE,999.9,0,0
20.02,13.4125,21.9087,3.13464,4.4,0.100004,0.440018,NONE,999.9,0,0
20.0242,13.4125,21.9087,3.13464,4.4,0.100004,0.440018,NONE,999.9,0,0
20.0295,13.3685,21.9088,3.13584,4.4,0.121878,0.536265,NONE,999.9,0,0
20.0319,13.3685,21.9088,3.13584,4.4,0.121878,0.536265,NONE,999.9,0,0
20.0362,13.3685,21.9088,3.13584,4.4,0.121878,0.536265,NONE,999.9,0,0
20.0404,13.3245,21.9089,3.13708,4.4,0.142222,0.625779,NONE,999.9,0,0
20.0456,13.3245,21.9089,3.13708,4.4,0.142222,0.625779,NONE,999.9,0,0
20.0489,13.2805,21.9089,3.13865,4.4,0.153867,0.677014,NONE,999.9,0,0
20.0519,13.2805,21.9089,3.13865,4.4,0.153867,0.677014,NONE,999.9,0,0
20.0559,13.2805,21.9089,3.13865,4.4,0.153867,0.677014,NONE,999.9,0,0
20.0601,13.2365,21.909,3.14017,4.4,0.166249,0.731494,NONE,999.9,0,0
20.0639,13.2365,21.909,3.14017,4.4,0.166249,0.731494,NONE,999.9,0,0
20.0688,13.1925,21.9089,-3.14124,4.4,0.171722,0.755575,NONE,999.9,0,0
20.0722,13.1925,21.9089,-3.14124,4.4,0.171722,0.755575,NONE,999.9,0,0
20.0766,13.1925,21.9089,-3.14124,4.4,0.171722,0.755575,NONE,999.9,0,0
20.0803,13.1485,21.9089,-3.13957,4.4,0.179343,0.789109,NONE,999.9,0,0
20.084,13.1485,21.9089,-3.13957,4.4,0.179343,0.789109,NONE,999.9,0,0
20.0889,13.1045,21.9088,-3.13768,4.4,0.181163,0.797119,NONE,999.9,0,0
20.0919,13.1045,21.9088,-3.13768,4.4,0.181163,0.797119,NONE,999.9,0,0
20.0959,13.1045,21.9088,-3.13768,4.4,0.181163,0.797119,NONE,999.9,0,0
20.1002,13.0605,21.9087,-3.13593,4.4,0.186,0.818401,NONE,999.9,0,0
20.1042,13.0605,21.9087,-3.13593,4.4,0.186,0.818401,NONE,999.9,0,0
20.1092,13.0165,21.9085,-3.13398,4.4,0.185714,0.817141,NONE,999.9,0,0
20.1121,13.0165,21.9085,-3.13398,4.4,0.185714,0.817141,NONE,999.9,0,0
20.1162,13.0165,21.9085,-3.13398,4.4,0.185714,0.817141,NONE,999.9,0,0
20.1205,12.9725,21.9082,-3.13251,4.4,0.0952681,0.41918,NONE,999.9,0,0
20.1244,12.9725,21.9082,-3.13251,4.4,0.0952681,0.41918,NONE,999.9,0,0
20.1286,12.9285,21.9081,-3.13199,4.4,0.0285265,0.125517,NONE,999.9,0,0
20.1322,12.9285,21.9081,-3.13199,4.4,0.0285265,0.125517,NONE,999.9,0,0
20.1371,12.9285,21.9081,-3.13199,4.4,0.0285265,0.125517,NONE,999.9,0,0
20.1402,12.8845,21.9079,-3.13191,4.4,-0.0270345,-0.118952,NONE,999.9,0,0
20.1447,12.8845,21.9079,-3.13191,4.4,-0.0270345,-0.118952,NONE,999.9,0,0
20.1486,12.8405,21.9077,-3.13247,4.4,-0.0662369,-0.291442,NONE,999.9,0,0
20.1519,12.8405,21.9077,-3.13247,4.4,-0.0662369,-0.291442,NONE,999.9,0,0
20.1559,12.8405,21.9077,-3.13247,4.4,-0.0662369,-0.291442,NONE,999.9,0,0
20.1604,12.7965,21.9075,-3.13322,4.4,-0.10011,-0.440484,NONE,999.9,0,0
20.1641,12.7965,21.9075,-3.13322,4.4,-0.10011,-0.440484,NONE,999.9,0,0
20.1694,12.7525,21.9074,-3.13443,4.4,-0.122278,-0.538024,NONE,999.9,0,0
20.1728,12.7525,21.9074,-3.13443,4.4,-0.122278,-0.538024,NONE,999.9,0,0
20.1766,12.7525,21.9074,-3.13443,4.4,-0.122278,-0.538024,NONE,999.9,0,0
20.1811,12.7085,21.9073,-3.13567,4.4,-0.142812,-0.628373,NONE,999.9,0,0
20.1858,12.7085,21.9073,-3.13567,4.4,-0.142812,-0.628373,NONE,999.9,0,0
20.1891,12.6645,21.9072,-3.13725,4.4,-0.154569,-0.680105,NONE,999.9,0,0
20.1921,12.6645,21.9072,-3.13725,4.4,-0.154569,-0.680105,NONE,999.9,0,0
20.1961,12.6645,21.9072,-3.13725,4.4,-0.154569,-0.680105,NONE,999.9,0,0
20.2004,12.6205,21.9071,-3.13877,4.4,-0.167008,-0.734836,NONE,999.9,0,0
20.2043,12.6205,21.9071,-3.13877,4.4,-0.167008,-0.734836,NONE,999.9,0,0
20.2096,12.5765,21.9071,-3.14056,4.4,-0.172498,-0.758991,NONE,999.9,0,0
20.2122,12.5765,21.9071,-3.14056,4.4,-0.172498,-0.758991,NONE,999.9,0,0
20.2161,12.5765,21.9071,-3.14056,4.4,-0.172498,-0.758991,NONE,999.9,0,0
20.2202,12.5325,21.907,3.14127,4.4,-0.0864052,-0.380183,NONE,999.9,0,0
20.2242,12.5325,21.907,3.14127,4.4,-0.0864052,-0.380183,NONE,999.9,0,0
20.2287,12.4885,21.907,3.14082,4.4,-0.022912,-0.100813,NONE,999.9,0,0
20.2322,12.4885,21.907,3.14082,4.4,-0.022912,-0.100813,NONE,999.9,0,0
20.2365,12.4885,21.907,3.14082,4.4,-0.022912,-0.100813,NONE,999.9,0,0
20.2401,12.4445,21.9069,3.14078,4.4,0.0302544,0.133119,NONE,999.9,0,0
20.2459,12.4445,21.9069,3.14078,4.4,0.0302544,0.133119,NONE,999.9,0,0
20.2494,12.4005,21.9068,3.14136,4.4,0.0677186,0.297962,NONE,999.9,0,0
20.252,12.4005,21.9068,3.14136,4.4,0.0677186,0.297962,NONE,999.9,0,0
20.2563,12.4005,21.9068,3.14136,4.4,0.0677186,0.297962,NONE,999.9,0,0
20.2604,12.3565,21.9066,-3.14106,4.4,0.100355,0.441562,NONE,999.9,0,0
20.2644,12.3565,21.9066,-3.14106,4.4,0.100355,0.441562,NONE,999.9,0,0
20.2696,12.3125,21.9065,-3.13986,4.4,0.121667,0.535336,NONE,999.9,0,0
20.2721,12.3125,21.9065,-3.13986,4.4,0.121667,0.535336,NONE,999.9,0,0
20.2767,12.3125,21.9065,-3.13986,4.4,0.121667,0.535336,NONE,999.9,0,0
20.2807,12.2685,21.9063,-3.13862,4.4,0.141632,0.623179,NONE,999.9,0,0
20.2848,12.2685,21.9063,-3.13862,4.4,0.141632,0.623179,NONE,999.9,0,0
20.289,12.2245,21.906,-3.13706,4.4,0.153033,0.673344,NONE,999.9,0,0
20.2929,12.2245,21.906,-3.13706,4.4,0.153033,0.673344,NONE,999.9,0,0
20.2974,12.2245,21.906,-3.13706,4.4,0.153033,0.673344,NONE,999.9,0,0
20.303,12.1805,21.9058,-3.13555,4.4,0.165272,0.727197,NONE,999.9,0,0
20.3051,12.1805,21.9058,-3.13555,4.4,0.165272,0.727197,NONE,999.9,0,0
20.3095,12.1365,21.9055,-3.13379,4.4,0.170676,0.750975,NONE,999.9,0,0
20.3123,12.1365,21.9055,-3.13379,4.4,0.170676,0.750975,NONE,999.9,0,0
20.3164,12.1365,21.9055,-3.13379,4.4,0.170676,0.750975,NONE,999.9,0,0
20.3201,12.0925,21.9051,-3.13212,4.4,0.178281,0.784435,NONE,999.9,0,0
20.3239,12.0925,21.9051,-3.13212,4.4,0.178281,0.784435,NONE,999.9,0,0
20.3293,12.0485,21.9047,-3.13025,4.4,0.180121,0.792533,NONE,999.9,0,0
20.3322,12.0485,21.9047,-3.13025,4.4,0.180121,0.792533,NONE,999.9,0,0
20.3361,12.0485,21.9047,-3.13025,4.4,0.180121,0.792533,NONE,999.9,0,0
20.3403,12.0045,21.9043,-3.12851,4.4,0.185002,0.814009,NONE,999.9,0,0
20.3446,12.0045,21.9043,-3.12851,4.4,0.185002,0.814009,NONE,999.9,0,0
20.349,11.9605,21.9037,-3.12657,4.4,0.184775,0.813012,NONE,999.9,0,0
20.3519,11.9605,21.9037,-3.12657,4.4,0.184775,0.813012,NONE,999.9,0,0
20.3558,11.9605,21.9037,-3.12657,4.4,0.184775,0.813012,NONE,999.9,0,0
20.3603,11.9165,21.9032,-3.12479,4.4,0.188101,0.827643,NONE,999.9,0,0
20.3643,11.9165,21.9032,-3.12479,4.4,0.188101,0.827643,NONE,999.9,0,0
20.3689,11.8725,21.9026,-3.12283,4.4,0.186715,0.821547,NONE,999.9,0,0
20.3719,11.8725,21.9026,-3.12283,4.4,0.186715,0.821547,NONE,999.9,0,0
20.3765,11.8725,21.9026,-3.12283,4.4,0.186715,0.821547,NONE,999.9,0,0
20.381,11.8285,21.9019,-3.12104,4.4,0.189188,0.832429,NONE,999.9,0,0
20.384,11.8285,21.9019,-3.12104,4.4,0.189188,0.832429,NONE,999.9,0,0
20.3888,11.7845,21.9011,-3.11907,4.4,0.187186,0.823618,NONE,999.9,0,0
20.3923,11.7845,21.9011,-3.11907,4.4,0.187186,0.823618,NONE,999.9,0,0
20.3965,11.7845,21.9011,-3.11907,4.4,0.187186,0.823618,NONE,999.9,0,0
20.401,11.7405,21.9003,-3.11759,4.4,0.0955191,0.420284,NONE,999.9,0,0
20.4043,11.7405,21.9003,-3.11759,4.4,0.0955191,0.420284,NONE,999.9,0,0
20.4096,11.6965,21.8996,-3.11707,4.4,0.0279319,0.122901,NONE,999.9,0,0
20.4125,11.6965,21.8996,-3.11707,4.4,0.0279319,0.122901,NONE,999.9,0,0
20.416,11.6965,21.8996,-3.11707,4.4,0.0279319,0.122901,NONE,999.9,0,0
20.42,11.6526,21.8988,-3.117,4.4,-0.0281919,-0.124044,NONE,999.9,0,0
20.4243,11.6526,21.8988,-3.117,4.4,-0.0281919,-0.124044,NONE,999.9,0,0
20.4293,11.6086,21.898,-3.11757,4.4,-0.0677466,-0.298085,NONE,999.9,0,0
20.4319,11.6086,21.898,-3.11757,4.4,-0.0677466,-0.298085,NONE,999.9,0,0
20.4359,11.6086,21.898,-3.11757,4.4,-0.0677466,-0.298085,NONE,999.9,0,0
20.4403,11.5646,21.8973,-3.11834,4.4,-0.101817,-0.447995,NONE,999.9,0,0
20.4443,11.5646,21.8973,-3.11834,4.4,-0.101817,-0.447995,NONE,999.9,0,0
20.449,11.5206,21.8965,-3.11956,4.4,-0.124071,-0.545911,NONE,999.9,0,0
20.452,11.5206,21.8965,-3.11956,4.4,-0.124071,-0.545911,NONE,999.9,0,0
20.4568,11.5206,21.8965,-3.11956,4.4,-0.124071,-0.545911,NONE,999.9,0,0
20.4619,11.4766,21.8958,-3.12083,4.4,-0.14461,-0.636286,NONE,999.9,0,0
20.4642,11.4766,21.8958,-3.12083,4.4,-0.14461,-0.636286,NONE,999.9,0,0
20.4692,11.4326,21.8951,-3.12242,4.4,-0.156319,-0.687803,NONE,999.9,0,0
20.4722,11.4326,21.8951,-3.12242,4.4,-0.156319,-0.687803,NONE,999.9,0,0
20.4778,11.4326,21.8951,-3.12242,4.4,-0.156319,-0.687803,NONE,999.9,0,0
20.4816,11.3886,21.8943,-3.12364,4.4,-0.07497,-0.329868,NONE,999.9,0,0
20.4845,11.3886,21.8943,-3.12364,4.4,-0.07497,-0.329868,NONE,999.9,0,0
20.4952,11.3446,21.8936,-3.124,4.4,-0.015069,-0.0663037,NONE,999.9,0,0
20.4976,11.3446,21.8936,-3.124,4.4,-0.015069,-0.0663037,NONE,999.9,0,0
20.5009,11.3006,21.8928,-3.12397,4.4,0.0354012,0.155765,NONE,999.9,0,0
20.5039,11.3006,21.8928,-3.12397,4.4,0.0354012,0.155765,NONE,999.9,0,0
20.5095,11.2566,21.8919,-3.12335,4.4,0.0708635,0.311799,NONE,999.9,0,0
20.5125,11.2566,21.8919,-3.12335,4.4,0.0708635,0.311799,NONE,999.9,0,0
20.516,11.2566,21.8919,-3.12335,4.4,0.0708635,0.311799,NONE,999.9,0,0
20.5202,11.2126,21.891,-3.12256,4.4,0.102034,0.448948,NONE,999.9,0,0
20.5241,11.2126,21.891,-3.12256,4.4,0.102034,0.448948,NONE,999.9,0,0
20.5292,11.1686,21.8901,-3.12135,4.4,0.12229,0.538076,NONE,999.9,0,0
20.5319,11.1686,21.8901,-3.12135,4.4,0.12229,0.538076,NONE,999.9,0,0
20.5359,11.1686,21.8901,-3.12135,4.4,0.12229,0.538076,NONE,999.9,0,0
20.5401,11.1246,21.8892,-3.12011,4.4,0.141511,0.622649,NONE,999.9,0,0
20.5444,11.1246,21.8892,-3.12011,4.4,0.141511,0.622649,NONE,999.9,0,0
20.5492,11.0807,21.8882,-3.11855,4.4,0.152406,0.670585,NONE,999.9,0,0
20.5526,11.0807,21.8882,-3.11855,4.4,0.152406,0.670585,NONE,999.9,0,0
20.5566,11.0807,21.8882,-3.11855,4.4,0.152406,0.670585,NONE,999.9,0,0
20.5602,11.0367,21.8872,-3.11705,4.4,0.164316,0.722991,NONE,999.9,0,0
20.5646,11.0367,21.8872,-3.11705,4.4,0.164316,0.722991,NONE,999.9,0,0
20.5687,10.9927,21.8861,-3.1153,4.4,0.169522,0.745898,NONE,999.9,0,0
20.5721,10.9927,21.8861,-3.1153,4.4,0.169522,0.745898,NONE,999.9,0,0
20.5769,10.9927,21.8861,-3.1153,4.4,0.169522,0.745898,NONE,999.9,0,0
20.5802,10.9487,21.8849,-3.11365,4.4,0.177025,0.77891,NONE,999.9,0,0
20.5846,10.9487,21.8849,-3.11365,4.4,0.177025,0.77891,NONE,999.9,0,0
20.5891,10.9047,21.8838,-3.11178,4.4,0.178832,0.786862,NONE,999.9,0,0
20.592,10.9047,21.8838,-3.11178,4.4,0.178832,0.786862,NONE,999.9,0,0
20.5967,10.9047,21.8838,-3.11178,4.4,0.178832,0.786862,NONE,999.9,0,0
20.6005,10.8607,21.8825,-3.11005,4.4,0.183729,0.808406,NONE,999.9,0,0
20.6041,10.8607,21.8825,-3.11005,4.4,0.183729,0.808406,NONE,999.9,0,0
20.6091,10.8167,21.8812,-3.10813,4.4,0.18355,0.807619,NONE,999.9,0,0
20.6121,10.8167,21.8812,-3.10813,4.4,0.18355,0.807619,NONE,999.9,0,0
20.6165,10.8167,21.8812,-3.10813,4.4,0.18355,0.807619,NONE,999.9,0,0
20.6205,10.7728,21.8799,-3.10636,4.4,0.186944,0.822554,NONE,999.9,0,0
20.6242,10.7728,21.8799,-3.10636,4.4,0.186944,0.822554,NONE,999.9,0,0
20.629,10.7288,21.8785,-3.10442,4.4,0.18564,0.816816,NONE,999.9,0,0
20.6324,10.7288,21.8785,-3.10442,4.4,0.18564,0.816816,NONE,999.9,0,0
20.6364,10.7288,21.8785,-3.10442,4.4,0.18564,0.816816,NONE,999.9,0,0
20.6401,10.6848,21.877,-3.10263,4.4,0.1882,0.828082,NONE,999.9,0,0
20.6442,10.6848,21.877,-3.10263,4.4,0.1882,0.828082,NONE,999.9,0,0
20.6491,10.6408,21.8754,-3.10067,4.4,0.186287,0.819663,NONE,999.9,0,0
20.6521,10.6408,21.8754,-3.10067,4.4,0.186287,0.819663,NONE,999.9,0,0
20.6559,10.6408,21.8754,-3.10067,4.4,0.186287,0.819663,NONE,999.9,0,0
20.6606,10.5969,21.8738,-3.09888,4.4,0.18841,0.829005,NONE,999.9,0,0
20.6645,10.5969,21.8738,-3.09888,4.4,0.18841,0.829005,NONE,999.9,0,0
20.6687,10.5529,21.8721,-3.09661,4.4,0.279893,1.23153,NONE,999.9,0,0
20.6719,10.5529,21.8721,-3.09661,4.4,0.279893,1.23153,NONE,999.9,0,0
20.6765,10.5529,21.8721,-3.09661,4.4,0.279893,1.23153,NONE,999.9,0,0
20.681,10.5089,21.8702,-3.09337,4.4,0.347093,1.52721,NONE,999.9,0,0
20.6848,10.5089,21.8702,-3.09337,4.4,0.347093,1.52721,NONE,999.9,0,0
20.6891,10.465,21.8682,-3.0897,4.4,0.4027,1.77188,NONE,999.9,0,0
20.692,10.465,21.8682,-3.0897,4.4,0.4027,1.77188,NONE,999.9,0,0
20.6963,10.465,21.8682,-3.0897,4.4,0.4027,1.77188,NONE,999.9,0,0
20.7003,10.421,21.866,-3.08538,4.4,0.441666,1.94333,NONE,999.9,0,0
20.7039,10.421,21.866,-3.08538,4.4,0.441666,1.94333,NONE,999.9,0,0
20.7091,10.3771,21.8637,-3.08088,4.4,0.475114,2.0905,NONE,999.9,0,0
20.7123,10.3771,21.8637,-3.08088,4.4,0.475114,2.0905,NONE,999.9,0,0
20.7163,10.3771,21.8637,-3.08088,4.4,0.475114,2.0905,NONE,999.9,0,0
20.7215,10.3332,21.8612,-3.07593,4.4,0.496742,2.18566,NONE,999.9,0,0
20.7243,10.3332,21.8612,-3.07593,4.4,0.496742,2.18566,NONE,999.9,0,0
20.7299,10.2893,21.8586,-3.07094,4.4,0.516671,2.27335,NONE,999.9,0,0
20.7326,10.2893,21.8586,-3.07094,4.4,0.516671,2.27335,NONE,999.9,0,0
20.7362,10.2893,21.8586,-3.07094,4.4,0.516671,2.27335,NONE,999.9,0,0
20.7402,10.2453,21.8558,-3.06563,4.4,0.527797,2.32231,NONE,999.9,0,0
20.7444,10.2453,21.8558,-3.06563,4.4,0.527797,2.32231,NONE,999.9,0,0
20.7497,10.2015,21.8528,-3.06037,4.4,0.539606,2.37427,NONE,999.9,0,0
20.752,10.2015,21.8528,-3.06037,4.4,0.539606,2.37427,NONE,999.9,0,0
20.7559,10.2015,21.8528,-3.06037,4.4,0.539606,2.37427,NONE,999.9,0,0
20.7605,10.1576,21.8496,-3.05487,4.4,0.544484,2.39573,NONE,999.9,0,0
20.7646,10.1576,21.8496,-3.05487,4.4,0.544484,2.39573,NONE,999.9,0,0
20.7687,10.1137,21.8462,-3.04947,4.4,0.551514,2.42666,NONE,999.9,0,0
20.772,10.1137,21.8462,-3.04947,4.4,0.551514,2.42666,NONE,999.9,0,0
20.7767,10.1137,21.8462,-3.04947,4.4,0.551514,2.42666,NONE,999.9,0,0
20.7804,10.0698,21.8426,-3.04386,4.4,0.552762,2.43215,NONE,999.9,0,0
20.784,10.0698,21.8426,-3.04386,4.4,0.552762,2.43215,NONE,999.9,0,0
20.7889,10.026,21.8389,-3.0384,4.4,0.557057,2.45105,NONE,999.9,0,0
20.7921,10.026,21.8389,-3.0384,4.4,0.557057,2.45105,NONE,999.9,0,0
20.7962,10.026,21.8389,-3.0384,4.4,0.557057,2.45105,NONE,999.9,0,0
20.8001,9.98218,21.8349,-3.03275,4.4,0.556265,2.44757,NONE,999.9,0,0
20.8039,9.98218,21.8349,-3.03275,4.4,0.556265,2.44757,NONE,999.9,0,0
20.8097,9.93838,21.8307,-3.02741,4.4,0.512205,2.2537,NONE,999.9,0,0
20.8123,9.93838,21.8307,-3.02741,4.4,0.512205,2.2537,NONE,999.9,0,0
20.8162,9.93838,21.8307,-3.02741,4.4,0.512205,2.2537,NONE,999.9,0,0
20.82,9.8946,21.8264,-3.02263,4.4,0.43083,1.89565,NONE,999.9,0,0
20.8239,9.8946,21.8264,-3.02263,4.4,0.43083,1.89565,NONE,999.9,0,0
20.8292,9.85082,21.8219,-3.01872,4.4,0.371224,1.63338,NONE,999.9,0,0
20.8329,9.85082,21.8219,-3.01872,4.4,0.371224,1.63338,NONE,999.9,0,0
20.8359,9.85082,21.8219,-3.01872,4.4,0.371224,1.63338,NONE,999.9,0,0
20.8406,9.80707,21.8172,-3.01486,4.4,0.414963,1.82584,NONE,999.9,0,0
20.8443,9.80707,21.8172,-3.01486,4.4,0.414963,1.82584,NONE,999.9,0,0
20.8488,9.76335,21.8123,-3.01015,4.4,0.539125,2.37215,NONE,999.9,0,0
20.852,9.76335,21.8123,-3.01015,4.4,0.539125,2.37215,NONE,999.9,0,0
20.856,9.76335,21.8123,-3.01015,4.4,0.539125,2.37215,NONE,999.9,0,0
20.8601,9.71966,21.8071,-3.00419,4.4,0.631908,2.78039,NONE,999.9,0,0
20.864,9.71966,21.8071,-3.00419,4.4,0.631908,2.78039,NONE,999.9,0,0
20.8688,9.676,21.8016,-2.99756,4.4,0.707477,3.1129,NONE,999.9,0,0
20.8723,9.676,21.8016,-2.99756,4.4,0.707477,3.1129,NONE,999.9,0,0
20.8764,9.676,21.8016,-2.99756,4.4,0.707477,3.1129,NONE,999.9,0,0
20.8812,9.63238,21.7958,-2.99012,4.4,0.761959,3.35262,NONE,999.9,0,0
20.884,9.63238,21.7958,-2.99012,4.4,0.761959,3.35262,NONE,999.9,0,0
20.8889,9.58881,21.7897,-2.98235,4.4,0.807417,3.55263,NONE,999.9,0,0
20.8919,9.58881,21.7897,-2.98235,4.4,0.807417,3.55263,NONE,999.9,0,0
20.8961,9.58881,21.7897,-2.98235,4.4,0.807417,3.55263,NONE,999.9,0,0
20.9003,9.54527,21.7834,-2.97403,4.4,0.838292,3.68849,NONE,999.9,0,0
20.9043,9.54527,21.7834,-2.97403,4.4,0.838292,3.68849,NONE,999.9,0,0
20.9096,9.50178,21.7767,-2.96559,4.4,0.865303,3.80733,NONE,999.9,0,0
20.9126,9.50178,21.7767,-2.96559,4.4,0.865303,3.80733,NONE,999.9,0,0
20.916,9.50178,21.7767,-2.96559,4.4,0.865303,3.80733,NONE,999.9,0,0
20.9202,9.45834,21.7697,-2.95676,4.4,0.881816,3.87999,NONE,999.9,0,0
20.9239,9.45834,21.7697,-2.95676,4.4,0.881816,3.87999,NONE,999.9,0,0
20.9287,9.41496,21.7623,-2.94794,4.4,0.897689,3.94983,NONE,999.9,0,0
20.9318,9.41496,21.7623,-2.94794,4.4,0.897689,3.94983,NONE,999.9,0,0
20.9363,9.41496,21.7623,-2.94794,4.4,0.897689,3.94983,NONE,999.9,0,0
20.9401,9.37163,21.7547,-2.93884,4.4,0.905606,3.98466,NONE,999.9,0,0
20.9447,9.37163,21.7547,-2.93884,4.4,0.905606,3.98466,NONE,999.9,0,0
20.9491,9.32836,21.7467,-2.92982,4.4,0.914879,4.02547,NONE,999.9,0,0
20.9519,9.32836,21.7467,-2.92982,4.4,0.914879,4.02547,NONE,999.9,0,0
20.956,9.32836,21.7467,-2.92982,4.4,0.914879,4.02547,NONE,999.9,0,0
20.96,9.28516,21.7384,-2.92057,4.4,0.91776,4.03814,NONE,999.9,0,0
20.9642,9.28516,21.7384,-2.92057,4.4,0.91776,4.03814,NONE,999.9,0,0
20.9692,9.24202,21.7297,-2.91145,4.4,0.92322,4.06217,NONE,999.9,0,0
20.9731,9.24202,21.7297,-2.91145,4.4,0.92322,4.06217,NONE,999.9,0,0
20.9763,9.24202,21.7297,-2.91145,4.4,0.92322,4.06217,NONE,999.9,0,0
20.9801,9.19896,21.7207,-2.90213,4.4,0.923238,4.06225,NONE,999.9,0,0
20.9839,9.19896,21.7207,-2.90213,4.4,0.923238,4.06225,NONE,999.9,0,0
20.9884,9.15597,21.7113,-2.89297,4.4,0.926573,4.07692,NONE,999.9,0,0
20.9921,9.15597,21.7113,-2.89297,4.4,0.926573,4.07692,NONE,999.9,0,0
20.996,9.15597,21.7113,-2.89297,4.4,0.926573,4.07692,NONE,999.9,0,0
21.0003,9.11306,21.7015,-2.88362,4.4,0.925034,4.07015,NONE,999.9,0,0
21.0042,9.11306,21.7015,-2.88362,4.4,0.925034,4.07015,NONE,999.9,0,0
21.0092,9.07024,21.6914,-2.87445,4.4,0.927246,4.07988,NONE,999.9,0,0
21.0122,9.07024,21.6914,-2.87445,4.4,0.927246,4.07988,NONE,999.9,0,0
21.0159,9.07024,21.6914,-2.87445,4.4,0.927246,4.07988,NONE,999.9,0,0
21.0203,9.02751,21.6809,-2.86478,4.4,1.01862,4.48193,NONE,999.9,0,0
21.024,9.02751,21.6809,-2.86478,4.4,1.01862,4.48193,NONE,999.9,0,0
21.0285,8.9849,21.67,-2.85416,4.4,1.08558,4.77654,NONE,999.9,0,0
21.0323,8.9849,21.67,-2.85416,4.4,1.08558,4.77654,NONE,999.9,0,0
21.0363,8.9849,21.67,-2.85416,4.4,1.08558,4.77654,NONE,999.9,0,0
21.0401,8.9424,21.6586,-2.8431,4.4,1.14086,5.01977,NONE,999.9,0,0
21.0444,8.9424,21.6586,-2.8431,4.4,1.14086,5.01977,NONE,999.9,0,0
21.0486,8.90002,21.6467,-2.83141,4.4,1.17945,5.18958,NONE,999.9,0,0
21.0519,8.90002,21.6467,-2.83141,4.4,1.17945,5.18958,NONE,999.9,0,0
21.0559,8.90002,21.6467,-2.83141,4.4,1.17945,5.18958,NONE,999.9,0,0
21.0602,8.85777,21.6345,-2.81953,4.4,1.2125,5.335,NONE,999.9,0,0
21.0642,8.85777,21.6345,-2.81953,4.4,1.2125,5.335,NONE,999.9,0,0
21.0697,8.81567,21.6217,-2.80689,4.4,1.32743,5.8407,NONE,999.9,0,0
21.072,8.81567,21.6217,-2.80689,4.4,1.32743,5.8407,NONE,999.9,0,0
21.0764,8.81567,21.6217,-2.80689,4.4,1.32743,5.8407,NONE,999.9,0,0
21.0804,8.77374,21.6084,-2.79308,4.4,1.41225,6.21391,NONE,999.9,0,0
21.0839,8.77374,21.6084,-2.79308,4.4,1.41225,6.21391,NONE,999.9,0,0
21.0887,8.73197,21.5945,-2.77869,4.4,1.48097,6.51626,NONE,999.9,0,0
21.0921,8.73197,21.5945,-2.77869,4.4,1.48097,6.51626,NONE,999.9,0,0
21.096,8.73197,21.5945,-2.77869,4.4,1.48097,6.51626,NONE,999.9,0,0
21.1003,8.6904,21.5801,-2.76354,4.4,1.52955,6.73004,NONE,999.9,0,0
21.1041,8.6904,21.5801,-2.76354,4.4,1.52955,6.73004,NONE,999.9,0,0
21.1094,8.64901,21.5652,-2.74812,4.4,1.56995,6.90778,NONE,999.9,0,0
21.112,8.64901,21.5652,-2.74812,4.4,1.56995,6.90778,NONE,999.9,0,0
21.1159,8.64901,21.5652,-2.74812,4.4,1.56995,6.90778,NONE,999.9,0,0
21.1202,8.60784,21.5496,-2.73219,4.4,1.59648,7.02453,NONE,999.9,0,0
21.1244,8.60784,21.5496,-2.73219,4.4,1.59648,7.02453,NONE,999.9,0,0
21.1292,8.56687,21.5336,-2.71619,4.4,1.61978,7.12702,NONE,999.9,0,0
21.1325,8.56687,21.5336,-2.71619,4.4,1.61978,7.12702,NONE,999.9,0,0
21.136,8.56687,21.5336,-2.71619,4.4,1.61978,7.12702,NONE,999.9,0,0
21.1401,8.52615,21.5169,-2.69984,4.4,1.63311,7.18567,NONE,999.9,0,0
21.1445,8.52615,21.5169,-2.69984,4.4,1.63311,7.18567,NONE,999.9,0,0
21.1487,8.48566,21.4997,-2.68352,4.4,1.64626,7.24354,NONE,999.9,0,0
21.152,8.48566,21.4997,-2.68352,4.4,1.64626,7.24354,NONE,999.9,0,0
21.1559,8.48566,21.4997,-2.68352,4.4,1.64626,7.24354,NONE,999.9,0,0
21.1602,8.44543,21.4819,-2.66694,4.4,1.65185,7.26814,NONE,999.9,0,0
21.1647,8.44543,21.4819,-2.66694,4.4,1.65185,7.26814,NONE,999.9,0,0
21.1685,8.40546,21.4635,-2.65047,4.4,1.65914,7.30022,NONE,999.9,0,0
21.1722,8.40546,21.4635,-2.65047,4.4,1.65914,7.30022,NONE,999.9,0,0
21.1764,8.40546,21.4635,-2.65047,4.4,1.65914,7.30022,NONE,999.9,0,0
21.1803,8.36578,21.4445,-2.63379,4.4,1.66033,7.30545,NONE,999.9,0,0
21.184,8.36578,21.4445,-2.63379,4.4,1.66033,7.30545,NONE,999.9,0,0
21.1887,8.32638,21.4249,-2.61725,4.4,1.66435,7.32313,NONE,999.9,0,0
21.1924,8.32638,21.4249,-2.61725,4.4,1.66435,7.32313,NONE,999.9,0,0
21.1962,8.32638,21.4249,-2.61725,4.4,1.66435,7.32313,NONE,999.9,0,0
21.2004,8.2873,21.4047,-2.60053,4.4,1.66314,7.31782,NONE,999.9,0,0
21.204,8.2873,21.4047,-2.60053,4.4,1.66314,7.31782,NONE,999.9,0,0
21.2092,8.24853,21.3839,-2.58397,4.4,1.66543,7.32789,NONE,999.9,0,0
21.2122,8.24853,21.3839,-2.58397,4.4,1.66543,7.32789,NONE,999.9,0,0
21.216,8.24853,21.3839,-2.58397,4.4,1.66543,7.32789,NONE,999.9,0,0
21.22,8.2101,21.3624,-2.56692,4.4,1.75671,7.72951,NONE,999.9,0,0
21.2243,8.2101,21.3624,-2.56692,4.4,1.75671,7.72951,NONE,999.9,0,0
21.2292,8.17206,21.3403,-2.54892,4.4,1.82345,8.02317,NONE,999.9,0,0
21.232,8.17206,21.3403,-2.54892,4.4,1.82345,8.02317,NONE,999.9,0,0
21.2362,8.17206,21.3403,-2.54892,4.4,1.82345,8.02317,NONE,999.9,0,0
21.2401,8.13441,21.3176,-2.53049,4.4,1.87844,8.26513,NONE,999.9,0,0
21.2443,8.13441,21.3176,-2.53049,4.4,1.87844,8.26513,NONE,999.9,0,0
21.2489,8.09717,21.2941,-2.51142,4.4,1.9167,8.43347,NONE,999.9,0,0
21.2519,8.09717,21.2941,-2.51142,4.4,1.9167,8.43347,NONE,999.9,0,0
21.2563,8.09717,21.2941,-2.51142,4.4,1.9167,8.43347,NONE,999.9,0,0
21.2604,8.06035,21.27,-2.49216,4.4,1.9494,8.57735,NONE,999.9,0,0
21.264,8.06035,21.27,-2.49216,4.4,1.9494,8.57735,NONE,999.9,0,0
21.2688,8.02397,21.2453,-2.47247,4.4,1.97027,8.66919,NONE,999.9,0,0
21.2718,8.02397,21.2453,-2.47247,4.4,1.97027,8.66919,NONE,999.9,0,0
21.2763,8.02397,21.2453,-2.47247,4.4,1.97027,8.66919,NONE,999.9,0,0
21.2801,7.98804,21.2199,-2.45276,4.4,1.98946,8.75363,NONE,999.9,0,0
21.284,7.98804,21.2199,-2.45276,4.4,1.98946,8.75363,NONE,999.9,0,0
21.2893,7.95259,21.1938,-2.43272,4.4,1.99988,8.79949,NONE,999.9,0,0
21.2923,7.95259,21.1938,-2.43272,4.4,1.99988,8.79949,NONE,999.9,0,0
21.2961,7.95259,21.1938,-2.43272,4.4,1.99988,8.79949,NONE,999.9,0,0
21.3,7.91762,21.1671,-2.41275,4.4,2.01103,8.84855,NONE,999.9,0,0
21.304,7.91762,21.1671,-2.41275,4.4,2.01103,8.84855,NONE,999.9,0,0
21.3095,7.88317,21.1398,-2.39253,4.4,2.0153,8.86733,NONE,999.9,0,0
21.3123,7.88317,21.1398,-2.39253,4.4,2.0153,8.86733,NONE,999.9,0,0
21.3162,7.88317,21.1398,-2.39253,4.4,2.0153,8.86733,NONE,999.9,0,0
21.3206,7.84922,21.1118,-2.37243,4.4,2.02177,8.8958,NONE,999.9,0,0
21.3243,7.84922,21.1118,-2.37243,4.4,2.02177,8.8958,NONE,999.9,0,0
21.3297,7.81583,21.0831,-2.35212,4.4,2.02252,8.89907,NONE,999.9,0,0
21.3326,7.81583,21.0831,-2.35212,4.4,2.02252,8.89907,NONE,999.9,0,0
21.3362,7.81583,21.0831,-2.35212,4.4,2.02252,8.89907,NONE,999.9,0,0
21.34,7.78298,21.0538,-2.33196,4.4,2.02635,8.91596,NONE,999.9,0,0
21.3446,7.78298,21.0538,-2.33196,4.4,2.02635,8.91596,NONE,999.9,0,0
21.3488,7.75071,21.0239,-2.31162,4.4,2.02516,8.91069,NONE,999.9,0,0
21.3522,7.75071,21.0239,-2.31162,4.4,2.02516,8.91069,NONE,999.9,0,0
21.3565,7.75071,21.0239,-2.31162,4.4,2.02516,8.91069,NONE,999.9,0,0
21.3602,7.71902,20.9934,-2.29144,4.4,2.02758,8.92137,NONE,999.9,0,0
21.3641,7.71902,20.9934,-2.29144,4.4,2.02758,8.92137,NONE,999.9,0,0
21.3687,7.68794,20.9623,-2.27109,4.4,2.02538,8.91168,NONE,999.9,0,0
21.3719,7.68794,20.9623,-2.27109,4.4,2.02538,8.91168,NONE,999.9,0,0
21.3765,7.68794,20.9623,-2.27109,4.4,2.02538,8.91168,NONE,999.9,0,0
21.3807,7.65747,20.9305,-2.25091,4.4,2.02711,8.91931,NONE,999.9,0,0
21.3845,7.65747,20.9305,-2.25091,4.4,2.02711,8.91931,NONE,999.9,0,0
21.3895,7.62763,20.8982,-2.23057,4.4,2.02445,8.90757,NONE,999.9,0,0
21.392,7.62763,20.8982,-2.23057,4.4,2.02445,8.90757,NONE,999.9,0,0
21.3961,7.62763,20.8982,-2.23057,4.4,2.02445,8.90757,NONE,999.9,0,0
21.4007,7.59843,20.8653,-2.2104,4.4,2.02589,8.91392,NONE,999.9,0,0
21.4047,7.59843,20.8653,-2.2104,4.4,2.02589,8.91392,NONE,999.9,0,0
21.4094,7.56989,20.8318,-2.19007,4.4,2.02306,8.90146,NONE,999.9,0,0
21.4122,7.56989,20.8318,-2.19007,4.4,2.02306,8.90146,NONE,999.9,0,0
21.4163,7.56989,20.8318,-2.19007,4.4,2.02306,8.90146,NONE,999.9,0,0
21.4204,7.54201,20.7978,-2.16992,4.4,2.02443,8.9075,NONE,999.9,0,0
21.4241,7.54201,20.7978,-2.16992,4.4,2.02443,8.9075,NONE,999.9,0,0
21.4288,7.51483,20.7632,-2.1496,4.4,2.02159,8.89501,NONE,999.9,0,0
21.4318,7.51483,20.7632,-2.1496,4.4,2.02159,8.89501,NONE,999.9,0,0
21.4359,7.51483,20.7632,-2.1496,4.4,2.02159,8.89501,NONE,999.9,0,0
21.4401,7.48833,20.728,-2.12947,4.4,2.023,8.90122,NONE,999.9,0,0
21.4446,7.48833,20.728,-2.12947,4.4,2.023,8.90122,NONE,999.9,0,0
21.4489,7.46254,20.6924,-2.10916,4.4,2.02024,8.88904,NONE,999.9,0,0
21.4522,7.46254,20.6924,-2.10916,4.4,2.02024,8.88904,NONE,999.9,0,0
21.456,7.46254,20.6924,-2.10916,4.4,2.02024,8.88904,NONE,999.9,0,0
21.4605,7.43746,20.6562,-2.08904,4.4,2.02173,8.89562,NONE,999.9,0,0
21.4641,7.43746,20.6562,-2.08904,4.4,2.02173,8.89562,NONE,999.9,0,0
21.4689,7.41312,20.6196,-2.06875,4.4,2.01906,8.88387,NONE,999.9,0,0
21.472,7.41312,20.6196,-2.06875,4.4,2.01906,8.88387,NONE,999.9,0,0
21.4764,7.41312,20.6196,-2.06875,4.4,2.01906,8.88387,NONE,999.9,0,0
21.4802,7.38951,20.5824,-2.04864,4.4,2.02066,8.8909,NONE,999.9,0,0
21.4843,7.38951,20.5824,-2.04864,4.4,2.02066,8.8909,NONE,999.9,0,0
21.4892,7.36666,20.5448,-2.02836,4.4,2.01809,8.8796,NONE,999.9,0,0
21.4919,7.36666,20.5448,-2.02836,4.4,2.01809,8.8796,NONE,999.9,0,0
21.4959,7.36666,20.5448,-2.02836,4.4,2.01809,8.8796,NONE,999.9,0,0
21.5,7.34456,20.5068,-2.00825,4.4,2.01979,8.88706,NONE,999.9,0,0
21.5039,7.34456,20.5068,-2.00825,4.4,2.01979,8.88706,NONE,999.9,0,0
21.5097,7.32323,20.4683,-1.98798,4.4,2.01731,8.87616,NONE,999.9,0,0
21.5127,7.32323,20.4683,-1.98798,4.4,2.01731,8.87616,NONE,999.9,0,0
21.5163,7.32323,20.4683,-1.98798,4.4,2.01731,8.87616,NONE,999.9,0,0
21.521,7.30268,20.4294,-1.96789,4.4,2.01909,8.884,NONE,999.9,0,0
21.524,7.30268,20.4294,-1.96789,4.4,2.01909,8.884,NONE,999.9,0,0
21.5287,7.28292,20.3901,-1.94762,4.4,2.01669,8.87346,NONE,999.9,0,0
21.5321,7.28292,20.3901,-1.94762,4.4,2.01669,8.87346,NONE,999.9,0,0
21.536,7.28292,20.3901,-1.94762,4.4,2.01669,8.87346,NONE,999.9,0,0
21.54,7.26394,20.3504,-1.92753,4.4,2.01855,8.88162,NONE,999.9,0,0
21.5444,7.26394,20.3504,-1.92753,4.4,2.01855,8.88162,NONE,999.9,0,0
21.5494,7.24577,20.3103,-1.90727,4.4,2.01622,8.87136,NONE,999.9,0,0
21.552,7.24577,20.3103,-1.90727,4.4,2.01622,8.87136,NONE,999.9,0,0
21.5559,7.24577,20.3103,-1.90727,4.4,2.01622,8.87136,NONE,999.9,0,0
21.5602,7.22841,20.2699,-1.88719,4.4,2.01813,8.87979,NONE,999.9,0,0
21.5639,7.22841,20.2699,-1.88719,4.4,2.01813,8.87979,NONE,999.9,0,0
21.5688,7.21187,20.2291,-1.86693,4.4,2.01586,8.86976,NONE,999.9,0,0
21.572,7.21187,20.2291,-1.86693,4.4,2.01586,8.86976,NONE,999.9,0,0
21.5765,7.21187,20.2291,-1.86693,4.4,2.01586,8.86976,NONE,999.9,0,0
21.5803,7.19615,20.188,-1.84685,4.4,2.01782,8.8784,NONE,999.9,0,0
21.5841,7.19615,20.188,-1.84685,4.4,2.01782,8.8784,NONE,999.9,0,0
21.5887,7.18126,20.1466,-1.8266,4.4,2.01558,8.86855,NONE,999.9,0,0
21.592,7.18126,20.1466,-1.8266,4.4,2.01558,8.86855,NONE,999.9,0,0
21.5959,7.18126,20.1466,-1.8266,4.4,2.01558,8.86855,NONE,999.9,0,0
21.6002,7.16721,20.1049,-1.80652,4.4,2.01758,8.87735,NONE,999.9,0,0
21.6042,7.16721,20.1049,-1.80652,4.4,2.01758,8.87735,NONE,999.9,0,0
21.6092,7.15401,20.063,-1.78627,4.4,2.01537,8.86765,NONE,999.9,0,0
21.6123,7.15401,20.063,-1.78627,4.4,2.01537,8.86765,NONE,999.9,0,0
21.616,7.15401,20.063,-1.78627,4.4,2.01537,8.86765,NONE,999.9,0,0
21.6201,7.14164,20.0207,-1.76619,4.4,2.0174,8.87656,NONE,999.9,0,0
21.624,7.14164,20.0207,-1.76619,4.4,2.0174,8.87656,NONE,999.9,0,0
21.6284,7.13014,19.9783,-1.74594,4.4,2.01522,8.86697,NONE,999.9,0,0
21.6322,7.13014,19.9783,-1.74594,4.4,2.01522,8.86697,NONE,999.9,0,0
21.636,7.13014,19.9783,-1.74594,4.4,2.01522,8.86697,NONE,999.9,0,0
21.6403,7.11948,19.9356,-1.72586,4.4,2.01727,8.87598,NONE,999.9,0,0
21.6445,7.11948,19.9356,-1.72586,4.4,2.01727,8.87598,NONE,999.9,0,0
21.6492,7.1097,19.8927,-1.70561,4.4,2.01511,8.86647,NONE,999.9,0,0
21.6519,7.1097,19.8927,-1.70561,4.4,2.01511,8.86647,NONE,999.9,0,0
21.6561,7.1097,19.8927,-1.70561,4.4,2.01511,8.86647,NONE,999.9,0,0
21.6603,7.10077,19.8496,-1.68554,4.4,2.01717,8.87555,NONE,999.9,0,0
21.6642,7.10077,19.8496,-1.68554,4.4,2.01717,8.87555,NONE,999.9,0,0
21.6689,7.09273,19.8063,-1.66529,4.4,2.01502,8.8661,NONE,999.9,0,0
21.6721,7.09273,19.8063,-1.66529,4.4,2.01502,8.8661,NONE,999.9,0,0
21.6768,7.09273,19.8063,-1.66529,4.4,2.01502,8.8661,NONE,999.9,0,0
21.6806,7.08555,19.7629,-1.64522,4.4,2.0171,8.87524,NONE,999.9,0,0
21.684,7.08555,19.7629,-1.64522,4.4,2.0171,8.87524,NONE,999.9,0,0
21.689,7.07925,19.7194,-1.62497,4.4,2.01496,8.86583,NONE,999.9,0,0
21.6918,7.07925,19.7194,-1.62497,4.4,2.01496,8.86583,NONE,999.9,0,0
21.6958,7.07925,19.7194,-1.62497,4.4,2.01496,8.86583,NONE,999.9,0,0
21.7005,7.07382,19.6757,-1.6049,4.4,2.01705,8.87501,NONE,999.9,0,0
21.704,7.07382,19.6757,-1.6049,4.4,2.01705,8.87501,NONE,999.9,0,0
21.7096,7.06929,19.632,-1.58465,4.4,2.01492,8.86564,NONE,999.9,0,0
21.7121,7.06929,19.632,-1.58465,4.4,2.01492,8.86564,NONE,999.9,0,0
21.7159,7.06929,19.632,-1.58465,4.4,2.01492,8.86564,NONE,999.9,0,0
21.7201,7.06562,19.5881,-1.56458,4.4,2.01701,8.87484,NONE,999.9,0,0
21.7239,7.06562,19.5881,-1.56458,4.4,2.01701,8.87484,NONE,999.9,0,0
21.7285,7.06286,19.5442,-1.54433,4.4,2.01489,8.86549,NONE,999.9,0,0
21.7318,7.06286,19.5442,-1.54433,4.4,2.01489,8.86549,NONE,999.9,0,0
21.7361,7.06286,19.5442,-1.54433,4.4,2.01489,8.86549,NONE,999.9,0,0
21.7405,7.06096,19.5002,-1.52426,4.4,2.01698,8.87472,NONE,999.9,0,0
21.7443,7.06096,19.5002,-1.52426,4.4,2.01698,8.87472,NONE,999.9,0,0
21.7487,7.05997,19.4563,-1.50401,4.4,2.01486,8.86539,NONE,999.9,0,0
21.7521,7.05997,19.4563,-1.50401,4.4,2.01486,8.86539,NONE,999.9,0,0
21.7558,7.05997,19.4563,-1.50401,4.4,2.01486,8.86539,NONE,999.9,0,0
21.7601,7.05985,19.4123,-1.48394,4.4,2.01696,8.87463,NONE,999.9,0,0
21.7639,7.05985,19.4123,-1.48394,4.4,2.01696,8.87463,NONE,999.9,0,0
21.7691,7.06063,19.3683,-1.4637,4.4,2.01484,8.86532,NONE,999.9,0,0
21.7722,7.06063,19.3683,-1.4637,4.4,2.01484,8.86532,NONE,999.9,0,0
21.7763,7.06063,19.3683,-1.4637,4.4,2.01484,8.86532,NONE,999.9,0,0
21.7802,7.06228,19.3243,-1.44362,4.4,2.01695,8.87457,NONE,999.9,0,0
21.7839,7.06228,19.3243,-1.44362,4.4,2.01695,8.87457,NONE,999.9,0,0
21.7886,7.06483,19.2804,-1.42338,4.4,2.01483,8.86526,NONE,999.9,0,0
21.7919,7.06483,19.2804,-1.42338,4.4,2.01483,8.86526,NONE,999.9,0,0
21.796,7.06483,19.2804,-1.42338,4.4,2.01483,8.86526,NONE,999.9,0,0
21.8004,7.06825,19.2365,-1.4033,4.4,2.01694,8.87452,NONE,999.9,0,0
21.8042,7.06825,19.2365,-1.4033,4.4,2.01694,8.87452,NONE,999.9,0,0
21.8094,7.07257,19.1927,-1.38306,4.4,2.01482,8.86522,NONE,999.9,0,0
21.8121,7.07257,19.1927,-1.38306,4.4,2.01482,8.86522,NONE,999.9,0,0
21.816,7.07257,19.1927,-1.38306,4.4,2.01482,8.86522,NONE,999.9,0,0
21.8201,7.07776,19.149,-1.36299,4.4,2.01693,8.87449,NONE,999.9,0,0
21.8239,7.07776,19.149,-1.36299,4.4,2.01693,8.87449,NONE,999.9,0,0
21.8288,7.08384,19.1054,-1.34274,4.4,2.01482,8.86519,NONE,999.9,0,0
21.8324,7.08384,19.1054,-1.34274,4.4,2.01482,8.86519,NONE,999.9,0,0
21.8365,7.08384,19.1054,-1.34274,4.4,2.01482,8.86519,NONE,999.9,0,0
21.8403,7.09079,19.062,-1.32267,4.4,2.01692,8.87446,NONE,999.9,0,0
21.8444,7.09079,19.062,-1.32267,4.4,2.01692,8.87446,NONE,999.9,0,0
21.8487,7.09862,19.0187,-1.30243,4.4,2.01481,8.86517,NONE,999.9,0,0
21.8519,7.09862,19.0187,-1.30243,4.4,2.01481,8.86517,NONE,999.9,0,0
21.856,7.09862,19.0187,-1.30243,4.4,2.01481,8.86517,NONE,999.9,0,0
21.8599,7.10731,18.9756,-1.28235,4.4,2.01692,8.87445,NONE,999.9,0,0
21.8646,7.10731,18.9756,-1.28235,4.4,2.01692,8.87445,NONE,999.9,0,0
21.8694,7.11688,18.9326,-1.26211,4.4,2.01481,8.86516,NONE,999.9,0,0
21.8721,7.11688,18.9326,-1.26211,4.4,2.01481,8.86516,NONE,999.9,0,0
21.8762,7.11688,18.9326,-1.26211,4.4,2.01481,8.86516,NONE,999.9,0,0
21.8802,7.1273,18.8899,-1.24203,4.4,2.01692,8.87443,NONE,999.9,0,0
21.8843,7.1273,18.8899,-1.24203,4.4,2.01692,8.87443,NONE,999.9,0,0
21.8888,7.1386,18.8474,-1.22179,4.4,2.01481,8.86515,NONE,999.9,0,0
21.892,7.1386,18.8474,-1.22179,4.4,2.01481,8.86515,NONE,999.9,0,0
21.8962,7.1386,18.8474,-1.22179,4.4,2.01481,8.86515,NONE,999.9,0,0
21.9003,7.15073,18.8051,-1.20172,4.4,2.01691,8.87443,NONE,999.9,0,0
21.904,7.15073,18.8051,-1.20172,4.4,2.01691,8.87443,NONE,999.9,0,0
21.9096,7.16373,18.763,-1.18147,4.4,2.0148,8.86514,NONE,999.9,0,0
21.9122,7.16373,18.763,-1.18147,4.4,2.0148,8.86514,NONE,999.9,0,0
21.916,7.16373,18.763,-1.18147,4.4,2.0148,8.86514,NONE,999.9,0,0
21.9201,7.17756,18.7213,-1.1614,4.4,2.01691,8.87442,NONE,999.9,0,0
21.9242,7.17756,18.7213,-1.1614,4.4,2.01691,8.87442,NONE,999.9,0,0
21.9298,7.19225,18.6798,-1.14116,4.4,2.0148,8.86514,NONE,999.9,0,0
21.932,7.19225,18.6798,-1.14116,4.4,2.0148,8.86514,NONE,999.9,0,0
21.9365,7.19225,18.6798,-1.14116,4.4,2.0148,8.86514,NONE,999.9,0,0
21.94,7.20775,18.6386,-1.12108,4.4,2.01691,8.87441,NONE,999.9,0,0
21.9444,7.20775,18.6386,-1.12108,4.4,2.01691,8.87441,NONE,999.9,0,0
21.9488,7.22409,18.5978,-1.10084,4.4,2.0148,8.86513,NONE,999.9,0,0
21.9519,7.22409,18.5978,-1.10084,4.4,2.0148,8.86513,NONE,999.9,0,0
21.9562,7.22409,18.5978,-1.10084,4.4,2.0148,8.86513,NONE,999.9,0,0
21.9601,7.24124,18.5572,-1.08077,4.4,2.01691,8.87441,NONE,999.9,0,0
21.9642,7.24124,18.5572,-1.08077,4.4,2.01691,8.87441,NONE,999.9,0,0
21.9688,7.25922,18.5171,-1.06052,4.4,2.0148,8.86513,NONE,999.9,0,0
21.9728,7.25922,18.5171,-1.06052,4.4,2.0148,8.86513,NONE,999.9,0,0
21.9766,7.25922,18.5171,-1.06052,4.4,2.0148,8.86513,NONE,999.9,0,0
21.98,7.27799,18.4773,-1.04045,4.4,2.01691,8.87441,NONE,999.9,0,0
21.984,7.27799,18.4773,-1.04045,4.4,2.01691,8.87441,NONE,999.9,0,0
21.9891,7.29757,18.4379,-1.0202,4.4,2.0148,8.86513,NONE,999.9,0,0
21.9924,7.29757,18.4379,-1.0202,4.4,2.0148,8.86513,NONE,999.9,0,0
21.9962,7.29757,18.4379,-1.0202,4.4,2.0148,8.86513,NONE,999.9,0,0
22.0002,7.31793,18.3989,-1.00013,4.4,2.01691,8.87441,NONE,999.9,0,0
22.0044,7.31793,18.3989,-1.00013,4.4,2.01691,8.87441,NONE,999.9,0,0
22.0098,7.33908,18.3603,-0.979888,4.4,2.0148,8.86513,NONE,999.9,0,0
22.012,7.33908,18.3603,-0.979888,4.4,2.0148,8.86513,NONE,999.9,0,0
22.0159,7.33908,18.3603,-0.979888,4.4,2.0148,8.86513,NONE,999.9,0,0
22.02,7.36099,18.3221,-0.959814,4.4,2.01691,8.87441,NONE,999.9,0,0
22.0243,7.36099,18.3221,-0.959814,4.4,2.01691,8.87441,NONE,999.9,0,0
22.0291,7.38368,18.2844,-0.93957,4.4,2.0148,8.86513,NONE,999.9,0,0
22.0319,7.38368,18.2844,-0.93957,4.4,2.0148,8.86513,NONE,999.9,0,0
22.0364,7.38368,18.2844,-0.93957,4.4,2.0148,8.86513,NONE,999.9,0,0
22.0403,7.40712,18.2472,-0.919497,4.4,2.01691,8.87441,NONE,999.9,0,0
22.0444,7.40712,18.2472,-0.919497,4.4,2.01691,8.87441,NONE,999.9,0,0
22.0491,7.43131,18.2104,-0.899253,4.4,2.0148,8.86513,NONE,999.9,0,0
22.0518,7.43131,18.2104,-0.899253,4.4,2.0148,8.86513,NONE,999.9,0,0
22.0564,7.43131,18.2104,-0.899253,4.4,2.0148,8.86513,NONE,999.9,0,0
22.0603,7.45623,18.1742,-0.87918,4.4,2.01691,8.87441,NONE,999.9,0,0
22.0642,7.45623,18.1742,-0.87918,4.4,2.01691,8.87441,NONE,999.9,0,0
22.0688,7.48188,18.1384,-0.858936,4.4,2.0148,8.86513,NONE,999.9,0,0
22.0719,7.48188,18.1384,-0.858936,4.4,2.0148,8.86513,NONE,999.9,0,0
22.0762,7.48188,18.1384,-0.858936,4.4,2.0148,8.86513,NONE,999.9,0,0
22.0801,7.50824,18.1032,-0.838862,4.4,2.01691,8.8744,NONE,999.9,0,0
22.0839,7.50824,18.1032,-0.838862,4.4,2.01691,8.8744,NONE,999.9,0,0
22.0894,7.53531,18.0685,-0.818619,4.4,2.0148,8.86512,NONE,999.9,0,0
22.092,7.53531,18.0685,-0.818619,4.4,2.0148,8.86512,NONE,999.9,0,0
22.0961,7.53531,18.0685,-0.818619,4.4,2.0148,8.86512,NONE,999.9,0,0
22.1002,7.56304,18.0344,-0.798863,4.4,1.92321,8.46211,NONE,999.9,0,0
22.104,7.56304,18.0344,-0.798863,4.4,1.92321,8.46211,NONE,999.9,0,0
22.1089,7.5914,18.0007,-0.780068,4.4,1.85581,8.16559,NONE,999.9,0,0
22.1122,7.5914,18.0007,-0.780068,4.4,1.85581,8.16559,NONE,999.9,0,0
22.1158,7.5914,18.0007,-0.780068,4.4,1.85581,8.16559,NONE,999.9,0,0
22.1203,7.62037,17.9676,-0.761716,4.4,1.79996,7.91984,NONE,999.9,0,0
22.1244,7.62037,17.9676,-0.761716,4.4,1.79996,7.91984,NONE,999.9,0,0
22.1289,7.64995,17.935,-0.744006,4.4,1.76073,7.74719,NONE,999.9,0,0
22.1324,7.64995,17.935,-0.744006,4.4,1.76073,7.74719,NONE,999.9,0,0
22.136,7.64995,17.935,-0.744006,4.4,1.76073,7.74719,NONE,999.9,0,0
22.1402,7.68012,17.903,-0.72649,4.4,1.72699,7.59878,NONE,999.9,0,0
22.1441,7.68012,17.903,-0.72649,4.4,1.72699,7.59878,NONE,999.9,0,0
22.149,7.71087,17.8715,-0.70942,4.4,1.70508,7.50237,NONE,999.9,0,0
22.1522,7.71087,17.8715,-0.70942,4.4,1.70508,7.50237,NONE,999.9,0,0
22.1565,7.71087,17.8715,-0.70942,4.4,1.70508,7.50237,NONE,999.9,0,0
22.1603,7.74219,17.8406,-0.69239,4.4,1.68488,7.41348,NONE,999.9,0,0
22.1643,7.74219,17.8406,-0.69239,4.4,1.68488,7.41348,NONE,999.9,0,0
22.1692,7.77405,17.8103,-0.675686,4.4,1.6735,7.36338,NONE,999.9,0,0
22.1722,7.77405,17.8103,-0.675686,4.4,1.6735,7.36338,NONE,999.9,0,0
22.1764,7.77405,17.8103,-0.675686,4.4,1.6735,7.36338,NONE,999.9,0,0
22.1804,7.80646,17.7805,-0.658929,4.4,1.66145,7.31036,NONE,999.9,0,0
22.1844,7.80646,17.7805,-0.658929,4.4,1.66145,7.31036,NONE,999.9,0,0
22.1898,7.83938,17.7513,-0.642427,4.4,1.65634,7.28792,NONE,999.9,0,0
22.1919,7.83938,17.7513,-0.642427,4.4,1.65634,7.28792,NONE,999.9,0,0
22.1967,7.83938,17.7513,-0.642427,4.4,1.65634,7.28792,NONE,999.9,0,0
22.2005,7.87281,17.7227,-0.625816,4.4,1.64911,7.25609,NONE,999.9,0,0
22.2045,7.87281,17.7227,-0.625816,4.4,1.64911,7.25609,NONE,999.9,0,0
22.2091,7.90674,17.6947,-0.609418,4.4,1.64768,7.24979,NONE,999.9,0,0
22.2125,7.90674,17.6947,-0.609418,4.4,1.64768,7.24979,NONE,999.9,0,0
22.2162,7.90674,17.6947,-0.609418,4.4,1.64768,7.24979,NONE,999.9,0,0
22.2204,7.94115,17.6673,-0.59288,4.4,1.64322,7.23016,NONE,999.9,0,0
22.224,7.94115,17.6673,-0.59288,4.4,1.64322,7.23016,NONE,999.9,0,0
22.2288,7.97602,17.6405,-0.57653,4.4,1.64386,7.233,NONE,999.9,0,0
22.2319,7.97602,17.6405,-0.57653,4.4,1.64386,7.233,NONE,999.9,0,0
22.236,7.97602,17.6405,-0.57653,4.4,1.64386,7.233,NONE,999.9,0,0
22.2402,8.01135,17.6142,-0.560022,4.4,1.64094,7.22014,NONE,999.9,0,0
22.2443,8.01135,17.6142,-0.560022,4.4,1.64094,7.22014,NONE,999.9,0,0
22.2496,8.04712,17.5886,-0.543688,4.4,1.64271,7.22791,NONE,999.9,0,0
22.2522,8.04712,17.5886,-0.543688,4.4,1.64271,7.22791,NONE,999.9,0,0
22.2561,8.04712,17.5886,-0.543688,4.4,1.64271,7.22791,NONE,999.9,0,0
22.2603,8.08333,17.5636,-0.527187,4.4,1.64059,7.21859,NONE,999.9,0,0
22.2639,8.08333,17.5636,-0.527187,4.4,1.64059,7.21859,NONE,999.9,0,0
22.2689,8.11995,17.5392,-0.510855,4.4,1.64292,7.22884,NONE,999.9,0,0
22.2719,8.11995,17.5392,-0.510855,4.4,1.64292,7.22884,NONE,999.9,0,0
22.2762,8.11995,17.5392,-0.510855,4.4,1.64292,7.22884,NONE,999.9,0,0
22.2802,8.15698,17.5155,-0.49435,4.4,1.64118,7.22119,NONE,999.9,0,0
22.2845,8.15698,17.5155,-0.49435,4.4,1.64118,7.22119,NONE,999.9,0,0
22.2889,8.19439,17.4923,-0.478328,4.4,1.55005,6.82022,NONE,999.9,0,0
22.2921,8.19439,17.4923,-0.478328,4.4,1.55005,6.82022,NONE,999.9,0,0
22.2959,8.19439,17.4923,-0.478328,4.4,1.55005,6.82022,NONE,999.9,0,0
22.3003,8.23213,17.4697,-0.463261,4.4,1.48317,6.52595,NONE,999.9,0,0
22.3041,8.23213,17.4697,-0.463261,4.4,1.48317,6.52595,NONE,999.9,0,0
22.3093,8.27022,17.4476,-0.448633,4.4,1.42785,6.28254,NONE,999.9,0,0
22.3124,8.27022,17.4476,-0.448633,4.4,1.42785,6.28254,NONE,999.9,0,0
22.3162,8.27022,17.4476,-0.448633,4.4,1.42785,6.28254,NONE,999.9,0,0
22.3201,8.30862,17.4262,-0.434642,4.4,1.38914,6.11223,NONE,999.9,0,0
22.3242,8.30862,17.4262,-0.434642,4.4,1.38914,6.11223,NONE,999.9,0,0
22.3302,8.34735,17.4053,-0.420839,4.4,1.35592,5.96606,NONE,999.9,0,0
22.3336,8.34735,17.4053,-0.420839,4.4,1.35592,5.96606,NONE,999.9,0,0
22.3361,8.34735,17.4053,-0.420839,4.4,1.35592,5.96606,NONE,999.9,0,0
22.3404,8.38637,17.385,-0.407477,4.4,1.3345,5.8718,NONE,999.9,0,0
22.3455,8.38637,17.385,-0.407477,4.4,1.3345,5.8718,NONE,999.9,0,0
22.3497,8.4257,17.3652,-0.394151,4.4,1.31475,5.7849,NONE,999.9,0,0
22.3527,8.4257,17.3652,-0.394151,4.4,1.31475,5.7849,NONE,999.9,0,0
22.356,8.4257,17.3652,-0.394151,4.4,1.31475,5.7849,NONE,999.9,0,0
22.3604,8.46529,17.346,-0.381146,4.4,1.30378,5.73664,NONE,999.9,0,0
22.364,8.46529,17.346,-0.381146,4.4,1.30378,5.73664,NONE,999.9,0,0
22.369,8.50517,17.3274,-0.368084,4.4,1.29211,5.68529,NONE,999.9,0,0
22.372,8.50517,17.3274,-0.368084,4.4,1.29211,5.68529,NONE,999.9,0,0
22.3767,8.50517,17.3274,-0.368084,4.4,1.29211,5.68529,NONE,999.9,0,0
22.3804,8.5453,17.3094,-0.355274,4.4,1.28735,5.66435,NONE,999.9,0,0
22.3843,8.5453,17.3094,-0.355274,4.4,1.28735,5.66435,NONE,999.9,0,0
22.3888,8.58568,17.2919,-0.342352,4.4,1.28043,5.63389,NONE,999.9,0,0
22.392,8.58568,17.2919,-0.342352,4.4,1.28043,5.63389,NONE,999.9,0,0
22.3961,8.58568,17.2919,-0.342352,4.4,1.28043,5.63389,NONE,999.9,0,0
22.4001,8.62629,17.275,-0.329639,4.4,1.27927,5.6288,NONE,999.9,0,0
22.404,8.62629,17.275,-0.329639,4.4,1.27927,5.6288,NONE,999.9,0,0
22.4096,8.66714,17.2586,-0.316783,4.4,1.27506,5.61025,NONE,999.9,0,0
22.4123,8.66714,17.2586,-0.316783,4.4,1.27506,5.61025,NONE,999.9,0,0
22.4164,8.66714,17.2586,-0.316783,4.4,1.27506,5.61025,NONE,999.9,0,0
22.4206,8.70819,17.2428,-0.304432,4.4,1.18221,5.20174,NONE,999.9,0,0
22.424,8.70819,17.2428,-0.304432,4.4,1.18221,5.20174,NONE,999.9,0,0
22.4286,8.74942,17.2274,-0.29305,4.4,1.1142,4.90247,NONE,999.9,0,0
22.4319,8.74942,17.2274,-0.29305,4.4,1.1142,4.90247,NONE,999.9,0,0
22.4358,8.74942,17.2274,-0.29305,4.4,1.1142,4.90247,NONE,999.9,0,0
22.4404,8.79084,17.2126,-0.282115,4.4,1.05817,4.65595,NONE,999.9,0,0
22.4446,8.79084,17.2126,-0.282115,4.4,1.05817,4.65595,NONE,999.9,0,0
22.4488,8.83242,17.1982,-0.271823,4.4,1.01907,4.48391,NONE,999.9,0,0
22.452,8.83242,17.1982,-0.271823,4.4,1.01907,4.48391,NONE,999.9,0,0
22.4559,8.83242,17.1982,-0.271823,4.4,1.01907,4.48391,NONE,999.9,0,0
22.4603,8.87416,17.1843,-0.261722,4.4,0.985687,4.33702,NONE,999.9,0,0
22.4641,8.87416,17.1843,-0.261722,4.4,0.985687,4.33702,NONE,999.9,0,0
22.469,8.91606,17.1709,-0.252063,4.4,0.964259,4.24274,NONE,999.9,0,0
22.472,8.91606,17.1709,-0.252063,4.4,0.964259,4.24274,NONE,999.9,0,0
22.477,8.91606,17.1709,-0.252063,4.4,0.964259,4.24274,NONE,999.9,0,0
22.4807,8.95811,17.1579,-0.242438,4.4,0.944615,4.15631,NONE,999.9,0,0
22.484,8.95811,17.1579,-0.242438,4.4,0.944615,4.15631,NONE,999.9,0,0
22.4888,9.00029,17.1454,-0.233134,4.4,0.933826,4.10884,NONE,999.9,0,0
22.492,9.00029,17.1454,-0.233134,4.4,0.933826,4.10884,NONE,999.9,0,0
22.4961,9.00029,17.1454,-0.233134,4.4,0.933826,4.10884,NONE,999.9,0,0
22.5001,9.04261,17.1334,-0.223771,4.4,0.92238,4.05847,NONE,999.9,0,0
22.5042,9.04261,17.1334,-0.223771,4.4,0.92238,4.05847,NONE,999.9,0,0
22.5096,9.08506,17.1217,-0.214656,4.4,0.917871,4.03863,NONE,999.9,0,0
22.5123,9.08506,17.1217,-0.214656,4.4,0.917871,4.03863,NONE,999.9,0,0
22.5159,9.08506,17.1217,-0.214656,4.4,0.917871,4.03863,NONE,999.9,0,0
22.5202,9.12762,17.1106,-0.205427,4.4,0.911204,4.0093,NONE,999.9,0,0
22.524,9.12762,17.1106,-0.205427,4.4,0.911204,4.0093,NONE,999.9,0,0
22.5286,9.17029,17.0999,-0.196406,4.4,0.910303,4.00533,NONE,999.9,0,0
22.5319,9.17029,17.0999,-0.196406,4.4,0.910303,4.00533,NONE,999.9,0,0
22.5367,9.17029,17.0999,-0.196406,4.4,0.910303,4.00533,NONE,999.9,0,0
22.5401,9.21308,17.0896,-0.187239,4.4,0.906335,3.98788,NONE,999.9,0,0
22.5443,9.21308,17.0896,-0.187239,4.4,0.906335,3.98788,NONE,999.9,0,0
22.5486,9.25596,17.0797,-0.178255,4.4,0.907431,3.9927,NONE,999.9,0,0
22.5519,9.25596,17.0797,-0.178255,4.4,0.907431,3.9927,NONE,999.9,0,0
22.556,9.25596,17.0797,-0.178255,4.4,0.907431,3.9927,NONE,999.9,0,0
22.56,9.29894,17.0703,-0.169109,4.4,0.904918,3.98164,NONE,999.9,0,0
22.5638,9.29894,17.0703,-0.169109,4.4,0.904918,3.98164,NONE,999.9,0,0
22.5693,9.34201,17.0613,-0.160134,4.4,0.907053,3.99103,NONE,999.9,0,0
22.5724,9.34201,17.0613,-0.160134,4.4,0.907053,3.99103,NONE,999.9,0,0
22.5764,9.34201,17.0613,-0.160134,4.4,0.907053,3.99103,NONE,999.9,0,0
22.58,9.38516,17.0527,-0.150988,4.4,0.905265,3.98317,NONE,999.9,0,0
22.584,9.38516,17.0527,-0.150988,4.4,0.905265,3.98317,NONE,999.9,0,0
22.5889,9.4284,17.0446,-0.142007,4.4,0.907887,3.9947,NONE,999.9,0,0
22.5921,9.4284,17.0446,-0.142007,4.4,0.907887,3.9947,NONE,999.9,0,0
22.5959,9.4284,17.0446,-0.142007,4.4,0.907887,3.9947,NONE,999.9,0,0
22.6005,9.47171,17.0368,-0.132851,4.4,0.906409,3.9882,NONE,999.9,0,0
22.6043,9.47171,17.0368,-0.132851,4.4,0.906409,3.9882,NONE,999.9,0,0
22.6094,9.51509,17.0295,-0.123858,4.4,0.909211,4.00053,NONE,999.9,0,0
22.612,9.51509,17.0295,-0.123858,4.4,0.909211,4.00053,NONE,999.9,0,0
22.616,9.51509,17.0295,-0.123858,4.4,0.909211,4.00053,NONE,999.9,0,0
22.6201,9.55855,17.0226,-0.114688,4.4,0.907817,3.99439,NONE,999.9,0,0
22.6239,9.55855,17.0226,-0.114688,4.4,0.907817,3.99439,NONE,999.9,0,0
22.629,9.60206,17.016,-0.105998,4.4,0.816932,3.5945,NONE,999.9,0,0
22.6325,9.60206,17.016,-0.105998,4.4,0.816932,3.5945,NONE,999.9,0,0
22.6362,9.60206,17.016,-0.105998,4.4,0.816932,3.5945,NONE,999.9,0,0
22.6401,9.64561,17.0098,-0.0982621,4.4,0.750224,3.30098,NONE,999.9,0,0
22.6447,9.64561,17.0098,-0.0982621,4.4,0.750224,3.30098,NONE,999.9,0,0
22.6491,9.68922,17.0039,-0.0909627,4.4,0.695019,3.05808,NONE,999.9,0,0
22.6519,9.68922,17.0039,-0.0909627,4.4,0.695019,3.05808,NONE,999.9,0,0
22.656,9.68922,17.0039,-0.0909627,4.4,0.695019,3.05808,NONE,999.9,0,0
22.66,9.73287,16.9984,-0.0842996,4.4,0.656384,2.88809,NONE,999.9,0,0
22.6641,9.73287,16.9984,-0.0842996,4.4,0.656384,2.88809,NONE,999.9,0,0
22.6691,9.77656,16.9932,-0.0778241,4.4,0.623206,2.74211,NONE,999.9,0,0
22.6721,9.77656,16.9932,-0.0778241,4.4,0.623206,2.74211,NONE,999.9,0,0
22.6762,9.77656,16.9932,-0.0778241,4.4,0.623206,2.74211,NONE,999.9,0,0
22.6803,9.82028,16.9883,-0.0717894,4.4,0.601802,2.64793,NONE,999.9,0,0
22.684,9.82028,16.9883,-0.0717894,4.4,0.601802,2.64793,NONE,999.9,0,0
22.6889,9.86405,16.9837,-0.0657896,4.4,0.582055,2.56104,NONE,999.9,0,0
22.6919,9.86405,16.9837,-0.0657896,4.4,0.582055,2.56104,NONE,999.9,0,0
22.6962,9.86405,16.9837,-0.0657896,4.4,0.582055,2.56104,NONE,999.9,0,0
22.7002,9.90784,16.9794,-0.0601121,4.4,0.571078,2.51274,NONE,999.9,0,0
22.7041,9.90784,16.9794,-0.0601121,4.4,0.571078,2.51274,NONE,999.9,0,0
22.7097,9.95166,16.9755,-0.0543775,4.4,0.559393,2.46133,NONE,999.9,0,0
22.7124,9.95166,16.9755,-0.0543775,4.4,0.559393,2.46133,NONE,999.9,0,0
22.7162,9.95166,16.9755,-0.0543775,4.4,0.559393,2.46133,NONE,999.9,0,0
22.7201,9.9955,16.9718,-0.049212,4.4,0.460912,2.02801,NONE,999.9,0,0
22.7239,9.9955,16.9718,-0.049212,4.4,0.460912,2.02801,NONE,999.9,0,0
22.729,10.0394,16.9683,-0.0450651,4.4,0.388682,1.7102,NONE,999.9,0,0
22.7326,10.0394,16.9683,-0.0450651,4.4,0.388682,1.7102,NONE,999.9,0,0
22.7362,10.0394,16.9683,-0.0450651,4.4,0.388682,1.7102,NONE,999.9,0,0
22.74,10.0832,16.965,-0.041402,4.4,0.329541,1.44998,NONE,999.9,0,0
22.7443,10.0832,16.965,-0.041402,4.4,0.329541,1.44998,NONE,999.9,0,0
22.7491,10.1271,16.9619,-0.0384083,4.4,0.288173,1.26796,NONE,999.9,0,0
22.7521,10.1271,16.9619,-0.0384083,4.4,0.288173,1.26796,NONE,999.9,0,0
22.7561,10.1271,16.9619,-0.0384083,4.4,0.288173,1.26796,NONE,999.9,0,0
22.7605,10.171,16.959,-0.0356246,4.4,0.25317,1.11395,NONE,999.9,0,0
22.7643,10.171,16.959,-0.0356246,4.4,0.25317,1.11395,NONE,999.9,0,0
22.7689,10.215,16.9563,-0.0332965,4.4,0.230615,1.01471,NONE,999.9,0,0
22.7719,10.215,16.9563,-0.0332965,4.4,0.230615,1.01471,NONE,999.9,0,0
22.7763,10.215,16.9563,-0.0332965,4.4,0.230615,1.01471,NONE,999.9,0,0
22.78,10.2589,16.9538,-0.0310122,4.4,0.210217,0.924955,NONE,999.9,0,0
22.7838,10.2589,16.9538,-0.0310122,4.4,0.210217,0.924955,NONE,999.9,0,0
22.7891,10.3028,16.9515,-0.0290548,4.4,0.198949,0.875377,NONE,999.9,0,0
22.792,10.3028,16.9515,-0.0290548,4.4,0.198949,0.875377,NONE,999.9,0,0
22.7963,10.3028,16.9515,-0.0290548,4.4,0.198949,0.875377,NONE,999.9,0,0
22.8002,10.3468,16.9493,-0.0270419,4.4,0.187229,0.823806,NONE,999.9,0,0
22.8041,10.3468,16.9493,-0.0270419,4.4,0.187229,0.823806,NONE,999.9,0,0
22.8087,10.3907,16.9473,-0.0252796,4.4,0.182593,0.803409,NONE,999.9,0,0
22.8121,10.3907,16.9473,-0.0252796,4.4,0.182593,0.803409,NONE,999.9,0,0
22.8159,10.3907,16.9473,-0.0252796,4.4,0.182593,0.803409,NONE,999.9,0,0
22.8201,10.4347,16.9454,-0.0234039,4.4,0.175905,0.773983,NONE,999.9,0,0
22.8242,10.4347,16.9454,-0.0234039,4.4,0.175905,0.773983,NONE,999.9,0,0
22.8291,10.4786,16.9436,-0.0217351,4.4,0.175057,0.77025,NONE,999.9,0,0
22.8321,10.4786,16.9436,-0.0217351,4.4,0.175057,0.77025,NONE,999.9,0,0
22.8358,10.4786,16.9436,-0.0217351,4.4,0.175057,0.77025,NONE,999.9,0,0
22.8401,10.5226,16.942,-0.0199199,4.4,0.17119,0.753237,NONE,999.9,0,0
22.8446,10.5226,16.942,-0.0199199,4.4,0.17119,0.753237,NONE,999.9,0,0
22.8488,10.5666,16.9405,-0.0182873,4.4,0.172417,0.758633,NONE,999.9,0,0
22.852,10.5666,16.9405,-0.0182873,4.4,0.172417,0.758633,NONE,999.9,0,0
22.8561,10.5666,16.9405,-0.0182873,4.4,0.172417,0.758633,NONE,999.9,0,0
22.8604,10.6106,16.9391,-0.0164906,4.4,0.170052,0.748227,NONE,999.9,0,0
22.8639,10.6106,16.9391,-0.0164906,4.4,0.170052,0.748227,NONE,999.9,0,0
22.8689,10.6545,16.9378,-0.0148637,4.4,0.172342,0.758306,NONE,999.9,0,0
22.8719,10.6545,16.9378,-0.0148637,4.4,0.172342,0.758306,NONE,999.9,0,0
22.8762,10.6545,16.9378,-0.0148637,4.4,0.172342,0.758306,NONE,999.9,0,0
22.88,10.6985,16.9367,-0.0130639,4.4,0.17071,0.751123,NONE,999.9,0,0
22.8843,10.6985,16.9367,-0.0130639,4.4,0.17071,0.751123,NONE,999.9,0,0
22.8891,10.7425,16.9356,-0.0114278,4.4,0.173484,0.763329,NONE,999.9,0,0
22.8923,10.7425,16.9356,-0.0114278,4.4,0.173484,0.763329,NONE,999.9,0,0
22.896,10.7425,16.9356,-0.0114278,4.4,0.173484,0.763329,NONE,999.9,0,0
22.9001,10.7865,16.9347,-0.00961493,4.4,0.17215,0.757459,NONE,999.9,0,0
22.904,10.7865,16.9347,-0.00961493,4.4,0.17215,0.757459,NONE,999.9,0,0
22.9098,10.8305,16.9338,-0.00796357,4.4,0.175086,0.77038,NONE,999.9,0,0
22.9124,10.8305,16.9338,-0.00796357,4.4,0.175086,0.77038,NONE,999.9,0,0
22.9159,10.8305,16.9338,-0.00796357,4.4,0.175086,0.77038,NONE,999.9,0,0
22.9203,10.8745,16.9331,-0.00613426,4.4,0.173816,0.764793,NONE,999.9,0,0
22.9243,10.8745,16.9331,-0.00613426,4.4,0.173816,0.764793,NONE,999.9,0,0
22.9288,10.9185,16.9324,-0.00446621,4.4,0.176748,0.777692,NONE,999.9,0,0
22.932,10.9185,16.9324,-0.00446621,4.4,0.176748,0.777692,NONE,999.9,0,0
22.936,10.9185,16.9324,-0.00446621,4.4,0.176748,0.777692,NONE,999.9,0,0
22.9405,10.9625,16.9319,-0.00262051,4.4,0.175426,0.771875,NONE,999.9,0,0
22.9442,10.9625,16.9319,-0.00262051,4.4,0.175426,0.771875,NONE,999.9,0,0
22.9489,11.0065,16.9314,-0.000936758,4.4,0.178275,0.784409,NONE,999.9,0,0
22.9525,11.0065,16.9314,-0.000936758,4.4,0.178275,0.784409,NONE,999.9,0,0
22.9563,11.0065,16.9314,-0.000936758,4.4,0.178275,0.784409,NONE,999.9,0,0
22.96,11.0505,16.931,0.000923711,4.4,0.176851,0.778144,NONE,999.9,0,0
22.964,11.0505,16.931,0.000923711,4.4,0.176851,0.778144,NONE,999.9,0,0
22.9692,11.0945,16.9307,0.00262116,4.4,0.179588,0.790185,NONE,999.9,0,0
22.9718,11.0945,16.9307,0.00262116,4.4,0.179588,0.790185,NONE,999.9,0,0
22.9764,11.0945,16.9307,0.00262116,4.4,0.179588,0.790185,NONE,999.9,0,0
22.9802,11.1385,16.9305,0.00449418,4.4,0.178048,0.783412,NONE,999.9,0,0
22.9844,11.1385,16.9305,0.00449418,4.4,0.178048,0.783412,NONE,999.9,0,0
22.9889,11.1825,16.9303,0.0058853,4.4,0.086968,0.382659,NONE,999.9,0,0
22.9921,11.1825,16.9303,0.0058853,4.4,0.086968,0.382659,NONE,999.9,0,0
22.9959,11.1825,16.9303,0.0058853,4.4,0.086968,0.382659,NONE,999.9,0,0
23.0001,11.2265,16.9302,0.00632073,4.4,0.0200349,0.0881535,NONE,999.9,0,0
23.0039,11.2265,16.9302,0.00632073,4.4,0.0200349,0.0881535,NONE,999.9,0,0
23.0094,11.2705,16.93,0.006317,4.4,-0.0354079,-0.155795,NONE,999.9,0,0
23.0121,11.2705,16.93,0.006317,4.4,-0.0354079,-0.155795,NONE,999.9,0,0
23.0161,11.2705,16.93,0.006317,4.4,-0.0354079,-0.155795,NONE,999.9,0,0
23.0207,11.3145,16.9299,0.00567461,4.4,-0.074283,-0.326845,NONE,999.9,0,0
23.024,11.3145,16.9299,0.00567461,4.4,-0.074283,-0.326845,NONE,999.9,0,0
23.0292,11.3585,16.9298,0.00484235,4.4,-0.107695,-0.473858,NONE,999.9,0,0
23.0318,11.3585,16.9298,0.00484235,4.4,-0.107695,-0.473858,NONE,999.9,0,0
23.036,11.3585,16.9298,0.00484235,4.4,-0.107695,-0.473858,NONE,999.9,0,0
23.04,11.4025,16.9296,0.00356688,4.4,-0.129324,-0.569024,NONE,999.9,0,0
23.0443,11.4025,16.9296,0.00356688,4.4,-0.129324,-0.569024,NONE,999.9,0,0
23.0488,11.4465,16.9295,0.00225432,4.4,-0.14928,-0.656832,NONE,999.9,0,0
23.0525,11.4465,16.9295,0.00225432,4.4,-0.14928,-0.656832,NONE,999.9,0,0
23.0564,11.4465,16.9295,0.00225432,4.4,-0.14928,-0.656832,NONE,999.9,0,0
23.0601,11.4905,16.9293,0.000617509,4.4,-0.160451,-0.705983,NONE,999.9,0,0
23.0639,11.4905,16.9293,0.000617509,4.4,-0.160451,-0.705983,NONE,999.9,0,0
23.069,11.5345,16.9291,-0.000964107,4.4,-0.172314,-0.758182,NONE,999.9,0,0
23.0719,11.5345,16.9291,-0.000964107,4.4,-0.172314,-0.758182,NONE,999.9,0,0
23.0763,11.5345,16.9291,-0.000964107,4.4,-0.172314,-0.758182,NONE,999.9,0,0
23.0802,11.5785,16.9289,-0.00279872,4.4,-0.177253,-0.779912,NONE,999.9,0,0
23.0844,11.5785,16.9289,-0.00279872,4.4,-0.177253,-0.779912,NONE,999.9,0,0
23.0893,11.6225,16.9287,-0.00452341,4.4,-0.184345,-0.811117,NONE,999.9,0,0
23.0919,11.6225,16.9287,-0.00452341,4.4,-0.184345,-0.811117,NONE,999.9,0,0
23.0962,11.6225,16.9287,-0.00452341,4.4,-0.184345,-0.811117,NONE,999.9,0,0
23.1,11.6665,16.9284,-0.00645934,4.4,-0.185655,-0.816882,NONE,999.9,0,0
23.104,11.6665,16.9284,-0.00645934,4.4,-0.185655,-0.816882,NONE,999.9,0,0
23.1095,11.7105,16.9281,-0.00825372,4.4,-0.190009,-0.836041,NONE,999.9,0,0
23.1123,11.7105,16.9281,-0.00825372,4.4,-0.190009,-0.836041,NONE,999.9,0,0
23.1161,11.7105,16.9281,-0.00825372,4.4,-0.190009,-0.836041,NONE,999.9,0,0
23.1201,11.7545,16.9278,-0.0102356,4.4,-0.189274,-0.832806,NONE,999.9,0,0
23.1245,11.7545,16.9278,-0.0102356,4.4,-0.189274,-0.832806,NONE,999.9,0,0
23.1286,11.7985,16.9274,-0.0117405,4.4,-0.0984156,-0.433029,NONE,999.9,0,0
23.1319,11.7985,16.9274,-0.0117405,4.4,-0.0984156,-0.433029,NONE,999.9,0,0
23.1359,11.7985,16.9274,-0.0117405,4.4,-0.0984156,-0.433029,NONE,999.9,0,0
23.1402,11.8425,16.9271,-0.0122897,4.4,-0.0312981,-0.137712,NONE,999.9,0,0
23.1445,11.8425,16.9271,-0.0122897,4.4,-0.0312981,-0.137712,NONE,999.9,0,0
23.1494,11.8865,16.9267,-0.0123965,4.4,0.0246024,0.10825,NONE,999.9,0,0
23.1523,11.8865,16.9267,-0.0123965,4.4,0.0246024,0.10825,NONE,999.9,0,0
23.1559,11.8865,16.9267,-0.0123965,4.4,0.0246024,0.10825,NONE,999.9,0,0
23.1603,11.9305,16.9264,-0.0118591,4.4,0.0641093,0.282081,NONE,999.9,0,0
23.164,11.9305,16.9264,-0.0118591,4.4,0.0641093,0.282081,NONE,999.9,0,0
23.169,11.9745,16.9261,-0.011125,4.4,0.0982539,0.432317,NONE,999.9,0,0
23.1719,11.9745,16.9261,-0.011125,4.4,0.0982539,0.432317,NONE,999.9,0,0
23.1766,11.9745,16.9261,-0.011125,4.4,0.0982539,0.432317,NONE,999.9,0,0
23.1803,12.0185,16.9258,-0.00994007,4.4,0.120663,0.530918,NONE,999.9,0,0
23.1841,12.0185,16.9258,-0.00994007,4.4,0.120663,0.530918,NONE,999.9,0,0
23.1886,12.0625,16.9256,-0.00871016,4.4,0.14141,0.622203,NONE,999.9,0,0
23.1919,12.0625,16.9256,-0.00871016,4.4,0.14141,0.622203,NONE,999.9,0,0
23.1958,12.0625,16.9256,-0.00871016,4.4,0.14141,0.622203,NONE,999.9,0,0
23.2002,12.1065,16.9253,-0.00714816,4.4,0.153354,0.674759,NONE,999.9,0,0
23.2038,12.1065,16.9253,-0.00714816,4.4,0.153354,0.674759,NONE,999.9,0,0
23.2095,12.1505,16.9251,-0.00563378,4.4,0.165957,0.730213,NONE,999.9,0,0
23.2124,12.1505,16.9251,-0.00563378,4.4,0.165957,0.730213,NONE,999.9,0,0
23.2161,12.1505,16.9251,-0.00563378,4.4,0.165957,0.730213,NONE,999.9,0,0
23.2205,12.1945,16.925,-0.00385922,4.4,0.171591,0.755,NONE,999.9,0,0
23.224,12.1945,16.925,-0.00385922,4.4,0.171591,0.755,NONE,999.9,0,0
23.2291,12.2385,16.9248,-0.00218788,4.4,0.179326,0.789035,NONE,999.9,0,0
23.2319,12.2385,16.9248,-0.00218788,4.4,0.179326,0.789035,NONE,999.9,0,0
23.2359,12.2385,16.9248,-0.00218788,4.4,0.179326,0.789035,NONE,999.9,0,0
23.2407,12.2825,16.9247,-0.000299151,4.4,0.181225,0.797391,NONE,999.9,0,0
23.2444,12.2825,16.9247,-0.000299151,4.4,0.181225,0.797391,NONE,999.9,0,0
23.2491,12.3265,16.9247,0.00113592,4.4,0.0924116,0.406611,NONE,999.9,0,0
23.252,12.3265,16.9247,0.00113592,4.4,0.0924116,0.406611,NONE,999.9,0,0
23.2559,12.3265,16.9247,0.00113592,4.4,0.0924116,0.406611,NONE,999.9,0,0
23.2602,12.3705,16.9246,0.00163339,4.4,0.0268742,0.118247,NONE,999.9,0,0
23.2643,12.3705,16.9246,0.00163339,4.4,0.0268742,0.118247,NONE,999.9,0,0
23.2688,12.4145,16.9245,0.0017023,4.4,-0.0278117,-0.122372,NONE,999.9,0,0
23.2721,12.4145,16.9245,0.0017023,4.4,-0.0278117,-0.122372,NONE,999.9,0,0
23.2768,12.4145,16.9245,0.0017023,4.4,-0.0278117,-0.122372,NONE,999.9,0,0
23.2802,12.4585,16.9243,0.00113767,4.4,-0.0663906,-0.292119,NONE,999.9,0,0
23.284,12.4585,16.9243,0.00113767,4.4,-0.0663906,-0.292119,NONE,999.9,0,0
23.2889,12.5025,16.9242,0.000702143,4.4,-0.00612874,-0.0269664,NONE,999.9,0,0
23.2919,12.5025,16.9242,0.000702143,4.4,-0.00612874,-0.0269664,NONE,999.9,0,0
23.2962,12.5025,16.9242,0.000702143,4.4,-0.00612874,-0.0269664,NONE,999.9,0,0
23.2999,12.5465,16.9242,0.000952078,4.4,0.0372752,0.164011,NONE,999.9,0,0
23.3047,12.5465,16.9242,0.000952078,4.4,0.0372752,0.164011,NONE,999.9,0,0
23.3097,12.5905,16.9241,0.00143552,4.4,0.0748835,0.329487,NONE,999.9,0,0
23.312,12.5905,16.9241,0.00143552,4.4,0.0748835,0.329487,NONE,999.9,0,0
23.316,12.5905,16.9241,0.00143552,4.4,0.0748835,0.329487,NONE,999.9,0,0
23.3202,12.6345,16.9242,0.0024024,4.4,0.100357,0.441571,NONE,999.9,0,0
23.3244,12.6345,16.9242,0.0024024,4.4,0.100357,0.441571,NONE,999.9,0,0
23.3287,12.6785,16.9243,0.00344305,4.4,0.123804,0.544738,NONE,999.9,0,0
23.3324,12.6785,16.9243,0.00344305,4.4,0.123804,0.544738,NONE,999.9,0,0
23.3365,12.6785,16.9243,0.00344305,4.4,0.123804,0.544738,NONE,999.9,0,0
23.3408,12.7225,16.9244,0.0048411,4.4,0.13812,0.607727,NONE,999.9,0,0
23.3446,12.7225,16.9244,0.0048411,4.4,0.13812,0.607727,NONE,999.9,0,0
23.3497,12.7665,16.9246,0.00621375,4.4,0.152798,0.672311,NONE,999.9,0,0
23.3522,12.7665,16.9246,0.00621375,4.4,0.152798,0.672311,NONE,999.9,0,0
23.3562,12.7665,16.9246,0.00621375,4.4,0.152798,0.672311,NONE,999.9,0,0
23.3602,12.8105,16.9248,0.00786597,4.4,0.160243,0.705068,NONE,999.9,0,0
23.3642,12.8105,16.9248,0.00786597,4.4,0.160243,0.705068,NONE,999.9,0,0
23.3692,12.8545,16.9251,0.0094319,4.4,0.169555,0.746041,NONE,999.9,0,0
23.3724,12.8545,16.9251,0.0094319,4.4,0.169555,0.746041,NONE,999.9,0,0
23.3763,12.8545,16.9251,0.0094319,4.4,0.169555,0.746041,NONE,999.9,0,0
23.3802,12.8985,16.9254,0.0112299,4.4,0.172823,0.760423,NONE,999.9,0,0
23.3842,12.8985,16.9254,0.0112299,4.4,0.172823,0.760423,NONE,999.9,0,0
23.3888,12.9425,16.9258,0.0129048,4.4,0.178899,0.787157,NONE,999.9,0,0
23.3918,12.9425,16.9258,0.0129048,4.4,0.178899,0.787157,NONE,999.9,0,0
23.3961,12.9425,16.9258,0.0129048,4.4,0.178899,0.787157,NONE,999.9,0,0
23.4005,12.9865,16.9263,0.0147832,4.4,0.179672,0.790558,NONE,999.9,0,0
23.4043,12.9865,16.9263,0.0147832,4.4,0.179672,0.790558,NONE,999.9,0,0
23.4087,13.0305,16.9268,0.0165166,4.4,0.183834,0.808869,NONE,999.9,0,0
23.4122,13.0305,16.9268,0.0165166,4.4,0.183834,0.808869,NONE,999.9,0,0
23.416,13.0305,16.9268,0.0165166,4.4,0.183834,0.808869,NONE,999.9,0,0
23.4202,13.0745,16.9274,0.0184367,4.4,0.183148,0.80585,NONE,999.9,0,0
23.4245,13.0745,16.9274,0.0184367,4.4,0.183148,0.80585,NONE,999.9,0,0
23.4292,13.1184,16.928,0.020199,4.4,0.186206,0.819305,NONE,999.9,0,0
23.4321,13.1184,16.928,0.020199,4.4,0.186206,0.819305,NONE,999.9,0,0
23.4386,13.1184,16.928,0.020199,4.4,0.186206,0.819305,NONE,999.9,0,0
23.4425,13.1624,16.9288,0.0221386,4.4,0.184692,0.812646,NONE,999.9,0,0
23.4448,13.1624,16.9288,0.0221386,4.4,0.184692,0.812646,NONE,999.9,0,0
23.4492,13.2064,16.9295,0.0239131,4.4,0.187137,0.823403,NONE,999.9,0,0
23.4519,13.2064,16.9295,0.0239131,4.4,0.187137,0.823403,NONE,999.9,0,0
23.456,13.2064,16.9295,0.0239131,4.4,0.187137,0.823403,NONE,999.9,0,0
23.4602,13.2504,16.9304,0.0258596,4.4,0.185175,0.814772,NONE,999.9,0,0
23.4642,13.2504,16.9304,0.0258596,4.4,0.185175,0.814772,NONE,999.9,0,0
23.469,13.2944,16.9313,0.0274784,4.4,0.140447,0.617967,NONE,999.9,0,0
23.4721,13.2944,16.9313,0.0274784,4.4,0.140447,0.617967,NONE,999.9,0,0
23.4764,13.2944,16.9313,0.0274784,4.4,0.140447,0.617967,NONE,999.9,0,0
23.4801,13.3384,16.9323,0.0285425,4.4,0.0587668,0.258574,NONE,999.9,0,0
23.4839,13.3384,16.9323,0.0285425,4.4,0.0587668,0.258574,NONE,999.9,0,0
23.4888,13.3824,16.9332,0.0287339,4.4,-0.000885425,-0.00389587,NONE,999.9,0,0
23.4919,13.3824,16.9332,0.0287339,4.4,-0.000885425,-0.00389587,NONE,999.9,0,0
23.4962,13.3824,16.9332,0.0287339,4.4,-0.000885425,-0.00389587,NONE,999.9,0,0
23.5007,13.4264,16.9341,0.0285503,4.4,-0.0507158,-0.22315,NONE,999.9,0,0
23.504,13.4264,16.9341,0.0285503,4.4,-0.0507158,-0.22315,NONE,999.9,0,0
23.5087,13.4704,16.935,0.0277773,4.4,-0.0852887,-0.375271,NONE,999.9,0,0
23.5121,13.4704,16.935,0.0277773,4.4,-0.0852887,-0.375271,NONE,999.9,0,0
23.5159,13.4704,16.935,0.0277773,4.4,-0.0852887,-0.375271,NONE,999.9,0,0
23.5199,13.5144,16.9359,0.0268521,4.4,-0.115424,-0.507867,NONE,999.9,0,0
23.5241,13.5144,16.9359,0.0268521,4.4,-0.115424,-0.507867,NONE,999.9,0,0
23.5296,13.5584,16.9368,0.0255123,4.4,-0.134577,-0.592138,NONE,999.9,0,0
23.5322,13.5584,16.9368,0.0255123,4.4,-0.134577,-0.592138,NONE,999.9,0,0
23.5361,13.5584,16.9368,0.0255123,4.4,-0.134577,-0.592138,NONE,999.9,0,0
23.5403,13.6023,16.9377,0.024157,4.4,-0.152679,-0.671789,NONE,999.9,0,0
23.5446,13.6023,16.9377,0.024157,4.4,-0.152679,-0.671789,NONE,999.9,0,0
23.5491,13.6463,16.9386,0.0224934,4.4,-0.162478,-0.714902,NONE,999.9,0,0
23.5521,13.6463,16.9386,0.0224934,4.4,-0.162478,-0.714902,NONE,999.9,0,0
23.5559,13.6463,16.9386,0.0224934,4.4,-0.162478,-0.714902,NONE,999.9,0,0
23.5605,13.6903,16.9394,0.0208968,4.4,-0.173339,-0.762694,NONE,999.9,0,0
23.5647,13.6903,16.9394,0.0208968,4.4,-0.173339,-0.762694,NONE,999.9,0,0
23.5687,13.7343,16.9402,0.0190557,4.4,-0.177561,-0.781267,NONE,999.9,0,0
23.5718,13.7343,16.9402,0.0190557,4.4,-0.177561,-0.781267,NONE,999.9,0,0
23.5763,13.7343,16.9402,0.0190557,4.4,-0.177561,-0.781267,NONE,999.9,0,0
23.58,13.7783,16.941,0.0173306,4.4,-0.184151,-0.810265,NONE,999.9,0,0
23.5842,13.7783,16.941,0.0173306,4.4,-0.184151,-0.810265,NONE,999.9,0,0
23.5888,13.8223,16.9418,0.0153984,4.4,-0.185123,-0.81454,NONE,999.9,0,0
23.5922,13.8223,16.9418,0.0153984,4.4,-0.185123,-0.81454,NONE,999.9,0,0
23.5964,13.8223,16.9418,0.0153984,4.4,-0.185123,-0.81454,NONE,999.9,0,0
23.6002,13.8663,16.9424,0.0136105,4.4,-0.18926,-0.832745,NONE,999.9,0,0
23.604,13.8663,16.9424,0.0136105,4.4,-0.18926,-0.832745,NONE,999.9,0,0
23.6093,13.9103,16.9431,0.0116369,4.4,-0.188398,-0.828952,NONE,999.9,0,0
23.6121,13.9103,16.9431,0.0116369,4.4,-0.188398,-0.828952,NONE,999.9,0,0
23.616,13.9103,16.9431,0.0116369,4.4,-0.188398,-0.828952,NONE,999.9,0,0
23.62,13.9543,16.9437,0.00982337,4.4,-0.191181,-0.841197,NONE,999.9,0,0
23.6246,13.9543,16.9437,0.00982337,4.4,-0.191181,-0.841197,NONE,999.9,0,0
23.6293,13.9983,16.9442,0.00783571,4.4,-0.189333,-0.833064,NONE,999.9,0,0
23.6321,13.9983,16.9442,0.00783571,4.4,-0.189333,-0.833064,NONE,999.9,0,0
23.6364,13.9983,16.9442,0.00783571,4.4,-0.189333,-0.833064,NONE,999.9,0,0
23.6401,14.0423,16.9446,0.00601659,4.4,-0.191411,-0.842208,NONE,999.9,0,0
23.6445,14.0423,16.9446,0.00601659,4.4,-0.191411,-0.842208,NONE,999.9,0,0
23.6492,14.0863,16.945,0.00402924,4.4,-0.189072,-0.831918,NONE,999.9,0,0
23.6519,14.0863,16.945,0.00402924,4.4,-0.189072,-0.831918,NONE,999.9,0,0
23.6562,14.0863,16.945,0.00402924,4.4,-0.189072,-0.831918,NONE,999.9,0,0
23.6602,14.1303,16.9454,0.0025322,4.4,-0.0971192,-0.427324,NONE,999.9,0,0
23.6641,14.1303,16.9454,0.0025322,4.4,-0.0971192,-0.427324,NONE,999.9,0,0
23.6687,14.1743,16.9458,0.00199975,4.4,-0.0292885,-0.128869,NONE,999.9,0,0
23.6718,14.1743,16.9458,0.00199975,4.4,-0.0292885,-0.128869,NONE,999.9,0,0
23.6762,14.1743,16.9458,0.00199975,4.4,-0.0292885,-0.128869,NONE,999.9,0,0
23.68,14.2183,16.9462,0.00191539,4.4,0.0270424,0.118986,NONE,999.9,0,0
23.6849,14.2183,16.9462,0.00191539,4.4,0.0270424,0.118986,NONE,999.9,0,0
23.6894,14.2623,16.9466,0.00247844,4.4,0.066773,0.293801,NONE,999.9,0,0
23.6921,14.2623,16.9466,0.00247844,4.4,0.066773,0.293801,NONE,999.9,0,0
23.6961,14.2623,16.9466,0.00247844,4.4,0.066773,0.293801,NONE,999.9,0,0
23.7,14.3063,16.947,0.00323968,4.4,0.100993,0.444368,NONE,999.9,0,0
23.7041,14.3063,16.947,0.00323968,4.4,0.100993,0.444368,NONE,999.9,0,0
23.7087,14.3503,16.9474,0.00445194,4.4,0.123373,0.542842,NONE,999.9,0,0
23.7123,14.3503,16.9474,0.00445194,4.4,0.123373,0.542842,NONE,999.9,0,0
23.716,14.3503,16.9474,0.00445194,4.4,0.123373,0.542842,NONE,999.9,0,0
23.7203,14.3943,16.9478,0.0057085,4.4,0.14402,0.633689,NONE,999.9,0,0
23.7244,14.3943,16.9478,0.0057085,4.4,0.14402,0.633689,NONE,999.9,0,0
23.7294,14.4383,16.9483,0.00729591,4.4,0.15582,0.685607,NONE,999.9,0,0
23.7319,14.4383,16.9483,0.00729591,4.4,0.15582,0.685607,NONE,999.9,0,0
23.7362,14.4383,16.9483,0.00729591,4.4,0.15582,0.685607,NONE,999.9,0,0
23.7401,14.4823,16.9487,0.00883411,4.4,0.168251,0.740304,NONE,999.9,0,0
23.7443,14.4823,16.9487,0.00883411,4.4,0.168251,0.740304,NONE,999.9,0,0
23.7492,14.5263,16.9492,0.0106307,4.4,0.173699,0.764275,NONE,999.9,0,0
23.7526,14.5263,16.9492,0.0106307,4.4,0.173699,0.764275,NONE,999.9,0,0
23.7565,14.5263,16.9492,0.0106307,4.4,0.173699,0.764275,NONE,999.9,0,0
23.7603,14.5703,16.9498,0.0123221,4.4,0.181245,0.797477,NONE,999.9,0,0
23.7642,14.5703,16.9498,0.0123221,4.4,0.181245,0.797477,NONE,999.9,0,0
23.769,14.6143,16.9503,0.0142291,4.4,0.182958,0.805013,NONE,999.9,0,0
23.7719,14.6143,16.9503,0.0142291,4.4,0.182958,0.805013,NONE,999.9,0,0
23.7765,14.6143,16.9503,0.0142291,4.4,0.182958,0.805013,NONE,999.9,0,0
23.7804,14.6583,16.951,0.0159983,4.4,0.187668,0.825738,NONE,999.9,0,0
23.7843,14.6583,16.951,0.0159983,4.4,0.187668,0.825738,NONE,999.9,0,0
23.7894,14.7023,16.9517,0.0179584,4.4,0.187245,0.823879,NONE,999.9,0,0
23.7919,14.7023,16.9517,0.0179584,4.4,0.187245,0.823879,NONE,999.9,0,0
23.7961,14.7023,16.9517,0.0179584,4.4,0.187245,0.823879,NONE,999.9,0,0
23.8005,14.7462,16.9524,0.0197621,4.4,0.190364,0.837601,NONE,999.9,0,0
23.804,14.7462,16.9524,0.0197621,4.4,0.190364,0.837601,NONE,999.9,0,0
23.8093,14.7902,16.9532,0.0217429,4.4,0.18877,0.830587,NONE,999.9,0,0
23.812,14.7902,16.9532,0.0217429,4.4,0.18877,0.830587,NONE,999.9,0,0
23.8164,14.7902,16.9532,0.0217429,4.4,0.18877,0.830587,NONE,999.9,0,0
23.8208,14.8342,16.954,0.0232397,4.4,0.0973368,0.428282,NONE,999.9,0,0
23.8242,14.8342,16.954,0.0232397,4.4,0.0973368,0.428282,NONE,999.9,0,0
23.8292,14.8782,16.9548,0.0237762,4.4,0.0298567,0.13137,NONE,999.9,0,0
23.832,14.8782,16.9548,0.0237762,4.4,0.0298567,0.13137,NONE,999.9,0,0
23.8359,14.8782,16.9548,0.0237762,4.4,0.0298567,0.13137,NONE,999.9,0,0
23.8403,14.9222,16.9556,0.0238675,4.4,-0.0262503,-0.115501,NONE,999.9,0,0
23.8443,14.9222,16.9556,0.0238675,4.4,-0.0262503,-0.115501,NONE,999.9,0,0
23.8494,14.9662,16.9563,0.023313,4.4,-0.0658505,-0.289742,NONE,999.9,0,0
23.8522,14.9662,16.9563,0.023313,4.4,-0.0658505,-0.289742,NONE,999.9,0,0
23.8562,14.9662,16.9563,0.023313,4.4,-0.0658505,-0.289742,NONE,999.9,0,0
23.8602,15.0102,16.9571,0.0225614,4.4,-0.100008,-0.440035,NONE,999.9,0,0
23.8644,15.0102,16.9571,0.0225614,4.4,-0.100008,-0.440035,NONE,999.9,0,0
23.8689,15.0542,16.9578,0.0213591,4.4,-0.122374,-0.538447,NONE,999.9,0,0
23.8719,15.0542,16.9578,0.0213591,4.4,-0.122374,-0.538447,NONE,999.9,0,0
23.8764,15.0542,16.9578,0.0213591,4.4,-0.122374,-0.538447,NONE,999.9,0,0
23.8803,15.0982,16.9586,0.0201124,4.4,-0.143041,-0.629382,NONE,999.9,0,0
23.8847,15.0982,16.9586,0.0201124,4.4,-0.143041,-0.629382,NONE,999.9,0,0
23.8887,15.1422,16.9593,0.0185346,4.4,-0.154883,-0.681487,NONE,999.9,0,0
23.8919,15.1422,16.9593,0.0185346,4.4,-0.154883,-0.681487,NONE,999.9,0,0
23.8961,15.1422,16.9593,0.0185346,4.4,-0.154883,-0.681487,NONE,999.9,0,0
23.9,15.1862,16.96,0.0173232,4.4,-0.0736685,-0.324141,NONE,999.9,0,0
23.9049,15.1862,16.96,0.0173232,4.4,-0.0736685,-0.324141,NONE,999.9,0,0
23.9091,15.2302,16.9608,0.016983,4.4,-0.0138976,-0.0611496,NONE,999.9,0,0
23.9124,15.2302,16.9608,0.016983,4.4,-0.0138976,-0.0611496,NONE,999.9,0,0
23.9164,15.2302,16.9608,0.016983,4.4,-0.0138976,-0.0611496,NONE,999.9,0,0
23.921,15.2742,16.9615,0.0170211,4.4,0.0364488,0.160375,NONE,999.9,0,0
23.9241,15.2742,16.9615,0.0170211,4.4,0.0364488,0.160375,NONE,999.9,0,0
23.9291,15.3182,16.9624,0.0176551,4.4,0.0717954,0.3159,NONE,999.9,0,0
23.9324,15.3182,16.9624,0.0176551,4.4,0.0717954,0.3159,NONE,999.9,0,0
23.9361,15.3182,16.9624,0.0176551,4.4,0.0717954,0.3159,NONE,999.9,0,0
23.9401,15.3622,16.9632,0.0184499,4.4,0.102859,0.452578,NONE,999.9,0,0
23.9445,15.3622,16.9632,0.0184499,4.4,0.102859,0.452578,NONE,999.9,0,0
23.9488,15.4061,16.9641,0.019669,4.4,0.123017,0.541276,NONE,999.9,0,0
23.9521,15.4061,16.9641,0.019669,4.4,0.123017,0.541276,NONE,999.9,0,0
23.9559,15.4061,16.9641,0.019669,4.4,0.123017,0.541276,NONE,999.9,0,0
23.96,15.4501,16.9651,0.020914,4.4,0.14215,0.625461,NONE,999.9,0,0
23.9643,15.4501,16.9651,0.020914,4.4,0.14215,0.625461,NONE,999.9,0,0
23.9686,15.4941,16.9661,0.0224774,4.4,0.152965,0.673048,NONE,999.9,0,0
23.9718,15.4941,16.9661,0.0224774,4.4,0.152965,0.673048,NONE,999.9,0,0
23.9766,15.4941,16.9661,0.0224774,4.4,0.152965,0.673048,NONE,999.9,0,0
23.9803,15.5381,16.9671,0.0239838,4.4,0.164805,0.725141,NONE,999.9,0,0
23.9841,15.5381,16.9671,0.0239838,4.4,0.164805,0.725141,NONE,999.9,0,0
23.9886,15.5821,16.9681,0.0257442,4.4,0.169948,0.747771,NONE,999.9,0,0
23.992,15.5821,16.9681,0.0257442,4.4,0.169948,0.747771,NONE,999.9,0,0
23.996,15.5821,16.9681,0.0257442,4.4,0.169948,0.747771,NONE,999.9,0,0
23.9999,15.6261,16.9692,0.0273975,4.4,0.177395,0.780537,NONE,999.9,0,0
24.0048,15.6261,16.9692,0.0273975,4.4,0.177395,0.780537,NONE,999.9,0,0
24.0094,15.6701,16.9704,0.0292661,4.4,0.179153,0.788273,NONE,999.9,0,0
24.0123,15.6701,16.9704,0.0292661,4.4,0.179153,0.788273,NONE,999.9,0,0
24.0161,15.6701,16.9704,0.0292661,4.4,0.179153,0.788273,NONE,999.9,0,0
24.0203,15.7141,16.9716,0.0308391,4.4,0.137155,0.603481,NONE,999.9,0,0
24.0238,15.7141,16.9716,0.0308391,4.4,0.137155,0.603481,NONE,999.9,0,0
24.0286,15.758,16.9728,0.0318806,4.4,0.0574451,0.252758,NONE,999.9,0,0
24.0318,15.758,16.9728,0.0318806,4.4,0.0574451,0.252758,NONE,999.9,0,0
24.0359,15.758,16.9728,0.0318806,4.4,0.0574451,0.252758,NONE,999.9,0,0
24.0405,15.802,16.974,0.0320662,4.4,-0.000815671,-0.00358895,NONE,999.9,0,0
24.0442,15.802,16.974,0.0320662,4.4,-0.000815671,-0.00358895,NONE,999.9,0,0
24.0489,15.846,16.9751,0.0318884,4.4,-0.0496931,-0.21865,NONE,999.9,0,0
24.0519,15.846,16.9751,0.0318884,4.4,-0.0496931,-0.21865,NONE,999.9,0,0
24.0559,15.846,16.9751,0.0318884,4.4,-0.0496931,-0.21865,NONE,999.9,0,0
24.0603,15.89,16.9763,0.0311289,4.4,-0.083642,-0.368025,NONE,999.9,0,0
24.0639,15.89,16.9763,0.0311289,4.4,-0.083642,-0.368025,NONE,999.9,0,0
24.0689,15.934,16.9774,0.0302223,4.4,-0.113398,-0.498949,NONE,999.9,0,0
24.0723,15.934,16.9774,0.0302223,4.4,-0.113398,-0.498949,NONE,999.9,0,0
24.0764,15.934,16.9774,0.0302223,4.4,-0.113398,-0.498949,NONE,999.9,0,0
24.0801,15.978,16.9785,0.0289039,4.4,-0.132349,-0.582336,NONE,999.9,0,0
24.0839,15.978,16.9785,0.0289039,4.4,-0.132349,-0.582336,NONE,999.9,0,0
24.0888,16.0219,16.9797,0.0275713,4.4,-0.150379,-0.661667,NONE,999.9,0,0
24.0921,16.0219,16.9797,0.0275713,4.4,-0.150379,-0.661667,NONE,999.9,0,0
24.0959,16.0219,16.9797,0.0275713,4.4,-0.150379,-0.661667,NONE,999.9,0,0
24.1002,16.0659,16.9807,0.0259307,4.4,-0.160195,-0.704858,NONE,999.9,0,0
24.1042,16.0659,16.9807,0.0259307,4.4,-0.160195,-0.704858,NONE,999.9,0,0
24.1097,16.1099,16.9818,0.0243565,4.4,-0.171136,-0.752999,NONE,999.9,0,0
24.1122,16.1099,16.9818,0.0243565,4.4,-0.171136,-0.752999,NONE,999.9,0,0
24.1159,16.1099,16.9818,0.0243565,4.4,-0.171136,-0.752999,NONE,999.9,0,0
24.1202,16.1539,16.9828,0.0225369,4.4,-0.175477,-0.772097,NONE,999.9,0,0
24.1238,16.1539,16.9828,0.0225369,4.4,-0.175477,-0.772097,NONE,999.9,0,0
24.129,16.1979,16.9838,0.0211497,4.4,-0.0885076,-0.389433,NONE,999.9,0,0
24.132,16.1979,16.9838,0.0211497,4.4,-0.0885076,-0.389433,NONE,999.9,0,0
24.1365,16.1979,16.9838,0.0211497,4.4,-0.0885076,-0.389433,NONE,999.9,0,0
24.1405,16.2419,16.9848,0.020684,4.4,-0.024351,-0.107144,NONE,999.9,0,0
24.1444,16.2419,16.9848,0.020684,4.4,-0.024351,-0.107144,NONE,999.9,0,0
24.1487,16.2859,16.9858,0.020635,4.4,0.029313,0.128977,NONE,999.9,0,0
24.1519,16.2859,16.9858,0.020635,4.4,0.029313,0.128977,NONE,999.9,0,0
24.1559,16.2859,16.9858,0.020635,4.4,0.029313,0.128977,NONE,999.9,0,0
24.16,16.3299,16.9869,0.0212107,4.4,0.0671464,0.295444,NONE,999.9,0,0
24.164,16.3299,16.9869,0.0212107,4.4,0.0671464,0.295444,NONE,999.9,0,0
24.169,16.3738,16.988,0.0219687,4.4,0.100053,0.440234,NONE,999.9,0,0
24.1726,16.3738,16.988,0.0219687,4.4,0.100053,0.440234,NONE,999.9,0,0
24.1764,16.3738,16.988,0.0219687,4.4,0.100053,0.440234,NONE,999.9,0,0
24.1801,16.4178,16.9891,0.0231668,4.4,0.12156,0.534863,NONE,999.9,0,0
24.184,16.4178,16.9891,0.0231668,4.4,0.12156,0.534863,NONE,999.9,0,0
24.1886,16.4618,16.9903,0.0240846,4.4,0.0479581,0.211015,NONE,999.9,0,0
24.1921,16.4618,16.9903,0.0240846,4.4,0.0479581,0.211015,NONE,999.9,0,0
24.1959,16.4618,16.9903,0.0240846,4.4,0.0479581,0.211015,NONE,999.9,0,0
24.2003,16.5058,16.9913,0.0241988,4.4,-0.00583155,-0.0256588,NONE,999.9,0,0
24.2067,16.5058,16.9913,0.0241988,4.4,-0.00583155,-0.0256588,NONE,999.9,0,0
24.2116,16.5498,16.9924,0.0239878,4.4,-0.0514927,-0.226568,NONE,999.9,0,0
24.2134,16.5498,16.9924,0.0239878,4.4,-0.0514927,-0.226568,NONE,999.9,0,0
24.2159,16.5498,16.9924,0.0239878,4.4,-0.0514927,-0.226568,NONE,999.9,0,0
24.2248,16.5938,16.9933,0.0232224,4.4,-0.0831811,-0.365997,NONE,999.9,0,0
24.2267,16.5938,16.9933,0.0232224,4.4,-0.0831811,-0.365997,NONE,999.9,0,0
24.2301,16.6378,16.9943,0.0223286,4.4,-0.111399,-0.490154,NONE,999.9,0,0
24.2324,16.6378,16.9943,0.0223286,4.4,-0.111399,-0.490154,NONE,999.9,0,0
24.2366,16.6378,16.9943,0.0223286,4.4,-0.111399,-0.490154,NONE,999.9,0,0
24.2413,16.6818,16.9952,0.0210356,4.4,-0.129353,-0.569155,NONE,999.9,0,0
24.2442,16.6818,16.9952,0.0210356,4.4,-0.129353,-0.569155,NONE,999.9,0,0
24.2487,16.7258,16.9961,0.0197361,4.4,-0.146787,-0.645863,NONE,999.9,0,0
24.2522,16.7258,16.9961,0.0197361,4.4,-0.146787,-0.645863,NONE,999.9,0,0
24.256,16.7258,16.9961,0.0197361,4.4,-0.146787,-0.645863,NONE,999.9,0,0
24.2602,16.7697,16.9969,0.0181332,4.4,-0.1563,-0.687719,NONE,999.9,0,0
24.2644,16.7697,16.9969,0.0181332,4.4,-0.1563,-0.687719,NONE,999.9,0,0
24.2693,16.8137,16.9977,0.0165986,4.4,-0.167147,-0.735447,NONE,999.9,0,0
24.2719,16.8137,16.9977,0.0165986,4.4,-0.167147,-0.735447,NONE,999.9,0,0
24.2762,16.8137,16.9977,0.0165986,4.4,-0.167147,-0.735447,NONE,999.9,0,0
24.2801,16.8577,16.9985,0.0148187,4.4,-0.17154,-0.754778,NONE,999.9,0,0
24.2847,16.8577,16.9985,0.0148187,4.4,-0.17154,-0.754778,NONE,999.9,0,0
24.2886,16.9017,16.9992,0.0131524,4.4,-0.178426,-0.785074,NONE,999.9,0,0
24.2918,16.9017,16.9992,0.0131524,4.4,-0.178426,-0.785074,NONE,999.9,0,0
24.2963,16.9017,16.9992,0.0131524,4.4,-0.178426,-0.785074,NONE,999.9,0,0
24.3001,16.9457,16.9998,0.0112757,4.4,-0.179768,-0.790981,NONE,999.9,0,0
24.3042,16.9457,16.9998,0.0112757,4.4,-0.179768,-0.790981,NONE,999.9,0,0
24.3091,16.9897,17.0004,0.00953933,4.4,-0.184318,-0.810999,NONE,999.9,0,0
24.3123,16.9897,17.0004,0.00953933,4.4,-0.184318,-0.810999,NONE,999.9,0,0
24.3159,16.9897,17.0004,0.00953933,4.4,-0.184318,-0.810999,NONE,999.9,0,0
24.32,17.0337,17.0009,0.00761297,4.4,-0.183884,-0.80909,NONE,999.9,0,0
24.3238,17.0337,17.0009,0.00761297,4.4,-0.183884,-0.80909,NONE,999.9,0,0
24.3291,17.0777,17.0014,0.00584246,4.4,-0.187093,-0.823211,NONE,999.9,0,0
24.332,17.0777,17.0014,0.00584246,4.4,-0.187093,-0.823211,NONE,999.9,0,0
24.336,17.0777,17.0014,0.00584246,4.4,-0.187093,-0.823211,NONE,999.9,0,0
24.3402,17.1217,17.0018,0.00389361,4.4,-0.185658,-0.816895,NONE,999.9,0,0
24.345,17.1217,17.0018,0.00389361,4.4,-0.185658,-0.816895,NONE,999.9,0,0
24.3492,17.1657,17.0021,0.00210925,4.4,-0.188128,-0.827762,NONE,999.9,0,0
24.3521,17.1657,17.0021,0.00210925,4.4,-0.188128,-0.827762,NONE,999.9,0,0
24.3564,17.1657,17.0021,0.00210925,4.4,-0.188128,-0.827762,NONE,999.9,0,0
24.3609,17.2097,17.0024,0.000152888,4.4,-0.186154,-0.819078,NONE,999.9,0,0
24.3647,17.2097,17.0024,0.000152888,4.4,-0.186154,-0.819078,NONE,999.9,0,0
24.3691,17.2537,17.0026,-0.0016344,4.4,-0.18824,-0.828256,NONE,999.9,0,0
24.372,17.2537,17.0026,-0.0016344,4.4,-0.18824,-0.828256,NONE,999.9,0,0
24.3766,17.2537,17.0026,-0.0016344,4.4,-0.18824,-0.828256,NONE,999.9,0,0
24.381,17.2977,17.0027,-0.00359047,4.4,-0.186,-0.818399,NONE,999.9,0,0
24.3839,17.2977,17.0027,-0.00359047,4.4,-0.186,-0.818399,NONE,999.9,0,0
24.3889,17.3417,17.0028,-0.00537525,4.4,-0.187907,-0.826791,NONE,999.9,0,0
24.392,17.3417,17.0028,-0.00537525,4.4,-0.187907,-0.826791,NONE,999.9,0,0
24.3962,17.3417,17.0028,-0.00537525,4.4,-0.187907,-0.826791,NONE,999.9,0,0
24.4001,17.3857,17.0028,-0.00732738,4.4,-0.185554,-0.816438,NONE,999.9,0,0
24.4039,17.3857,17.0028,-0.00732738,4.4,-0.185554,-0.816438,NONE,999.9,0,0
24.409,17.4297,17.0027,-0.00910735,4.4,-0.187397,-0.824547,NONE,999.9,0,0
24.4121,17.4297,17.0027,-0.00910735,4.4,-0.187397,-0.824547,NONE,999.9,0,0
24.416,17.4297,17.0027,-0.00910735,4.4,-0.187397,-0.824547,NONE,999.9,0,0
24.4211,17.4737,17.0025,-0.0110542,4.4,-0.185015,-0.814065,NONE,999.9,0,0
24.4242,17.4737,17.0025,-0.0110542,4.4,-0.185015,-0.814065,NONE,999.9,0,0
24.4291,17.5177,17.0023,-0.0128288,4.4,-0.186854,-0.822157,NONE,999.9,0,0
24.432,17.5177,17.0023,-0.0128288,4.4,-0.186854,-0.822157,NONE,999.9,0,0
24.4361,17.5177,17.0023,-0.0128288,4.4,-0.186854,-0.822157,NONE,999.9,0,0
24.4401,17.5617,17.0019,-0.0147702,4.4,-0.184485,-0.811733,NONE,999.9,0,0
24.4444,17.5617,17.0019,-0.0147702,4.4,-0.184485,-0.811733,NONE,999.9,0,0
24.4485,17.6057,17.0015,-0.0165396,4.4,-0.186348,-0.819932,NONE,999.9,0,0
24.452,17.6057,17.0015,-0.0165396,4.4,-0.186348,-0.819932,NONE,999.9,0,0
24.4563,17.6057,17.0015,-0.0165396,4.4,-0.186348,-0.819932,NONE,999.9,0,0
24.4604,17.6497,17.0011,-0.0184762,4.4,-0.184011,-0.809648,NONE,999.9,0,0
24.4641,17.6497,17.0011,-0.0184762,4.4,-0.184011,-0.809648,NONE,999.9,0,0
24.4685,17.6937,17.0005,-0.020241,4.4,-0.18591,-0.818004,NONE,999.9,0,0
24.4719,17.6937,17.0005,-0.020241,4.4,-0.18591,-0.818004,NONE,999.9,0,0
24.4764,17.6937,17.0005,-0.020241,4.4,-0.18591,-0.818004,NONE,999.9,0,0
24.4801,17.7377,16.9999,-0.0221733,4.4,-0.18361,-0.807885,NONE,999.9,0,0
24.4839,17.7377,16.9999,-0.0221733,4.4,-0.18361,-0.807885,NONE,999.9,0,0
24.4888,17.7817,16.9992,-0.0239343,4.4,-0.185547,-0.816406,NONE,999.9,0,0
24.4923,17.7817,16.9992,-0.0239343,4.4,-0.185547,-0.816406,NONE,999.9,0,0
24.496,17.7817,16.9992,-0.0239343,4.4,-0.185547,-0.816406,NONE,999.9,0,0
24.5001,17.8257,16.9984,-0.0258632,4.4,-0.183283,-0.806446,NONE,999.9,0,0
24.504,17.8257,16.9984,-0.0258632,4.4,-0.183283,-0.806446,NONE,999.9,0,0
24.5087,17.8697,16.9975,-0.0276211,4.4,-0.185255,-0.81512,NONE,999.9,0,0
24.5122,17.8697,16.9975,-0.0276211,4.4,-0.185255,-0.81512,NONE,999.9,0,0
24.5159,17.8697,16.9975,-0.0276211,4.4,-0.185255,-0.81512,NONE,999.9,0,0
24.5202,17.9137,16.9966,-0.0295473,4.4,-0.183023,-0.805302,NONE,999.9,0,0
24.5245,17.9137,16.9966,-0.0295473,4.4,-0.183023,-0.805302,NONE,999.9,0,0
24.5287,17.9576,16.9955,-0.0313027,4.4,-0.185024,-0.814107,NONE,999.9,0,0
24.5319,17.9576,16.9955,-0.0313027,4.4,-0.185024,-0.814107,NONE,999.9,0,0
24.536,17.9576,16.9955,-0.0313027,4.4,-0.185024,-0.814107,NONE,999.9,0,0
24.5407,18.0016,16.9944,-0.0332267,4.4,-0.18282,-0.80441,NONE,999.9,0,0
24.5442,18.0016,16.9944,-0.0332267,4.4,-0.18282,-0.80441,NONE,999.9,0,0
24.5548,18.0456,16.9932,-0.0349803,4.4,-0.184846,-0.813323,NONE,999.9,0,0
24.5569,18.0456,16.9932,-0.0349803,4.4,-0.184846,-0.813323,NONE,999.9,0,0
24.5602,18.0896,16.992,-0.0369026,4.4,-0.182664,-0.803723,NONE,999.9,0,0
24.564,18.0896,16.992,-0.0369026,4.4,-0.182664,-0.803723,NONE,999.9,0,0
24.569,18.1336,16.9906,-0.0386547,4.4,-0.18471,-0.812724,NONE,999.9,0,0
24.5719,18.1336,16.9906,-0.0386547,4.4,-0.18471,-0.812724,NONE,999.9,0,0
24.5762,18.1336,16.9906,-0.0386547,4.4,-0.18471,-0.812724,NONE,999.9,0,0
24.5801,18.1776,16.9892,-0.0405757,4.4,-0.182546,-0.803201,NONE,999.9,0,0
24.5847,18.1776,16.9892,-0.0405757,4.4,-0.182546,-0.803201,NONE,999.9,0,0
24.5896,18.2215,16.9877,-0.0423267,4.4,-0.184607,-0.81227,NONE,999.9,0,0
24.592,18.2215,16.9877,-0.0423267,4.4,-0.184607,-0.81227,NONE,999.9,0,0
24.596,18.2215,16.9877,-0.0423267,4.4,-0.184607,-0.81227,NONE,999.9,0,0
24.6004,18.2655,16.9861,-0.0442468,4.4,-0.182456,-0.802808,NONE,999.9,0,0
24.604,18.2655,16.9861,-0.0442468,4.4,-0.182456,-0.802808,NONE,999.9,0,0
24.6095,18.3095,16.9844,-0.0459969,4.4,-0.184529,-0.81193,NONE,999.9,0,0
24.6124,18.3095,16.9844,-0.0459969,4.4,-0.184529,-0.81193,NONE,999.9,0,0
24.6163,18.3095,16.9844,-0.0459969,4.4,-0.184529,-0.81193,NONE,999.9,0,0
24.6202,18.3534,16.9827,-0.0479163,4.4,-0.182389,-0.802514,NONE,999.9,0,0
24.6245,18.3534,16.9827,-0.0479163,4.4,-0.182389,-0.802514,NONE,999.9,0,0
24.6287,18.3974,16.9808,-0.0496658,4.4,-0.184472,-0.811676,NONE,999.9,0,0
24.6318,18.3974,16.9808,-0.0496658,4.4,-0.184472,-0.811676,NONE,999.9,0,0
24.6358,18.3974,16.9808,-0.0496658,4.4,-0.184472,-0.811676,NONE,999.9,0,0
24.6402,18.4414,16.9789,-0.0515847,4.4,-0.18234,-0.802296,NONE,999.9,0,0
24.6444,18.4414,16.9789,-0.0515847,4.4,-0.18234,-0.802296,NONE,999.9,0,0
24.6493,18.4853,16.9769,-0.0533337,4.4,-0.184429,-0.811489,NONE,999.9,0,0
24.6525,18.4853,16.9769,-0.0533337,4.4,-0.184429,-0.811489,NONE,999.9,0,0
24.656,18.4853,16.9769,-0.0533337,4.4,-0.184429,-0.811489,NONE,999.9,0,0
24.66,18.5293,16.9749,-0.0552522,4.4,-0.182303,-0.802134,NONE,999.9,0,0
24.6639,18.5293,16.9749,-0.0552522,4.4,-0.182303,-0.802134,NONE,999.9,0,0
24.6692,18.5732,16.9727,-0.0570009,4.4,-0.184398,-0.81135,NONE,999.9,0,0
24.6719,18.5732,16.9727,-0.0570009,4.4,-0.184398,-0.81135,NONE,999.9,0,0
24.6766,18.5732,16.9727,-0.0570009,4.4,-0.184398,-0.81135,NONE,999.9,0,0
24.6812,18.6172,16.9705,-0.0589191,4.4,-0.182276,-0.802016,NONE,999.9,0,0
24.6846,18.6172,16.9705,-0.0589191,4.4,-0.182276,-0.802016,NONE,999.9,0,0
24.689,18.6611,16.9682,-0.0606675,4.4,-0.184375,-0.811249,NONE,999.9,0,0
24.6919,18.6611,16.9682,-0.0606675,4.4,-0.184375,-0.811249,NONE,999.9,0,0
24.696,18.6611,16.9682,-0.0606675,4.4,-0.184375,-0.811249,NONE,999.9,0,0
24.7002,18.705,16.9658,-0.0625855,4.4,-0.182257,-0.801929,NONE,999.9,0,0
24.7041,18.705,16.9658,-0.0625855,4.4,-0.182257,-0.801929,NONE,999.9,0,0
24.7097,18.749,16.9633,-0.0643337,4.4,-0.184358,-0.811175,NONE,999.9,0,0
24.7125,18.749,16.9633,-0.0643337,4.4,-0.184358,-0.811175,NONE,999.9,0,0
24.7162,18.749,16.9633,-0.0643337,4.4,-0.184358,-0.811175,NONE,999.9,0,0
24.7201,18.7929,16.9607,-0.0662515,4.4,-0.182242,-0.801866,NONE,999.9,0,0
24.724,18.7929,16.9607,-0.0662515,4.4,-0.182242,-0.801866,NONE,999.9,0,0
24.7287,18.8368,16.9581,-0.0679997,4.4,-0.184346,-0.811121,NONE,999.9,0,0
24.7318,18.8368,16.9581,-0.0679997,4.4,-0.184346,-0.811121,NONE,999.9,0,0
24.7359,18.8368,16.9581,-0.0679997,4.4,-0.184346,-0.811121,NONE,999.9,0,0
24.7402,18.8807,16.9554,-0.0699174,4.4,-0.182232,-0.80182,NONE,999.9,0,0
24.7453,18.8807,16.9554,-0.0699174,4.4,-0.182232,-0.80182,NONE,999.9,0,0
24.7493,18.9246,16.9526,-0.0716654,4.4,-0.184337,-0.811082,NONE,999.9,0,0
24.7522,18.9246,16.9526,-0.0716654,4.4,-0.184337,-0.811082,NONE,999.9,0,0
24.7569,18.9246,16.9526,-0.0716654,4.4,-0.184337,-0.811082,NONE,999.9,0,0
24.7604,18.9685,16.9497,-0.073583,4.4,-0.182224,-0.801787,NONE,999.9,0,0
24.7642,18.9685,16.9497,-0.073583,4.4,-0.182224,-0.801787,NONE,999.9,0,0
24.769,19.0124,16.9468,-0.075331,4.4,-0.18433,-0.811054,NONE,999.9,0,0
24.7723,19.0124,16.9468,-0.075331,4.4,-0.18433,-0.811054,NONE,999.9,0,0
24.7765,19.0124,16.9468,-0.075331,4.4,-0.18433,-0.811054,NONE,999.9,0,0
24.7806,19.0563,16.9437,-0.0772485,4.4,-0.182219,-0.801763,NONE,999.9,0,0
24.7842,19.0563,16.9437,-0.0772485,4.4,-0.182219,-0.801763,NONE,999.9,0,0
24.7888,19.1002,16.9406,-0.0789965,4.4,-0.184326,-0.811034,NONE,999.9,0,0
24.7918,19.1002,16.9406,-0.0789965,4.4,-0.184326,-0.811034,NONE,999.9,0,0
24.7959,19.1002,16.9406,-0.0789965,4.4,-0.184326,-0.811034,NONE,999.9,0,0
24.7999,19.1441,16.9374,-0.080914,4.4,-0.182215,-0.801746,NONE,999.9,0,0
24.8042,19.1441,16.9374,-0.080914,4.4,-0.182215,-0.801746,NONE,999.9,0,0
24.809,19.188,16.9341,-0.0826619,4.4,-0.184322,-0.811019,NONE,999.9,0,0
24.8121,19.188,16.9341,-0.0826619,4.4,-0.184322,-0.811019,NONE,999.9,0,0
24.816,19.188,16.9341,-0.0826619,4.4,-0.184322,-0.811019,NONE,999.9,0,0
24.82,19.2319,16.9308,-0.0845793,4.4,-0.182212,-0.801734,NONE,999.9,0,0
24.8241,19.2319,16.9308,-0.0845793,4.4,-0.182212,-0.801734,NONE,999.9,0,0
24.8287,19.2757,16.9273,-0.0863272,4.4,-0.18432,-0.811008,NONE,999.9,0,0
24.8319,19.2757,16.9273,-0.0863272,4.4,-0.18432,-0.811008,NONE,999.9,0,0
24.837,19.2757,16.9273,-0.0863272,4.4,-0.18432,-0.811008,NONE,999.9,0,0
24.8403,19.3196,16.9238,-0.0882446,4.4,-0.18221,-0.801725,NONE,999.9,0,0
24.8442,19.3196,16.9238,-0.0882446,4.4,-0.18221,-0.801725,NONE,999.9,0,0
24.8488,19.3634,16.9202,-0.0899925,4.4,-0.184318,-0.811001,NONE,999.9,0,0
24.8519,19.3634,16.9202,-0.0899925,4.4,-0.184318,-0.811001,NONE,999.9,0,0
24.8562,19.3634,16.9202,-0.0899925,4.4,-0.184318,-0.811001,NONE,999.9,0,0
24.8599,19.4073,16.9165,-0.0919099,4.4,-0.182209,-0.801718,NONE,999.9,0,0
24.8638,19.4073,16.9165,-0.0919099,4.4,-0.182209,-0.801718,NONE,999.9,0,0
24.8688,19.4511,16.9128,-0.0936577,4.4,-0.184317,-0.810995,NONE,999.9,0,0
24.8725,19.4511,16.9128,-0.0936577,4.4,-0.184317,-0.810995,NONE,999.9,0,0
24.8768,19.4511,16.9128,-0.0936577,4.4,-0.184317,-0.810995,NONE,999.9,0,0
24.8809,19.4949,16.9089,-0.0955752,4.4,-0.182208,-0.801714,NONE,999.9,0,0
24.8839,19.4949,16.9089,-0.0955752,4.4,-0.182208,-0.801714,NONE,999.9,0,0
24.889,19.5388,16.905,-0.097323,4.4,-0.184316,-0.810992,NONE,999.9,0,0
24.8923,19.5388,16.905,-0.097323,4.4,-0.184316,-0.810992,NONE,999.9,0,0
24.896,19.5388,16.905,-0.097323,4.4,-0.184316,-0.810992,NONE,999.9,0,0
24.9001,19.5826,16.901,-0.0992404,4.4,-0.182207,-0.80171,NONE,999.9,0,0
24.9042,19.5826,16.901,-0.0992404,4.4,-0.182207,-0.80171,NONE,999.9,0,0
24.9097,19.6264,16.8969,-0.100988,4.4,-0.184316,-0.810989,NONE,999.9,0,0
24.9123,19.6264,16.8969,-0.100988,4.4,-0.184316,-0.810989,NONE,999.9,0,0
24.9159,19.6264,16.8969,-0.100988,4.4,-0.184316,-0.810989,NONE,999.9,0,0
24.9202,19.6702,16.8928,-0.102906,4.4,-0.182206,-0.801708,NONE,999.9,0,0
24.9242,19.6702,16.8928,-0.102906,4.4,-0.182206,-0.801708,NONE,999.9,0,0
24.9296,19.714,16.8885,-0.104653,4.4,-0.184315,-0.810987,NONE,999.9,0,0
24.9332,19.714,16.8885,-0.104653,4.4,-0.184315,-0.810987,NONE,999.9,0,0
24.9361,19.714,16.8885,-0.104653,4.4,-0.184315,-0.810987,NONE,999.9,0,0
24.9404,19.7578,16.8842,-0.106571,4.4,-0.182206,-0.801706,NONE,999.9,0,0
24.9444,19.7578,16.8842,-0.106571,4.4,-0.182206,-0.801706,NONE,999.9,0,0
24.9492,19.8016,16.8798,-0.108319,4.4,-0.184315,-0.810985,NONE,999.9,0,0
24.952,19.8016,16.8798,-0.108319,4.4,-0.184315,-0.810985,NONE,999.9,0,0
24.9563,19.8016,16.8798,-0.108319,4.4,-0.184315,-0.810985,NONE,999.9,0,0
24.96,19.8453,16.8753,-0.110554,4.4,-0.275908,-1.214,NONE,999.9,0,0
24.9642,19.8453,16.8753,-0.110554,4.4,-0.275908,-1.214,NONE,999.9,0,0
24.9693,19.8891,16.8706,-0.113749,4.4,-0.343301,-1.51052,NONE,999.9,0,0
24.9723,19.8891,16.8706,-0.113749,4.4,-0.343301,-1.51052,NONE,999.9,0,0
24.9764,19.8891,16.8706,-0.113749,4.4,-0.343301,-1.51052,NONE,999.9,0,0
24.9804,19.9328,16.8658,-0.117389,4.4,-0.399152,-1.75627,NONE,999.9,0,0
24.984,19.9328,16.8658,-0.117389,4.4,-0.399152,-1.75627,NONE,999.9,0,0
24.9892,19.9765,16.8608,-0.12167,4.4,-0.43839,-1.92891,NONE,999.9,0,0
24.9919,19.9765,16.8608,-0.12167,4.4,-0.43839,-1.92891,NONE,999.9,0,0
24.996,19.9765,16.8608,-0.12167,4.4,-0.43839,-1.92891,NONE,999.9,0,0
25.0002,20.0202,16.8557,-0.126145,4.4,-0.472121,-2.07733,NONE,999.9,0,0
25.0042,20.0202,16.8557,-0.126145,4.4,-0.472121,-2.07733,NONE,999.9,0,0
25.0098,20.0639,16.8503,-0.131066,4.4,-0.494031,-2.17373,NONE,999.9,0,0
25.0124,20.0639,16.8503,-0.131066,4.4,-0.494031,-2.17373,NONE,999.9,0,0
25.0159,20.0639,16.8503,-0.131066,4.4,-0.494031,-2.17373,NONE,999.9,0,0
25.0201,20.1076,16.8449,-0.136027,4.4,-0.514233,-2.26263,NONE,999.9,0,0
25.0241,20.1076,16.8449,-0.136027,4.4,-0.514233,-2.26263,NONE,999.9,0,0
25.0288,20.1512,16.8392,-0.141315,4.4,-0.525619,-2.31272,NONE,999.9,0,0
25.0324,20.1512,16.8392,-0.141315,4.4,-0.525619,-2.31272,NONE,999.9,0,0
25.0362,20.1512,16.8392,-0.141315,4.4,-0.525619,-2.31272,NONE,999.9,0,0
25.0401,20.1948,16.8334,-0.146549,4.4,-0.537669,-2.36574,NONE,999.9,0,0
25.0443,20.1948,16.8334,-0.146549,4.4,-0.537669,-2.36574,NONE,999.9,0,0
25.0487,20.2384,16.8274,-0.152038,4.4,-0.542771,-2.38819,NONE,999.9,0,0
25.0519,20.2384,16.8274,-0.152038,4.4,-0.542771,-2.38819,NONE,999.9,0,0
25.0565,20.2384,16.8274,-0.152038,4.4,-0.542771,-2.38819,NONE,999.9,0,0
25.0601,20.282,16.8212,-0.157419,4.4,-0.550004,-2.42002,NONE,999.9,0,0
25.0647,20.282,16.8212,-0.157419,4.4,-0.550004,-2.42002,NONE,999.9,0,0
25.0691,20.3255,16.8147,-0.163012,4.4,-0.551436,-2.42632,NONE,999.9,0,0
25.0721,20.3255,16.8147,-0.163012,4.4,-0.551436,-2.42632,NONE,999.9,0,0
25.0763,20.3255,16.8147,-0.163012,4.4,-0.551436,-2.42632,NONE,999.9,0,0
25.0801,20.369,16.8081,-0.168464,4.4,-0.555896,-2.44594,NONE,999.9,0,0
25.084,20.369,16.8081,-0.168464,4.4,-0.555896,-2.44594,NONE,999.9,0,0
25.0888,20.4125,16.8013,-0.174106,4.4,-0.555252,-2.44311,NONE,999.9,0,0
25.092,20.4125,16.8013,-0.174106,4.4,-0.555252,-2.44311,NONE,999.9,0,0
25.0963,20.4125,16.8013,-0.174106,4.4,-0.555252,-2.44311,NONE,999.9,0,0
25.1003,20.4559,16.7943,-0.179588,4.4,-0.558174,-2.45597,NONE,999.9,0,0
25.1041,20.4559,16.7943,-0.179588,4.4,-0.558174,-2.45597,NONE,999.9,0,0
25.109,20.4993,16.787,-0.185246,4.4,-0.556408,-2.44819,NONE,999.9,0,0
25.1123,20.4993,16.787,-0.185246,4.4,-0.556408,-2.44819,NONE,999.9,0,0
25.1159,20.4993,16.787,-0.185246,4.4,-0.556408,-2.44819,NONE,999.9,0,0
25.1203,20.5427,16.7796,-0.190737,4.4,-0.558526,-2.45751,NONE,999.9,0,0
25.1239,20.5427,16.7796,-0.190737,4.4,-0.558526,-2.45751,NONE,999.9,0,0
25.1291,20.586,16.7719,-0.196395,4.4,-0.556197,-2.44727,NONE,999.9,0,0
25.1324,20.586,16.7719,-0.196395,4.4,-0.556197,-2.44727,NONE,999.9,0,0
25.136,20.586,16.7719,-0.196395,4.4,-0.556197,-2.44727,NONE,999.9,0,0
25.1401,20.6293,16.764,-0.201881,4.4,-0.557935,-2.45492,NONE,999.9,0,0
25.1444,20.6293,16.764,-0.201881,4.4,-0.557935,-2.45492,NONE,999.9,0,0
25.1489,20.6725,16.7558,-0.20785,4.4,-0.649066,-2.85589,NONE,999.9,0,0
25.152,20.6725,16.7558,-0.20785,4.4,-0.649066,-2.85589,NONE,999.9,0,0
25.1561,20.6725,16.7558,-0.20785,4.4,-0.649066,-2.85589,NONE,999.9,0,0
25.1602,20.7157,16.7474,-0.214775,4.4,-0.715945,-3.15016,NONE,999.9,0,0
25.1646,20.7157,16.7474,-0.214775,4.4,-0.715945,-3.15016,NONE,999.9,0,0
25.1688,20.7588,16.7386,-0.222138,4.4,-0.771265,-3.39356,NONE,999.9,0,0
25.1719,20.7588,16.7386,-0.222138,4.4,-0.771265,-3.39356,NONE,999.9,0,0
25.1766,20.7588,16.7386,-0.222138,4.4,-0.771265,-3.39356,NONE,999.9,0,0
25.1802,20.8019,16.7296,-0.230138,4.4,-0.809972,-3.56388,NONE,999.9,0,0
25.1842,20.8019,16.7296,-0.230138,4.4,-0.809972,-3.56388,NONE,999.9,0,0
25.1891,20.8449,16.7202,-0.238326,4.4,-0.843191,-3.71004,NONE,999.9,0,0
25.1922,20.8449,16.7202,-0.238326,4.4,-0.843191,-3.71004,NONE,999.9,0,0
25.1966,20.8449,16.7202,-0.238326,4.4,-0.843191,-3.71004,NONE,999.9,0,0
25.2002,20.8878,16.7105,-0.247273,4.4,-0.958318,-4.2166,NONE,999.9,0,0
25.2042,20.8878,16.7105,-0.247273,4.4,-0.958318,-4.2166,NONE,999.9,0,0
25.209,20.9306,16.7004,-0.257386,4.4,-1.04335,-4.59074,NONE,999.9,0,0
25.2123,20.9306,16.7004,-0.257386,4.4,-1.04335,-4.59074,NONE,999.9,0,0
25.2163,20.9306,16.7004,-0.257386,4.4,-1.04335,-4.59074,NONE,999.9,0,0
25.2201,20.9733,16.6899,-0.268094,4.4,-1.11228,-4.89403,NONE,999.9,0,0
25.2244,20.9733,16.6899,-0.268094,4.4,-1.11228,-4.89403,NONE,999.9,0,0
25.2293,21.0159,16.679,-0.279557,4.4,-1.16108,-5.10875,NONE,999.9,0,0
25.2324,21.0159,16.679,-0.279557,4.4,-1.16108,-5.10875,NONE,999.9,0,0
25.2362,21.0159,16.679,-0.279557,4.4,-1.16108,-5.10875,NONE,999.9,0,0
25.2401,21.0585,16.6676,-0.291296,4.4,-1.20168,-5.28738,NONE,999.9,0,0
25.2442,21.0585,16.6676,-0.291296,4.4,-1.20168,-5.28738,NONE,999.9,0,0
25.2488,21.1009,16.6559,-0.303538,4.4,-1.2284,-5.40497,NONE,999.9,0,0
25.2519,21.1009,16.6559,-0.303538,4.4,-1.2284,-5.40497,NONE,999.9,0,0
25.2567,21.1009,16.6559,-0.303538,4.4,-1.2284,-5.40497,NONE,999.9,0,0
25.2603,21.1431,16.6437,-0.31586,4.4,-1.25187,-5.50823,NONE,999.9,0,0
25.2643,21.1431,16.6437,-0.31586,4.4,-1.25187,-5.50823,NONE,999.9,0,0
25.2686,21.1853,16.6311,-0.328535,4.4,-1.26536,-5.5676,NONE,999.9,0,0
25.272,21.1853,16.6311,-0.328535,4.4,-1.26536,-5.5676,NONE,999.9,0,0
25.2762,21.1853,16.6311,-0.328535,4.4,-1.26536,-5.5676,NONE,999.9,0,0
25.2802,21.2273,16.6181,-0.341174,4.4,-1.27866,-5.62611,NONE,999.9,0,0
25.2839,21.2273,16.6181,-0.341174,4.4,-1.27866,-5.62611,NONE,999.9,0,0
25.2893,21.2692,16.6045,-0.354394,4.4,-1.37809,-6.06359,NONE,999.9,0,0
25.292,21.2692,16.6045,-0.354394,4.4,-1.37809,-6.06359,NONE,999.9,0,0
25.296,21.2692,16.6045,-0.354394,4.4,-1.37809,-6.06359,NONE,999.9,0,0
25.3004,21.3109,16.5904,-0.36864,4.4,-1.45078,-6.38344,NONE,999.9,0,0
25.3039,21.3109,16.5904,-0.36864,4.4,-1.45078,-6.38344,NONE,999.9,0,0
25.3093,21.3524,16.5758,-0.383372,4.4,-1.51004,-6.64417,NONE,999.9,0,0
25.3122,21.3524,16.5758,-0.383372,4.4,-1.51004,-6.64417,NONE,999.9,0,0
25.316,21.3524,16.5758,-0.383372,4.4,-1.51004,-6.64417,NONE,999.9,0,0
25.3206,21.3937,16.5606,-0.398774,4.4,-1.55128,-6.82563,NONE,999.9,0,0
25.3243,21.3937,16.5606,-0.398774,4.4,-1.55128,-6.82563,NONE,999.9,0,0
25.3288,21.4347,16.5449,-0.414383,4.4,-1.58599,-6.97837,NONE,999.9,0,0
25.3319,21.4347,16.5449,-0.414383,4.4,-1.58599,-6.97837,NONE,999.9,0,0
25.3361,21.4347,16.5449,-0.414383,4.4,-1.58599,-6.97837,NONE,999.9,0,0
25.34,21.4756,16.5286,-0.430445,4.4,-1.60816,-7.07589,NONE,999.9,0,0
25.3443,21.4756,16.5286,-0.430445,4.4,-1.60816,-7.07589,NONE,999.9,0,0
25.3488,21.5163,16.5117,-0.446546,4.4,-1.62811,-7.16366,NONE,999.9,0,0
25.353,21.5163,16.5117,-0.446546,4.4,-1.62811,-7.16366,NONE,999.9,0,0
25.3561,21.5163,16.5117,-0.446546,4.4,-1.62811,-7.16366,NONE,999.9,0,0
25.3602,21.5566,16.4943,-0.462969,4.4,-1.6389,-7.21114,NONE,999.9,0,0
25.364,21.5566,16.4943,-0.462969,4.4,-1.6389,-7.21114,NONE,999.9,0,0
25.3686,21.5968,16.4762,-0.479333,4.4,-1.65013,-7.26059,NONE,999.9,0,0
25.3719,21.5968,16.4762,-0.479333,4.4,-1.65013,-7.26059,NONE,999.9,0,0
25.3763,21.5968,16.4762,-0.479333,4.4,-1.65013,-7.26059,NONE,999.9,0,0
25.38,21.6366,16.4576,-0.495942,4.4,-1.6543,-7.27892,NONE,999.9,0,0
25.3843,21.6366,16.4576,-0.495942,4.4,-1.6543,-7.27892,NONE,999.9,0,0
25.3892,21.6762,16.4384,-0.512433,4.4,-1.66054,-7.30637,NONE,999.9,0,0
25.392,21.6762,16.4384,-0.512433,4.4,-1.66054,-7.30637,NONE,999.9,0,0
25.3962,21.6762,16.4384,-0.512433,4.4,-1.66054,-7.30637,NONE,999.9,0,0
25.3999,21.7155,16.4186,-0.529126,4.4,-1.66096,-7.30824,NONE,999.9,0,0
25.404,21.7155,16.4186,-0.529126,4.4,-1.66096,-7.30824,NONE,999.9,0,0
25.4095,21.7545,16.3982,-0.545669,4.4,-1.66444,-7.32354,NONE,999.9,0,0
25.4122,21.7545,16.3982,-0.545669,4.4,-1.66444,-7.32354,NONE,999.9,0,0
25.4165,21.7545,16.3982,-0.545669,4.4,-1.66444,-7.32354,NONE,999.9,0,0
25.4202,21.7932,16.3772,-0.562391,4.4,-1.66286,-7.31657,NONE,999.9,0,0
25.4242,21.7932,16.3772,-0.562391,4.4,-1.66286,-7.31657,NONE,999.9,0,0
25.4287,21.8315,16.3556,-0.578945,4.4,-1.6649,-7.32556,NONE,999.9,0,0
25.4319,21.8315,16.3556,-0.578945,4.4,-1.6649,-7.32556,NONE,999.9,0,0
25.4361,21.8315,16.3556,-0.578945,4.4,-1.6649,-7.32556,NONE,999.9,0,0
25.4401,21.8695,16.3334,-0.595667,4.4,-1.66232,-7.31419,NONE,999.9,0,0
25.4445,21.8695,16.3334,-0.595667,4.4,-1.66232,-7.31419,NONE,999.9,0,0
25.4492,21.9071,16.3106,-0.612212,4.4,-1.66369,-7.32023,NONE,999.9,0,0
25.4521,21.9071,16.3106,-0.612212,4.4,-1.66369,-7.32023,NONE,999.9,0,0
25.4561,21.9071,16.3106,-0.612212,4.4,-1.66369,-7.32023,NONE,999.9,0,0
25.4601,21.9444,16.2872,-0.628919,4.4,-1.66068,-7.307,NONE,999.9,0,0
25.4639,21.9444,16.2872,-0.628919,4.4,-1.66068,-7.307,NONE,999.9,0,0
25.4686,21.9813,16.2632,-0.645446,4.4,-1.66181,-7.31197,NONE,999.9,0,0
25.472,21.9813,16.2632,-0.645446,4.4,-1.66181,-7.31197,NONE,999.9,0,0
25.4768,21.9813,16.2632,-0.645446,4.4,-1.66181,-7.31197,NONE,999.9,0,0
25.4809,22.0178,16.2387,-0.662134,4.4,-1.65869,-7.29825,NONE,999.9,0,0
25.4842,22.0178,16.2387,-0.662134,4.4,-1.65869,-7.29825,NONE,999.9,0,0
25.4892,22.0539,16.2135,-0.678641,4.4,-1.6598,-7.30314,NONE,999.9,0,0
25.4919,22.0539,16.2135,-0.678641,4.4,-1.6598,-7.30314,NONE,999.9,0,0
25.4959,22.0539,16.2135,-0.678641,4.4,-1.6598,-7.30314,NONE,999.9,0,0
25.5003,22.0896,16.1878,-0.695309,4.4,-1.65673,-7.28963,NONE,999.9,0,0
25.5039,22.0896,16.1878,-0.695309,4.4,-1.65673,-7.28963,NONE,999.9,0,0
25.509,22.1249,16.1615,-0.711797,4.4,-1.65793,-7.29491,NONE,999.9,0,0
25.5125,22.1249,16.1615,-0.711797,4.4,-1.65793,-7.29491,NONE,999.9,0,0
25.5163,22.1249,16.1615,-0.711797,4.4,-1.65793,-7.29491,NONE,999.9,0,0
25.5202,22.1597,16.1346,-0.728447,4.4,-1.65498,-7.28191,NONE,999.9,0,0
25.5241,22.1597,16.1346,-0.728447,4.4,-1.65498,-7.28191,NONE,999.9,0,0
25.5288,22.1941,16.1072,-0.744918,4.4,-1.65631,-7.28777,NONE,999.9,0,0
25.5319,22.1941,16.1072,-0.744918,4.4,-1.65631,-7.28777,NONE,999.9,0,0
25.5359,22.1941,16.1072,-0.744918,4.4,-1.65631,-7.28777,NONE,999.9,0,0
25.5401,22.228,16.0792,-0.761552,4.4,-1.65349,-7.27538,NONE,999.9,0,0
25.5444,22.228,16.0792,-0.761552,4.4,-1.65349,-7.27538,NONE,999.9,0,0
25.5493,22.2615,16.0506,-0.778009,4.4,-1.65496,-7.28184,NONE,999.9,0,0
25.5521,22.2615,16.0506,-0.778009,4.4,-1.65496,-7.28184,NONE,999.9,0,0
25.556,22.2615,16.0506,-0.778009,4.4,-1.65496,-7.28184,NONE,999.9,0,0
25.5601,22.2945,16.0215,-0.79463,4.4,-1.65228,-7.27004,NONE,999.9,0,0
25.564,22.2945,16.0215,-0.79463,4.4,-1.65228,-7.27004,NONE,999.9,0,0
25.5689,22.3271,15.9919,-0.811076,4.4,-1.65388,-7.27708,NONE,999.9,0,0
25.5721,22.3271,15.9919,-0.811076,4.4,-1.65388,-7.27708,NONE,999.9,0,0
25.5763,22.3271,15.9919,-0.811076,4.4,-1.65388,-7.27708,NONE,999.9,0,0
25.5806,22.3591,15.9617,-0.827687,4.4,-1.65132,-7.2658,NONE,999.9,0,0
25.5841,22.3591,15.9617,-0.827687,4.4,-1.65132,-7.2658,NONE,999.9,0,0
25.5889,22.3906,15.9311,-0.844124,4.4,-1.65303,-7.27332,NONE,999.9,0,0
25.5919,22.3906,15.9311,-0.844124,4.4,-1.65303,-7.27332,NONE,999.9,0,0
25.5961,22.3906,15.9311,-0.844124,4.4,-1.65303,-7.27332,NONE,999.9,0,0
25.6,22.4216,15.8999,-0.861044,4.4,-1.74427,-7.67478,NONE,999.9,0,0
25.6041,22.4216,15.8999,-0.861044,4.4,-1.74427,-7.67478,NONE,999.9,0,0
25.6097,22.4521,15.8681,-0.878922,4.4,-1.81135,-7.96995,NONE,999.9,0,0
25.6122,22.4521,15.8681,-0.878922,4.4,-1.81135,-7.96995,NONE,999.9,0,0
25.6161,22.4521,15.8681,-0.878922,4.4,-1.81135,-7.96995,NONE,999.9,0,0
25.6199,22.4819,15.8357,-0.89724,4.4,-1.86693,-8.21451,NONE,999.9,0,0
25.6239,22.4819,15.8357,-0.89724,4.4,-1.86693,-8.21451,NONE,999.9,0,0
25.6284,22.5112,15.8029,-0.916199,4.4,-1.90594,-8.38612,NONE,999.9,0,0
25.6318,22.5112,15.8029,-0.916199,4.4,-1.90594,-8.38612,NONE,999.9,0,0
25.6358,22.5112,15.8029,-0.916199,4.4,-1.90594,-8.38612,NONE,999.9,0,0
25.6403,22.5398,15.7695,-0.935348,4.4,-1.93946,-8.53363,NONE,999.9,0,0
25.6443,22.5398,15.7695,-0.935348,4.4,-1.93946,-8.53363,NONE,999.9,0,0
25.6491,22.5679,15.7356,-0.954942,4.4,-1.96119,-8.62925,NONE,999.9,0,0
25.6518,22.5679,15.7356,-0.954942,4.4,-1.96119,-8.62925,NONE,999.9,0,0
25.6561,22.5679,15.7356,-0.954942,4.4,-1.96119,-8.62925,NONE,999.9,0,0
25.6601,22.5953,15.7012,-0.974574,4.4,-1.98124,-8.71747,NONE,999.9,0,0
25.6641,22.5953,15.7012,-0.974574,4.4,-1.98124,-8.71747,NONE,999.9,0,0
25.6693,22.622,15.6662,-0.99453,4.4,-1.99249,-8.76698,NONE,999.9,0,0
25.6732,22.622,15.6662,-0.99453,4.4,-1.99249,-8.76698,NONE,999.9,0,0
25.6764,22.622,15.6662,-0.99453,4.4,-1.99249,-8.76698,NONE,999.9,0,0
25.6802,22.6481,15.6308,-1.01443,4.4,-2.00443,-8.81949,NONE,999.9,0,0
25.6845,22.6481,15.6308,-1.01443,4.4,-2.00443,-8.81949,NONE,999.9,0,0
25.6892,22.6735,15.5949,-1.03459,4.4,-2.00943,-8.84151,NONE,999.9,0,0
25.6919,22.6735,15.5949,-1.03459,4.4,-2.00943,-8.84151,NONE,999.9,0,0
25.6959,22.6735,15.5949,-1.03459,4.4,-2.00943,-8.84151,NONE,999.9,0,0
25.7001,22.6983,15.5585,-1.05464,4.4,-2.01658,-8.87296,NONE,999.9,0,0
25.7044,22.6983,15.5585,-1.05464,4.4,-2.01658,-8.87296,NONE,999.9,0,0
25.71,22.7223,15.5216,-1.07489,4.4,-2.01794,-8.87894,NONE,999.9,0,0
25.7119,22.7223,15.5216,-1.07489,4.4,-2.01794,-8.87894,NONE,999.9,0,0
25.7161,22.7223,15.5216,-1.07489,4.4,-2.01794,-8.87894,NONE,999.9,0,0
25.72,22.7456,15.4843,-1.09501,4.4,-2.02234,-8.89828,NONE,999.9,0,0
25.7242,22.7456,15.4843,-1.09501,4.4,-2.02234,-8.89828,NONE,999.9,0,0
25.7288,22.7682,15.4466,-1.11532,4.4,-2.02164,-8.89521,NONE,999.9,0,0
25.7319,22.7682,15.4466,-1.11532,4.4,-2.02164,-8.89521,NONE,999.9,0,0
25.7364,22.7682,15.4466,-1.11532,4.4,-2.02164,-8.89521,NONE,999.9,0,0
25.7403,22.79,15.4084,-1.13546,4.4,-2.02452,-8.90787,NONE,999.9,0,0
25.7445,22.79,15.4084,-1.13546,4.4,-2.02452,-8.90787,NONE,999.9,0,0
25.7488,22.8111,15.3698,-1.15578,4.4,-2.02271,-8.89992,NONE,999.9,0,0
25.752,22.8111,15.3698,-1.15578,4.4,-2.02271,-8.89992,NONE,999.9,0,0
25.7562,22.8111,15.3698,-1.15578,4.4,-2.02271,-8.89992,NONE,999.9,0,0
25.7603,22.8315,15.3307,-1.17594,4.4,-2.02479,-8.90909,NONE,999.9,0,0
25.7638,22.8315,15.3307,-1.17594,4.4,-2.02479,-8.90909,NONE,999.9,0,0
25.7692,22.851,15.2913,-1.19626,4.4,-2.02244,-8.89872,NONE,999.9,0,0
25.7722,22.851,15.2913,-1.19626,4.4,-2.02244,-8.89872,NONE,999.9,0,0
25.7764,22.851,15.2913,-1.19626,4.4,-2.02244,-8.89872,NONE,999.9,0,0
25.7802,22.8698,15.2515,-1.21641,4.4,-2.02415,-8.90626,NONE,999.9,0,0
25.784,22.8698,15.2515,-1.21641,4.4,-2.02415,-8.90626,NONE,999.9,0,0
25.7888,22.8878,15.2114,-1.23672,4.4,-2.02156,-8.89485,NONE,999.9,0,0
25.7919,22.8878,15.2114,-1.23672,4.4,-2.02156,-8.89485,NONE,999.9,0,0
25.7959,22.8878,15.2114,-1.23672,4.4,-2.02156,-8.89485,NONE,999.9,0,0
25.8006,22.905,15.1709,-1.25686,4.4,-2.02314,-8.9018,NONE,999.9,0,0
25.8042,22.905,15.1709,-1.25686,4.4,-2.02314,-8.9018,NONE,999.9,0,0
25.8096,22.9213,15.13,-1.27716,4.4,-2.02048,-8.89011,NONE,999.9,0,0
25.8122,22.9213,15.13,-1.27716,4.4,-2.02048,-8.89011,NONE,999.9,0,0
25.8159,22.9213,15.13,-1.27716,4.4,-2.02048,-8.89011,NONE,999.9,0,0
25.8201,22.9369,15.0889,-1.29729,4.4,-2.02205,-8.897,NONE,999.9,0,0
25.8239,22.9369,15.0889,-1.29729,4.4,-2.02205,-8.897,NONE,999.9,0,0
25.8289,22.9516,15.0474,-1.31758,4.4,-2.01941,-8.88542,NONE,999.9,0,0
25.8321,22.9516,15.0474,-1.31758,4.4,-2.01941,-8.88542,NONE,999.9,0,0
25.8361,22.9516,15.0474,-1.31758,4.4,-2.01941,-8.88542,NONE,999.9,0,0
25.8402,22.9655,15.0057,-1.3377,4.4,-2.02103,-8.89252,NONE,999.9,0,0
25.8443,22.9655,15.0057,-1.3377,4.4,-2.02103,-8.89252,NONE,999.9,0,0
25.8489,22.9786,14.9636,-1.35798,4.4,-2.01846,-8.88121,NONE,999.9,0,0
25.8521,22.9786,14.9636,-1.35798,4.4,-2.01846,-8.88121,NONE,999.9,0,0
25.856,22.9786,14.9636,-1.35798,4.4,-2.01846,-8.88121,NONE,999.9,0,0
25.8601,22.9908,14.9214,-1.37809,4.4,-2.02014,-8.88863,NONE,999.9,0,0
25.8643,22.9908,14.9214,-1.37809,4.4,-2.02014,-8.88863,NONE,999.9,0,0
25.8693,23.0021,14.8789,-1.39836,4.4,-2.01765,-8.87765,NONE,999.9,0,0
25.8719,23.0021,14.8789,-1.39836,4.4,-2.01765,-8.87765,NONE,999.9,0,0
25.8762,23.0021,14.8789,-1.39836,4.4,-2.01765,-8.87765,NONE,999.9,0,0
25.8803,23.0126,14.8361,-1.41846,4.4,-2.01941,-8.8854,NONE,999.9,0,0
25.8839,23.0126,14.8361,-1.41846,4.4,-2.01941,-8.8854,NONE,999.9,0,0
25.8887,23.0223,14.7932,-1.43873,4.4,-2.01699,-8.87474,NONE,999.9,0,0
25.8919,23.0223,14.7932,-1.43873,4.4,-2.01699,-8.87474,NONE,999.9,0,0
25.896,23.0223,14.7932,-1.43873,4.4,-2.01699,-8.87474,NONE,999.9,0,0
25.9005,23.0311,14.7501,-1.45882,4.4,-2.01882,-8.88279,NONE,999.9,0,0
25.9039,23.0311,14.7501,-1.45882,4.4,-2.01882,-8.88279,NONE,999.9,0,0
25.9095,23.039,14.7068,-1.47909,4.4,-2.01646,-8.87243,NONE,999.9,0,0
25.9119,23.039,14.7068,-1.47909,4.4,-2.01646,-8.87243,NONE,999.9,0,0
25.9159,23.039,14.7068,-1.47909,4.4,-2.01646,-8.87243,NONE,999.9,0,0
25.9199,23.046,14.6634,-1.49918,4.4,-2.01835,-8.88074,NONE,999.9,0,0
25.9239,23.046,14.6634,-1.49918,4.4,-2.01835,-8.88074,NONE,999.9,0,0
25.9291,23.0522,14.6198,-1.51943,4.4,-2.01605,-8.87062,NONE,999.9,0,0
25.9319,23.0522,14.6198,-1.51943,4.4,-2.01605,-8.87062,NONE,999.9,0,0
25.9361,23.0522,14.6198,-1.51943,4.4,-2.01605,-8.87062,NONE,999.9,0,0
25.9404,23.0575,14.5761,-1.53952,4.4,-2.01799,-8.87915,NONE,999.9,0,0
25.9443,23.0575,14.5761,-1.53952,4.4,-2.01799,-8.87915,NONE,999.9,0,0
25.9488,23.0619,14.5324,-1.55977,4.4,-2.01573,-8.86922,NONE,999.9,0,0
25.952,23.0619,14.5324,-1.55977,4.4,-2.01573,-8.86922,NONE,999.9,0,0
25.9559,23.0619,14.5324,-1.55977,4.4,-2.01573,-8.86922,NONE,999.9,0,0
25.9603,23.0654,14.4885,-1.57985,4.4,-2.01771,-8.87794,NONE,999.9,0,0
25.9643,23.0654,14.4885,-1.57985,4.4,-2.01771,-8.87794,NONE,999.9,0,0
25.969,23.0681,14.4446,-1.6001,4.4,-2.01549,-8.86817,NONE,999.9,0,0
25.9719,23.0681,14.4446,-1.6001,4.4,-2.01549,-8.86817,NONE,999.9,0,0
25.9761,23.0681,14.4446,-1.6001,4.4,-2.01549,-8.86817,NONE,999.9,0,0
25.9804,23.0698,14.4006,-1.62018,4.4,-2.0175,-8.87702,NONE,999.9,0,0
25.9843,23.0698,14.4006,-1.62018,4.4,-2.0175,-8.87702,NONE,999.9,0,0
25.9893,23.0707,14.3566,-1.64043,4.4,-2.01531,-8.86737,NONE,999.9,0,0
25.9922,23.0707,14.3566,-1.64043,4.4,-2.01531,-8.86737,NONE,999.9,0,0
25.9962,23.0707,14.3566,-1.64043,4.4,-2.01531,-8.86737,NONE,999.9,0,0
26.0003,23.0707,14.3126,-1.66051,4.4,-2.01735,-8.87633,NONE,999.9,0,0
26.004,23.0707,14.3126,-1.66051,4.4,-2.01735,-8.87633,NONE,999.9,0,0
26.0092,23.0698,14.2686,-1.68076,4.4,-2.01518,-8.86677,NONE,999.9,0,0
26.0124,23.0698,14.2686,-1.68076,4.4,-2.01518,-8.86677,NONE,999.9,0,0
26.0161,23.0698,14.2686,-1.68076,4.4,-2.01518,-8.86677,NONE,999.9,0,0
26.0204,23.068,14.2247,-1.70084,4.4,-2.01723,-8.87581,NONE,999.9,0,0
26.025,23.068,14.2247,-1.70084,4.4,-2.01723,-8.87581,NONE,999.9,0,0
26.0304,23.0653,14.1808,-1.72108,4.4,-2.01507,-8.86633,NONE,999.9,0,0
26.0325,23.0653,14.1808,-1.72108,4.4,-2.01507,-8.86633,NONE,999.9,0,0
26.0364,23.0653,14.1808,-1.72108,4.4,-2.01507,-8.86633,NONE,999.9,0,0
26.0401,23.0618,14.1369,-1.74116,4.4,-2.01714,-8.87543,NONE,999.9,0,0
26.0443,23.0618,14.1369,-1.74116,4.4,-2.01714,-8.87543,NONE,999.9,0,0
26.0489,23.0573,14.0931,-1.7614,4.4,-2.015,-8.866,NONE,999.9,0,0
26.0523,23.0573,14.0931,-1.7614,4.4,-2.015,-8.866,NONE,999.9,0,0
26.0564,23.0573,14.0931,-1.7614,4.4,-2.015,-8.866,NONE,999.9,0,0
26.061,23.052,14.0494,-1.78148,4.4,-2.01708,-8.87515,NONE,999.9,0,0
26.0641,23.052,14.0494,-1.78148,4.4,-2.01708,-8.87515,NONE,999.9,0,0
26.0687,23.0458,14.0059,-1.80172,4.4,-2.01495,-8.86576,NONE,999.9,0,0
26.0723,23.0458,14.0059,-1.80172,4.4,-2.01495,-8.86576,NONE,999.9,0,0
26.0763,23.0458,14.0059,-1.80172,4.4,-2.01495,-8.86576,NONE,999.9,0,0
26.0801,23.0387,13.9625,-1.8218,4.4,-2.01703,-8.87495,NONE,999.9,0,0
26.0839,23.0387,13.9625,-1.8218,4.4,-2.01703,-8.87495,NONE,999.9,0,0
26.0896,23.0308,13.9192,-1.84204,4.4,-2.01491,-8.86559,NONE,999.9,0,0
26.0922,23.0308,13.9192,-1.84204,4.4,-2.01491,-8.86559,NONE,999.9,0,0
26.0959,23.0308,13.9192,-1.84204,4.4,-2.01491,-8.86559,NONE,999.9,0,0
26.0999,23.022,13.8761,-1.8618,4.4,-1.9233,-8.4625,NONE,999.9,0,0
26.1043,23.022,13.8761,-1.8618,4.4,-1.9233,-8.4625,NONE,999.9,0,0
26.1089,23.0124,13.8331,-1.8806,4.4,-1.85589,-8.16592,NONE,999.9,0,0
26.1122,23.0124,13.8331,-1.8806,4.4,-1.85589,-8.16592,NONE,999.9,0,0
26.1159,23.0124,13.8331,-1.8806,4.4,-1.85589,-8.16592,NONE,999.9,0,0
26.1206,23.002,13.7904,-1.89895,4.4,-1.80003,-7.92012,NONE,999.9,0,0
26.125,23.002,13.7904,-1.89895,4.4,-1.80003,-7.92012,NONE,999.9,0,0
26.1289,22.9909,13.7478,-1.91666,4.4,-1.76078,-7.74743,NONE,999.9,0,0
26.1319,22.9909,13.7478,-1.91666,4.4,-1.76078,-7.74743,NONE,999.9,0,0
26.136,22.9909,13.7478,-1.91666,4.4,-1.76078,-7.74743,NONE,999.9,0,0
26.14,22.9789,13.7055,-1.93418,4.4,-1.72704,-7.59898,NONE,999.9,0,0
26.1443,22.9789,13.7055,-1.93418,4.4,-1.72704,-7.59898,NONE,999.9,0,0
26.149,22.9662,13.6633,-1.95125,4.4,-1.70512,-7.50255,NONE,999.9,0,0
26.1522,22.9662,13.6633,-1.95125,4.4,-1.70512,-7.50255,NONE,999.9,0,0
26.1562,22.9662,13.6633,-1.95125,4.4,-1.70512,-7.50255,NONE,999.9,0,0
26.1602,22.9528,13.6214,-1.96828,4.4,-1.68492,-7.41363,NONE,999.9,0,0
26.1639,22.9528,13.6214,-1.96828,4.4,-1.68492,-7.41363,NONE,999.9,0,0
26.1694,22.9386,13.5798,-1.98498,4.4,-1.67352,-7.36351,NONE,999.9,0,0
26.1719,22.9386,13.5798,-1.98498,4.4,-1.67352,-7.36351,NONE,999.9,0,0
26.1764,22.9386,13.5798,-1.98498,4.4,-1.67352,-7.36351,NONE,999.9,0,0
26.1801,22.9236,13.5384,-2.00174,4.4,-1.66147,-7.31047,NONE,999.9,0,0
26.1845,22.9236,13.5384,-2.00174,4.4,-1.66147,-7.31047,NONE,999.9,0,0
26.189,22.9079,13.4973,-2.01824,4.4,-1.65636,-7.288,NONE,999.9,0,0
26.1919,22.9079,13.4973,-2.01824,4.4,-1.65636,-7.288,NONE,999.9,0,0
26.196,22.9079,13.4973,-2.01824,4.4,-1.65636,-7.288,NONE,999.9,0,0
26.1999,22.8915,13.4565,-2.03485,4.4,-1.64913,-7.25616,NONE,999.9,0,0
26.2039,22.8915,13.4565,-2.03485,4.4,-1.64913,-7.25616,NONE,999.9,0,0
26.2094,22.8744,13.416,-2.05125,4.4,-1.64769,-7.24985,NONE,999.9,0,0
26.212,22.8744,13.416,-2.05125,4.4,-1.64769,-7.24985,NONE,999.9,0,0
26.2164,22.8744,13.416,-2.05125,4.4,-1.64769,-7.24985,NONE,999.9,0,0
26.2203,22.8565,13.3757,-2.06811,4.4,-1.73693,-7.64251,NONE,999.9,0,0
26.2243,22.8565,13.3757,-2.06811,4.4,-1.73693,-7.64251,NONE,999.9,0,0
26.2288,22.8379,13.3359,-2.08622,4.4,-1.89656,-8.34487,NONE,999.9,0,0
26.2324,22.8379,13.3359,-2.08622,4.4,-1.89656,-8.34487,NONE,999.9,0,0
26.2366,22.8379,13.3359,-2.08622,4.4,-1.89656,-8.34487,NONE,999.9,0,0
26.24,22.8184,13.2964,-2.1059,4.4,-2.01688,-8.87428,NONE,999.9,0,0
26.2442,22.8184,13.2964,-2.1059,4.4,-2.01688,-8.87428,NONE,999.9,0,0
26.2496,22.7982,13.2574,-2.12649,4.4,-2.11374,-9.30044,NONE,999.9,0,0
26.2523,22.7982,13.2574,-2.12649,4.4,-2.11374,-9.30044,NONE,999.9,0,0
26.2562,22.7982,13.2574,-2.12649,4.4,-2.11374,-9.30044,NONE,999.9,0,0
26.2601,22.7771,13.2187,-2.14808,4.4,-2.18459,-9.61218,NONE,999.9,0,0
26.2643,22.7771,13.2187,-2.14808,4.4,-2.18459,-9.61218,NONE,999.9,0,0
26.2688,22.7552,13.1806,-2.17015,4.4,-2.24256,-9.86724,NONE,999.9,0,0
26.272,22.7552,13.1806,-2.17015,4.4,-2.24256,-9.86724,NONE,999.9,0,0
26.2765,22.7552,13.1806,-2.17015,4.4,-2.24256,-9.86724,NONE,999.9,0,0
26.2805,22.7326,13.1428,-2.19287,4.4,-2.28293,-10.0449,NONE,999.9,0,0
26.2867,22.7326,13.1428,-2.19287,4.4,-2.28293,-10.0449,NONE,999.9,0,0
26.2901,22.7092,13.1056,-2.21579,4.4,-2.31709,-10.1952,NONE,999.9,0,0
26.292,22.7092,13.1056,-2.21579,4.4,-2.31709,-10.1952,NONE,999.9,0,0
26.296,22.7092,13.1056,-2.21579,4.4,-2.31709,-10.1952,NONE,999.9,0,0
26.3,22.6849,13.0689,-2.23916,4.4,-2.33893,-10.2913,NONE,999.9,0,0
26.304,22.6849,13.0689,-2.23916,4.4,-2.33893,-10.2913,NONE,999.9,0,0
26.3089,22.6599,13.0327,-2.26257,4.4,-2.35872,-10.3784,NONE,999.9,0,0
26.3122,22.6599,13.0327,-2.26257,4.4,-2.35872,-10.3784,NONE,999.9,0,0
26.3164,22.6599,13.0327,-2.26257,4.4,-2.35872,-10.3784,NONE,999.9,0,0
26.3202,22.6341,12.997,-2.2863,4.4,-2.36948,-10.4257,NONE,999.9,0,0
26.3241,22.6341,12.997,-2.2863,4.4,-2.36948,-10.4257,NONE,999.9,0,0
26.3287,22.6076,12.9619,-2.30965,4.4,-2.28706,-10.0631,NONE,999.9,0,0
26.3319,22.6076,12.9619,-2.30965,4.4,-2.28706,-10.0631,NONE,999.9,0,0
26.3363,22.6076,12.9619,-2.30965,4.4,-2.28706,-10.0631,NONE,999.9,0,0
26.34,22.5804,12.9274,-2.3318,4.4,-2.13234,-9.3823,NONE,999.9,0,0
26.3444,22.5804,12.9274,-2.3318,4.4,-2.13234,-9.3823,NONE,999.9,0,0
26.3498,22.5525,12.8933,-2.35243,4.4,-2.01547,-8.86809,NONE,999.9,0,0
26.3522,22.5525,12.8933,-2.35243,4.4,-2.01547,-8.86809,NONE,999.9,0,0
26.356,22.5525,12.8933,-2.35243,4.4,-2.01547,-8.86809,NONE,999.9,0,0
26.36,22.524,12.8598,-2.37218,4.4,-1.92097,-8.45228,NONE,999.9,0,0
26.3643,22.524,12.8598,-2.37218,4.4,-1.92097,-8.45228,NONE,999.9,0,0
26.3688,22.4948,12.8268,-2.39094,4.4,-1.85165,-8.14725,NONE,999.9,0,0
26.3719,22.4948,12.8268,-2.39094,4.4,-1.85165,-8.14725,NONE,999.9,0,0
26.3766,22.4948,12.8268,-2.39094,4.4,-1.85165,-8.14725,NONE,999.9,0,0
26.3805,22.465,12.7945,-2.40924,4.4,-1.79459,-7.89621,NONE,999.9,0,0
26.3848,22.465,12.7945,-2.40924,4.4,-1.79459,-7.89621,NONE,999.9,0,0
26.3897,22.4347,12.7626,-2.4269,4.4,-1.75469,-7.72063,NONE,999.9,0,0
26.3919,22.4347,12.7626,-2.4269,4.4,-1.75469,-7.72063,NONE,999.9,0,0
26.396,22.4347,12.7626,-2.4269,4.4,-1.75469,-7.72063,NONE,999.9,0,0
26.4,22.4037,12.7314,-2.44435,4.4,-1.72068,-7.57097,NONE,999.9,0,0
26.4039,22.4037,12.7314,-2.44435,4.4,-1.72068,-7.57097,NONE,999.9,0,0
26.4101,22.3721,12.7007,-2.46136,4.4,-1.69876,-7.47454,NONE,999.9,0,0
26.4134,22.3721,12.7007,-2.46136,4.4,-1.69876,-7.47454,NONE,999.9,0,0
26.4164,22.3721,12.7007,-2.46136,4.4,-1.69876,-7.47454,NONE,999.9,0,0
26.4204,22.34,12.6707,-2.47832,4.4,-1.67874,-7.38645,NONE,999.9,0,0
26.424,22.34,12.6707,-2.47832,4.4,-1.67874,-7.38645,NONE,999.9,0,0
26.4297,22.3074,12.6412,-2.49497,4.4,-1.66766,-7.33769,NONE,999.9,0,0
26.4319,22.3074,12.6412,-2.49497,4.4,-1.66766,-7.33769,NONE,999.9,0,0
26.4363,22.3074,12.6412,-2.49497,4.4,-1.66766,-7.33769,NONE,999.9,0,0
26.4402,22.2742,12.6123,-2.51167,4.4,-1.65599,-7.28634,NONE,999.9,0,0
26.4444,22.2742,12.6123,-2.51167,4.4,-1.65599,-7.28634,NONE,999.9,0,0
26.4491,22.2405,12.584,-2.52812,4.4,-1.65131,-7.26575,NONE,999.9,0,0
26.452,22.2405,12.584,-2.52812,4.4,-1.65131,-7.26575,NONE,999.9,0,0
26.4559,22.2405,12.584,-2.52812,4.4,-1.65131,-7.26575,NONE,999.9,0,0
26.4599,22.2063,12.5563,-2.54468,4.4,-1.64451,-7.23585,NONE,999.9,0,0
26.464,22.2063,12.5563,-2.54468,4.4,-1.64451,-7.23585,NONE,999.9,0,0
26.4686,22.1716,12.5292,-2.56103,4.4,-1.64352,-7.23147,NONE,999.9,0,0
26.4721,22.1716,12.5292,-2.56103,4.4,-1.64352,-7.23147,NONE,999.9,0,0
26.4766,22.1716,12.5292,-2.56103,4.4,-1.64352,-7.23147,NONE,999.9,0,0
26.4802,22.1364,12.5028,-2.57753,4.4,-1.63948,-7.2137,NONE,999.9,0,0
26.4839,22.1364,12.5028,-2.57753,4.4,-1.63948,-7.2137,NONE,999.9,0,0
26.4889,22.1008,12.4769,-2.59385,4.4,-1.64052,-7.21829,NONE,999.9,0,0
26.4919,22.1008,12.4769,-2.59385,4.4,-1.64052,-7.21829,NONE,999.9,0,0
26.496,22.1008,12.4769,-2.59385,4.4,-1.64052,-7.21829,NONE,999.9,0,0
26.5002,22.0648,12.4517,-2.61032,4.4,-1.63797,-7.20707,NONE,999.9,0,0
26.5041,22.0648,12.4517,-2.61032,4.4,-1.63797,-7.20707,NONE,999.9,0,0
26.5105,22.0283,12.4271,-2.62663,4.4,-1.64008,-7.21635,NONE,999.9,0,0
26.5124,22.0283,12.4271,-2.62663,4.4,-1.64008,-7.21635,NONE,999.9,0,0
26.516,22.0283,12.4271,-2.62663,4.4,-1.64008,-7.21635,NONE,999.9,0,0
26.5202,21.9914,12.4031,-2.64311,4.4,-1.63827,-7.20841,NONE,999.9,0,0
26.5239,21.9914,12.4031,-2.64311,4.4,-1.63827,-7.20841,NONE,999.9,0,0
26.5288,21.9541,12.3797,-2.6591,4.4,-1.54718,-6.80761,NONE,999.9,0,0
26.5319,21.9541,12.3797,-2.6591,4.4,-1.54718,-6.80761,NONE,999.9,0,0
26.5363,21.9541,12.3797,-2.6591,4.4,-1.54718,-6.80761,NONE,999.9,0,0
26.5403,21.9165,12.3569,-2.67414,4.4,-1.48041,-6.51383,NONE,999.9,0,0
26.5442,21.9165,12.3569,-2.67414,4.4,-1.48041,-6.51383,NONE,999.9,0,0
26.5488,21.8785,12.3347,-2.68874,4.4,-1.42525,-6.27111,NONE,999.9,0,0
26.552,21.8785,12.3347,-2.68874,4.4,-1.42525,-6.27111,NONE,999.9,0,0
26.5558,21.8785,12.3347,-2.68874,4.4,-1.42525,-6.27111,NONE,999.9,0,0
26.5611,21.8402,12.313,-2.7027,4.4,-1.38673,-6.10161,NONE,999.9,0,0
26.5639,21.8402,12.313,-2.7027,4.4,-1.38673,-6.10161,NONE,999.9,0,0
26.5693,21.8016,12.2919,-2.71648,4.4,-1.35371,-5.95632,NONE,999.9,0,0
26.5721,21.8016,12.2919,-2.71648,4.4,-1.35371,-5.95632,NONE,999.9,0,0
26.5763,21.8016,12.2919,-2.71648,4.4,-1.35371,-5.95632,NONE,999.9,0,0
26.5802,21.7627,12.2714,-2.72983,4.4,-1.33248,-5.86293,NONE,999.9,0,0
26.584,21.7627,12.2714,-2.72983,4.4,-1.33248,-5.86293,NONE,999.9,0,0
26.5888,21.7235,12.2515,-2.74313,4.4,-1.31293,-5.7769,NONE,999.9,0,0
26.5922,21.7235,12.2515,-2.74313,4.4,-1.31293,-5.7769,NONE,999.9,0,0
26.596,21.7235,12.2515,-2.74313,4.4,-1.31293,-5.7769,NONE,999.9,0,0
26.6004,21.684,12.2321,-2.75612,4.4,-1.30215,-5.72947,NONE,999.9,0,0
26.6045,21.684,12.2321,-2.75612,4.4,-1.30215,-5.72947,NONE,999.9,0,0
26.6094,21.6442,12.2133,-2.76917,4.4,-1.29066,-5.6789,NONE,999.9,0,0
26.612,21.6442,12.2133,-2.76917,4.4,-1.29066,-5.6789,NONE,999.9,0,0
26.6159,21.6442,12.2133,-2.76917,4.4,-1.29066,-5.6789,NONE,999.9,0,0
26.6201,21.6041,12.1951,-2.78196,4.4,-1.28607,-5.65869,NONE,999.9,0,0
26.624,21.6041,12.1951,-2.78196,4.4,-1.28607,-5.65869,NONE,999.9,0,0
26.6287,21.5638,12.1774,-2.79487,4.4,-1.27929,-5.62888,NONE,999.9,0,0
26.6323,21.5638,12.1774,-2.79487,4.4,-1.27929,-5.62888,NONE,999.9,0,0
26.6365,21.5638,12.1774,-2.79487,4.4,-1.27929,-5.62888,NONE,999.9,0,0
26.6402,21.5233,12.1603,-2.80758,4.4,-1.27827,-5.6244,NONE,999.9,0,0
26.6445,21.5233,12.1603,-2.80758,4.4,-1.27827,-5.6244,NONE,999.9,0,0
26.6488,21.4825,12.1438,-2.82042,4.4,-1.27418,-5.60639,NONE,999.9,0,0
26.6519,21.4825,12.1438,-2.82042,4.4,-1.27418,-5.60639,NONE,999.9,0,0
26.656,21.4825,12.1438,-2.82042,4.4,-1.27418,-5.60639,NONE,999.9,0,0
26.6602,21.4415,12.1278,-2.83308,4.4,-1.27515,-5.61066,NONE,999.9,0,0
26.6641,21.4415,12.1278,-2.83308,4.4,-1.27515,-5.61066,NONE,999.9,0,0
26.6692,21.4003,12.1123,-2.84591,4.4,-1.27252,-5.59907,NONE,999.9,0,0
26.6723,21.4003,12.1123,-2.84591,4.4,-1.27252,-5.59907,NONE,999.9,0,0
26.6763,21.4003,12.1123,-2.84591,4.4,-1.27252,-5.59907,NONE,999.9,0,0
26.6801,21.3589,12.0975,-2.85856,4.4,-1.27454,-5.60796,NONE,999.9,0,0
26.684,21.3589,12.0975,-2.85856,4.4,-1.27454,-5.60796,NONE,999.9,0,0
26.6896,21.3173,12.0831,-2.87138,4.4,-1.27264,-5.59963,NONE,999.9,0,0
26.6918,21.3173,12.0831,-2.87138,4.4,-1.27264,-5.59963,NONE,999.9,0,0
26.6962,21.3173,12.0831,-2.87138,4.4,-1.27264,-5.59963,NONE,999.9,0,0
26.7004,21.2755,12.0694,-2.88403,4.4,-1.27517,-5.61073,NONE,999.9,0,0
26.7041,21.2755,12.0694,-2.88403,4.4,-1.27517,-5.61073,NONE,999.9,0,0
26.7095,21.2336,12.0562,-2.89686,4.4,-1.2736,-5.60383,NONE,999.9,0,0
26.712,21.2336,12.0562,-2.89686,4.4,-1.2736,-5.60383,NONE,999.9,0,0
26.716,21.2336,12.0562,-2.89686,4.4,-1.2736,-5.60383,NONE,999.9,0,0
26.7201,21.1914,12.0435,-2.90921,4.4,-1.18262,-5.20351,NONE,999.9,0,0
26.7244,21.1914,12.0435,-2.90921,4.4,-1.18262,-5.20351,NONE,999.9,0,0
26.7291,21.1492,12.0313,-2.9206,4.4,-1.11586,-4.9098,NONE,999.9,0,0
26.7325,21.1492,12.0313,-2.9206,4.4,-1.11586,-4.9098,NONE,999.9,0,0
26.7361,21.1492,12.0313,-2.9206,4.4,-1.11586,-4.9098,NONE,999.9,0,0
26.7401,21.1068,12.0195,-2.93155,4.4,-1.06066,-4.66689,NONE,999.9,0,0
26.7444,21.1068,12.0195,-2.93155,4.4,-1.06066,-4.66689,NONE,999.9,0,0
26.7489,21.0642,12.0083,-2.94187,4.4,-1.02204,-4.497,NONE,999.9,0,0
26.752,21.0642,12.0083,-2.94187,4.4,-1.02204,-4.497,NONE,999.9,0,0
26.7559,21.0642,12.0083,-2.94187,4.4,-1.02204,-4.497,NONE,999.9,0,0
26.7601,21.0216,11.9975,-2.95201,4.4,-0.988909,-4.3512,NONE,999.9,0,0
26.7647,21.0216,11.9975,-2.95201,4.4,-0.988909,-4.3512,NONE,999.9,0,0
26.7687,20.9788,11.9872,-2.9617,4.4,-0.967556,-4.25725,NONE,999.9,0,0
26.7718,20.9788,11.9872,-2.9617,4.4,-0.967556,-4.25725,NONE,999.9,0,0
26.7764,20.9788,11.9872,-2.9617,4.4,-0.967556,-4.25725,NONE,999.9,0,0
26.78,20.9359,11.9774,-2.97136,4.4,-0.947868,-4.17062,NONE,999.9,0,0
26.784,20.9359,11.9774,-2.97136,4.4,-0.947868,-4.17062,NONE,999.9,0,0
26.7889,20.8929,11.968,-2.98069,4.4,-0.936953,-4.12259,NONE,999.9,0,0
26.7923,20.8929,11.968,-2.98069,4.4,-0.936953,-4.12259,NONE,999.9,0,0
26.7965,20.8929,11.968,-2.98069,4.4,-0.936953,-4.12259,NONE,999.9,0,0
26.8005,20.8498,11.9591,-2.99009,4.4,-0.925328,-4.07144,NONE,999.9,0,0
26.804,20.8498,11.9591,-2.99009,4.4,-0.925328,-4.07144,NONE,999.9,0,0
26.8093,20.8066,11.9506,-2.99907,4.4,-0.873757,-3.84453,NONE,999.9,0,0
26.8122,20.8066,11.9506,-2.99907,4.4,-0.873757,-3.84453,NONE,999.9,0,0
26.8158,20.8066,11.9506,-2.99907,4.4,-0.873757,-3.84453,NONE,999.9,0,0
26.82,20.7634,11.9426,-3.0076,4.4,-0.834225,-3.67059,NONE,999.9,0,0
26.8244,20.7634,11.9426,-3.0076,4.4,-0.834225,-3.67059,NONE,999.9,0,0
26.8301,20.7201,11.9349,-3.01563,4.4,-0.757265,-3.33196,NONE,999.9,0,0
26.8319,20.7201,11.9349,-3.01563,4.4,-0.757265,-3.33196,NONE,999.9,0,0
26.8359,20.7201,11.9349,-3.01563,4.4,-0.757265,-3.33196,NONE,999.9,0,0
26.8403,20.6767,11.9275,-3.02251,4.4,-0.608165,-2.67593,NONE,999.9,0,0
26.8443,20.6767,11.9275,-3.02251,4.4,-0.608165,-2.67593,NONE,999.9,0,0
26.849,20.6333,11.9205,-3.02792,4.4,-0.496862,-2.18619,NONE,999.9,0,0
26.8519,20.6333,11.9205,-3.02792,4.4,-0.496862,-2.18619,NONE,999.9,0,0
26.8563,20.6333,11.9205,-3.02792,4.4,-0.496862,-2.18619,NONE,999.9,0,0
26.8607,20.5898,11.9137,-3.03251,4.4,-0.407723,-1.79398,NONE,999.9,0,0
26.8647,20.5898,11.9137,-3.03251,4.4,-0.407723,-1.79398,NONE,999.9,0,0
26.8689,20.5463,11.9071,-3.03617,4.4,-0.343467,-1.51125,NONE,999.9,0,0
26.872,20.5463,11.9071,-3.03617,4.4,-0.343467,-1.51125,NONE,999.9,0,0
26.8762,20.5463,11.9071,-3.03617,4.4,-0.343467,-1.51125,NONE,999.9,0,0
26.8802,20.5027,11.9009,-3.03941,4.4,-0.291129,-1.28097,NONE,999.9,0,0
26.884,20.5027,11.9009,-3.03941,4.4,-0.291129,-1.28097,NONE,999.9,0,0
26.8897,20.4591,11.8948,-3.04205,4.4,-0.25556,-1.12446,NONE,999.9,0,0
26.8919,20.4591,11.8948,-3.04205,4.4,-0.25556,-1.12446,NONE,999.9,0,0
26.8961,20.4591,11.8948,-3.04205,4.4,-0.25556,-1.12446,NONE,999.9,0,0
26.9,20.4155,11.889,-3.04453,4.4,-0.225495,-0.99218,NONE,999.9,0,0
26.9038,20.4155,11.889,-3.04453,4.4,-0.225495,-0.99218,NONE,999.9,0,0
26.9088,20.3719,11.8834,-3.04661,4.4,-0.207144,-0.911435,NONE,999.9,0,0
26.912,20.3719,11.8834,-3.04661,4.4,-0.207144,-0.911435,NONE,999.9,0,0
26.9164,20.3719,11.8834,-3.04661,4.4,-0.207144,-0.911435,NONE,999.9,0,0
26.9203,20.3282,11.878,-3.04867,4.4,-0.190321,-0.837412,NONE,999.9,0,0
26.9246,20.3282,11.878,-3.04867,4.4,-0.190321,-0.837412,NONE,999.9,0,0
26.9305,20.2845,11.8728,-3.05045,4.4,-0.182092,-0.801205,NONE,999.9,0,0
26.932,20.2845,11.8728,-3.05045,4.4,-0.182092,-0.801205,NONE,999.9,0,0
26.936,20.2845,11.8728,-3.05045,4.4,-0.182092,-0.801205,NONE,999.9,0,0
26.9406,20.2408,11.8678,-3.05231,4.4,-0.172953,-0.760992,NONE,999.9,0,0
26.9446,20.2408,11.8678,-3.05231,4.4,-0.172953,-0.760992,NONE,999.9,0,0
26.9492,20.1971,11.8629,-3.05394,4.4,-0.170508,-0.750237,NONE,999.9,0,0
26.9522,20.1971,11.8629,-3.05394,4.4,-0.170508,-0.750237,NONE,999.9,0,0
26.9563,20.1971,11.8629,-3.05394,4.4,-0.170508,-0.750237,NONE,999.9,0,0
26.9606,20.1533,11.8582,-3.05602,4.4,-0.259383,-1.14128,NONE,999.9,0,0
26.9641,20.1533,11.8582,-3.05602,4.4,-0.259383,-1.14128,NONE,999.9,0,0
26.9694,20.1096,11.8538,-3.05904,4.4,-0.325395,-1.43174,NONE,999.9,0,0
26.972,20.1096,11.8538,-3.05904,4.4,-0.325395,-1.43174,NONE,999.9,0,0
26.9764,20.1096,11.8538,-3.05904,4.4,-0.325395,-1.43174,NONE,999.9,0,0
26.9802,20.0658,11.8495,-3.0625,4.4,-0.380825,-1.67563,NONE,999.9,0,0
26.9849,20.0658,11.8495,-3.0625,4.4,-0.380825,-1.67563,NONE,999.9,0,0
26.9892,20.0219,11.8455,-3.0666,4.4,-0.420312,-1.84937,NONE,999.9,0,0
26.9921,20.0219,11.8455,-3.0666,4.4,-0.420312,-1.84937,NONE,999.9,0,0
26.996,20.0219,11.8455,-3.0666,4.4,-0.420312,-1.84937,NONE,999.9,0,0
27.0002,19.9781,11.8416,-3.0709,4.4,-0.454747,-2.00088,NONE,999.9,0,0
27.004,19.9781,11.8416,-3.0709,4.4,-0.454747,-2.00088,NONE,999.9,0,0
27.0093,19.9343,11.838,-3.07565,4.4,-0.477649,-2.10166,NONE,999.9,0,0
27.0123,19.9343,11.838,-3.07565,4.4,-0.477649,-2.10166,NONE,999.9,0,0
27.0162,19.9343,11.838,-3.07565,4.4,-0.477649,-2.10166,NONE,999.9,0,0
27.0209,19.8904,11.8346,-3.08045,4.4,-0.499015,-2.19567,NONE,999.9,0,0
27.0242,19.8904,11.8346,-3.08045,4.4,-0.499015,-2.19567,NONE,999.9,0,0
27.0291,19.8465,11.8313,-3.08559,4.4,-0.511647,-2.25125,NONE,999.9,0,0
27.0322,19.8465,11.8313,-3.08559,4.4,-0.511647,-2.25125,NONE,999.9,0,0
27.0361,19.8465,11.8313,-3.08559,4.4,-0.511647,-2.25125,NONE,999.9,0,0
27.0402,19.8026,11.8283,-3.09069,4.4,-0.524963,-2.30984,NONE,999.9,0,0
27.0446,19.8026,11.8283,-3.09069,4.4,-0.524963,-2.30984,NONE,999.9,0,0
27.0495,19.7587,11.8255,-3.09606,4.4,-0.531307,-2.33775,NONE,999.9,0,0
27.0524,19.7587,11.8255,-3.09606,4.4,-0.531307,-2.33775,NONE,999.9,0,0
27.0565,19.7587,11.8255,-3.09606,4.4,-0.531307,-2.33775,NONE,999.9,0,0
27.0603,19.7148,11.8229,-3.10102,4.4,-0.446027,-1.96252,NONE,999.9,0,0
27.064,19.7148,11.8229,-3.10102,4.4,-0.446027,-1.96252,NONE,999.9,0,0
27.0688,19.6709,11.8204,-3.10506,4.4,-0.383295,-1.6865,NONE,999.9,0,0
27.0722,19.6709,11.8204,-3.10506,4.4,-0.383295,-1.6865,NONE,999.9,0,0
27.0766,19.6709,11.8204,-3.10506,4.4,-0.383295,-1.6865,NONE,999.9,0,0
27.0818,19.6269,11.818,-3.10871,4.4,-0.330831,-1.45566,NONE,999.9,0,0
27.0845,19.6269,11.818,-3.10871,4.4,-0.330831,-1.45566,NONE,999.9,0,0
27.0893,19.583,11.8158,-3.11174,4.4,-0.294009,-1.29364,NONE,999.9,0,0
27.0922,19.583,11.8158,-3.11174,4.4,-0.294009,-1.29364,NONE,999.9,0,0
27.096,19.583,11.8158,-3.11174,4.4,-0.294009,-1.29364,NONE,999.9,0,0
27.1002,19.539,11.8137,-3.1146,4.4,-0.261954,-1.1526,NONE,999.9,0,0
27.104,19.539,11.8137,-3.1146,4.4,-0.261954,-1.1526,NONE,999.9,0,0
27.11,19.4951,11.8118,-3.11702,4.4,-0.241164,-1.06112,NONE,999.9,0,0
27.1128,19.4951,11.8118,-3.11702,4.4,-0.241164,-1.06112,NONE,999.9,0,0
27.1163,19.4951,11.8118,-3.11702,4.4,-0.241164,-1.06112,NONE,999.9,0,0
27.1204,19.4511,11.81,-3.11942,4.4,-0.221667,-0.975337,NONE,999.9,0,0
27.1243,19.4511,11.81,-3.11942,4.4,-0.221667,-0.975337,NONE,999.9,0,0
27.1291,19.4071,11.8083,-3.12149,4.4,-0.210682,-0.927,NONE,999.9,0,0
27.132,19.4071,11.8083,-3.12149,4.4,-0.210682,-0.927,NONE,999.9,0,0
27.136,19.4071,11.8083,-3.12149,4.4,-0.210682,-0.927,NONE,999.9,0,0
27.1401,19.3632,11.8068,-3.12362,4.4,-0.19881,-0.874764,NONE,999.9,0,0
27.1444,19.3632,11.8068,-3.12362,4.4,-0.19881,-0.874764,NONE,999.9,0,0
27.1495,19.3192,11.8054,-3.1255,4.4,-0.19373,-0.852412,NONE,999.9,0,0
27.1523,19.3192,11.8054,-3.1255,4.4,-0.19373,-0.852412,NONE,999.9,0,0
27.156,19.3192,11.8054,-3.1255,4.4,-0.19373,-0.852412,NONE,999.9,0,0
27.1602,19.2752,11.8041,-3.12748,4.4,-0.18641,-0.820203,NONE,999.9,0,0
27.164,19.2752,11.8041,-3.12748,4.4,-0.18641,-0.820203,NONE,999.9,0,0
27.1692,19.2312,11.8029,-3.12925,4.4,-0.184818,-0.813201,NONE,999.9,0,0
27.172,19.2312,11.8029,-3.12925,4.4,-0.184818,-0.813201,NONE,999.9,0,0
27.1766,19.2312,11.8029,-3.12925,4.4,-0.184818,-0.813201,NONE,999.9,0,0
27.1809,19.1872,11.8019,-3.13116,4.4,-0.180155,-0.792681,NONE,999.9,0,0
27.1844,19.1872,11.8019,-3.13116,4.4,-0.180155,-0.792681,NONE,999.9,0,0
27.1887,19.1432,11.8009,-3.13256,4.4,-0.0868682,-0.38222,NONE,999.9,0,0
27.192,19.1432,11.8009,-3.13256,4.4,-0.0868682,-0.38222,NONE,999.9,0,0
27.1962,19.1432,11.8009,-3.13256,4.4,-0.0868682,-0.38222,NONE,999.9,0,0
27.2,19.0993,11.7999,-3.13299,4.4,-0.0184236,-0.0810639,NONE,999.9,0,0
27.2043,19.0993,11.7999,-3.13299,4.4,-0.0184236,-0.0810639,NONE,999.9,0,0
27.2096,19.0553,11.799,-3.13296,4.4,0.0380092,0.167241,NONE,999.9,0,0
27.2123,19.0553,11.799,-3.13296,4.4,0.0380092,0.167241,NONE,999.9,0,0
27.2161,19.0553,11.799,-3.13296,4.4,0.0380092,0.167241,NONE,999.9,0,0
27.2202,19.0113,11.798,-3.13229,4.4,0.0774874,0.340944,NONE,999.9,0,0
27.2243,19.0113,11.798,-3.13229,4.4,0.0774874,0.340944,NONE,999.9,0,0
27.2286,18.9673,11.7971,-3.13142,4.4,0.111219,0.489363,NONE,999.9,0,0
27.2319,18.9673,11.7971,-3.13142,4.4,0.111219,0.489363,NONE,999.9,0,0
27.2359,18.9673,11.7971,-3.13142,4.4,0.111219,0.489363,NONE,999.9,0,0
27.2404,18.9233,11.7963,-3.13011,4.4,0.132963,0.585039,NONE,999.9,0,0
27.245,18.9233,11.7963,-3.13011,4.4,0.132963,0.585039,NONE,999.9,0,0
27.2488,18.8793,11.7954,-3.12876,4.4,0.152892,0.672726,NONE,999.9,0,0
27.2523,18.8793,11.7954,-3.12876,4.4,0.152892,0.672726,NONE,999.9,0,0
27.2561,18.8793,11.7954,-3.12876,4.4,0.152892,0.672726,NONE,999.9,0,0
27.2602,18.8353,11.7945,-3.12709,4.4,0.163938,0.721327,NONE,999.9,0,0
27.2641,18.8353,11.7945,-3.12709,4.4,0.163938,0.721327,NONE,999.9,0,0
27.2686,18.7913,11.7936,-3.12548,4.4,0.175613,0.772697,NONE,999.9,0,0
27.2723,18.7913,11.7936,-3.12548,4.4,0.175613,0.772697,NONE,999.9,0,0
27.2764,18.7913,11.7936,-3.12548,4.4,0.175613,0.772697,NONE,999.9,0,0
27.2802,18.7473,11.7927,-3.12361,4.4,0.180325,0.793432,NONE,999.9,0,0
27.2839,18.7473,11.7927,-3.12361,4.4,0.180325,0.793432,NONE,999.9,0,0
27.2889,18.7033,11.7917,-3.12217,4.4,0.0934692,0.411264,NONE,999.9,0,0
27.2919,18.7033,11.7917,-3.12217,4.4,0.0934692,0.411264,NONE,999.9,0,0
27.2961,18.7033,11.7917,-3.12217,4.4,0.0934692,0.411264,NONE,999.9,0,0
27.3001,18.6594,11.7909,-3.12166,4.4,0.0292441,0.128674,NONE,999.9,0,0
27.3044,18.6594,11.7909,-3.12166,4.4,0.0292441,0.128674,NONE,999.9,0,0
27.3098,18.6154,11.7901,-3.12156,4.4,-0.0246107,-0.108287,NONE,999.9,0,0
27.3128,18.6154,11.7901,-3.12156,4.4,-0.0246107,-0.108287,NONE,999.9,0,0
27.3161,18.6154,11.7901,-3.12156,4.4,-0.0246107,-0.108287,NONE,999.9,0,0
27.3202,18.5714,11.7893,-3.12209,4.4,-0.0627133,-0.275939,NONE,999.9,0,0
27.3241,18.5714,11.7893,-3.12209,4.4,-0.0627133,-0.275939,NONE,999.9,0,0
27.3287,18.5274,11.7885,-3.12281,4.4,-0.0959351,-0.422115,NONE,999.9,0,0
27.332,18.5274,11.7885,-3.12281,4.4,-0.0959351,-0.422115,NONE,999.9,0,0
27.3363,18.5274,11.7885,-3.12281,4.4,-0.0959351,-0.422115,NONE,999.9,0,0
27.3404,18.4834,11.7878,-3.12396,4.4,-0.117779,-0.518228,NONE,999.9,0,0
27.3442,18.4834,11.7878,-3.12396,4.4,-0.117779,-0.518228,NONE,999.9,0,0
27.3491,18.4394,11.7871,-3.12516,4.4,-0.138223,-0.60818,NONE,999.9,0,0
27.3519,18.4394,11.7871,-3.12516,4.4,-0.138223,-0.60818,NONE,999.9,0,0
27.3558,18.4394,11.7871,-3.12516,4.4,-0.138223,-0.60818,NONE,999.9,0,0
27.3601,18.3954,11.7864,-3.12669,4.4,-0.150053,-0.660233,NONE,999.9,0,0
27.3642,18.3954,11.7864,-3.12669,4.4,-0.150053,-0.660233,NONE,999.9,0,0
27.3693,18.3514,11.7858,-3.12817,4.4,-0.162675,-0.715768,NONE,999.9,0,0
27.3722,18.3514,11.7858,-3.12817,4.4,-0.162675,-0.715768,NONE,999.9,0,0
27.3763,18.3514,11.7858,-3.12817,4.4,-0.162675,-0.715768,NONE,999.9,0,0
27.3805,18.3074,11.7852,-3.12992,4.4,-0.168417,-0.741036,NONE,999.9,0,0
27.3848,18.3074,11.7852,-3.12992,4.4,-0.168417,-0.741036,NONE,999.9,0,0
27.389,18.2634,11.7847,-3.13156,4.4,-0.176321,-0.775811,NONE,999.9,0,0
27.392,18.2634,11.7847,-3.13156,4.4,-0.176321,-0.775811,NONE,999.9,0,0
27.3966,18.2634,11.7847,-3.13156,4.4,-0.176321,-0.775811,NONE,999.9,0,0
27.4005,18.2194,11.7842,-3.13342,4.4,-0.178424,-0.785064,NONE,999.9,0,0
27.4042,18.2194,11.7842,-3.13342,4.4,-0.178424,-0.785064,NONE,999.9,0,0
27.4095,18.1754,11.7838,-3.13514,4.4,-0.183535,-0.807554,NONE,999.9,0,0
27.4122,18.1754,11.7838,-3.13514,4.4,-0.183535,-0.807554,NONE,999.9,0,0
27.4161,18.1754,11.7838,-3.13514,4.4,-0.183535,-0.807554,NONE,999.9,0,0
27.4204,18.1314,11.7834,-3.13706,4.4,-0.183509,-0.807442,NONE,999.9,0,0
27.424,18.1314,11.7834,-3.13706,4.4,-0.183509,-0.807442,NONE,999.9,0,0
27.4288,18.0874,11.7831,-3.13883,4.4,-0.18701,-0.822845,NONE,999.9,0,0
27.4327,18.0874,11.7831,-3.13883,4.4,-0.18701,-0.822845,NONE,999.9,0,0
27.4364,18.0874,11.7831,-3.13883,4.4,-0.18701,-0.822845,NONE,999.9,0,0
27.4403,18.0434,11.7829,-3.14078,4.4,-0.185777,-0.817419,NONE,999.9,0,0
27.4446,18.0434,11.7829,-3.14078,4.4,-0.185777,-0.817419,NONE,999.9,0,0
27.449,17.9994,11.7827,3.14062,4.4,-0.188382,-0.828882,NONE,999.9,0,0
27.4519,17.9994,11.7827,3.14062,4.4,-0.188382,-0.828882,NONE,999.9,0,0
27.4561,17.9994,11.7827,3.14062,4.4,-0.188382,-0.828882,NONE,999.9,0,0
27.4601,17.9554,11.7826,3.13866,4.4,-0.186494,-0.820575,NONE,999.9,0,0
27.4642,17.9554,11.7826,3.13866,4.4,-0.186494,-0.820575,NONE,999.9,0,0
27.4697,17.9114,11.7825,3.13719,4.4,-0.0949263,-0.417676,NONE,999.9,0,0
27.4719,17.9114,11.7825,3.13719,4.4,-0.0949263,-0.417676,NONE,999.9,0,0
27.4764,17.9114,11.7825,3.13719,4.4,-0.0949263,-0.417676,NONE,999.9,0,0
27.4801,17.8674,11.7824,3.13667,4.4,-0.0274244,-0.120668,NONE,999.9,0,0
27.484,17.8674,11.7824,3.13667,4.4,-0.0274244,-0.120668,NONE,999.9,0,0
27.4889,17.8234,11.7823,3.13661,4.4,0.028626,0.125954,NONE,999.9,0,0
27.4918,17.8234,11.7823,3.13661,4.4,0.028626,0.125954,NONE,999.9,0,0
27.4963,17.8234,11.7823,3.13661,4.4,0.028626,0.125954,NONE,999.9,0,0
27.5001,17.7794,11.7822,3.13718,4.4,0.0681175,0.299717,NONE,999.9,0,0
27.5047,17.7794,11.7822,3.13718,4.4,0.0681175,0.299717,NONE,999.9,0,0
27.5087,17.7354,11.7821,3.13796,4.4,0.102134,0.449388,NONE,999.9,0,0
27.5122,17.7354,11.7821,3.13796,4.4,0.102134,0.449388,NONE,999.9,0,0
27.516,17.7354,11.7821,3.13796,4.4,0.102134,0.449388,NONE,999.9,0,0
27.5201,17.6914,11.782,3.13918,4.4,0.124341,0.547099,NONE,999.9,0,0
27.5238,17.6914,11.782,3.13918,4.4,0.124341,0.547099,NONE,999.9,0,0
27.5294,17.6474,11.7819,3.14045,4.4,0.144841,0.637298,NONE,999.9,0,0
27.5323,17.6474,11.7819,3.14045,4.4,0.144841,0.637298,NONE,999.9,0,0
27.5359,17.6474,11.7819,3.14045,4.4,0.144841,0.637298,NONE,999.9,0,0
27.5404,17.6034,11.7817,-3.14114,4.4,0.156515,0.688665,NONE,999.9,0,0
27.5445,17.6034,11.7817,-3.14114,4.4,0.156515,0.688665,NONE,999.9,0,0
27.549,17.5594,11.7815,-3.1396,4.4,0.168839,0.742893,NONE,999.9,0,0
27.5519,17.5594,11.7815,-3.1396,4.4,0.168839,0.742893,NONE,999.9,0,0
27.5559,17.5594,11.7815,-3.1396,4.4,0.168839,0.742893,NONE,999.9,0,0
27.5607,17.5154,11.7813,-3.1378,4.4,0.174197,0.766467,NONE,999.9,0,0
27.5641,17.5154,11.7813,-3.1378,4.4,0.174197,0.766467,NONE,999.9,0,0
27.5688,17.4714,11.7811,-3.1361,4.4,0.181666,0.799331,NONE,999.9,0,0
27.5718,17.4714,11.7811,-3.1361,4.4,0.181666,0.799331,NONE,999.9,0,0
27.5763,17.4714,11.7811,-3.1361,4.4,0.181666,0.799331,NONE,999.9,0,0
27.58,17.4274,11.7808,-3.13419,4.4,0.183314,0.806582,NONE,999.9,0,0
27.5838,17.4274,11.7808,-3.13419,4.4,0.183314,0.806582,NONE,999.9,0,0
27.5886,17.3834,11.7805,-3.13242,4.4,0.187969,0.827064,NONE,999.9,0,0
27.5922,17.3834,11.7805,-3.13242,4.4,0.187969,0.827064,NONE,999.9,0,0
27.5963,17.3834,11.7805,-3.13242,4.4,0.187969,0.827064,NONE,999.9,0,0
27.6023,17.3394,11.7801,-3.13046,4.4,0.1875,0.825,NONE,999.9,0,0
27.6043,17.3394,11.7801,-3.13046,4.4,0.1875,0.825,NONE,999.9,0,0
27.6088,17.2954,11.7797,-3.12865,4.4,0.190579,0.838548,NONE,999.9,0,0
27.6122,17.2954,11.7797,-3.12865,4.4,0.190579,0.838548,NONE,999.9,0,0
27.6159,17.2954,11.7797,-3.12865,4.4,0.190579,0.838548,NONE,999.9,0,0
27.62,17.2514,11.7792,-3.12667,4.4,0.188952,0.831387,NONE,999.9,0,0
27.6244,17.2514,11.7792,-3.12667,4.4,0.188952,0.831387,NONE,999.9,0,0
27.6294,17.2074,11.7786,-3.12517,4.4,0.0974903,0.428957,NONE,999.9,0,0
27.6321,17.2074,11.7786,-3.12517,4.4,0.0974903,0.428957,NONE,999.9,0,0
27.636,17.2074,11.7786,-3.12517,4.4,0.0974903,0.428957,NONE,999.9,0,0
27.6405,17.1634,11.7782,-3.12463,4.4,0.0299862,0.131939,NONE,999.9,0,0
27.6442,17.1634,11.7782,-3.12463,4.4,0.0299862,0.131939,NONE,999.9,0,0
27.6493,17.1194,11.7777,-3.12454,4.4,-0.026141,-0.11502,NONE,999.9,0,0
27.6522,17.1194,11.7777,-3.12454,4.4,-0.026141,-0.11502,NONE,999.9,0,0
27.6567,17.1194,11.7777,-3.12454,4.4,-0.026141,-0.11502,NONE,999.9,0,0
27.6618,17.0754,11.7772,-3.12509,4.4,-0.0657583,-0.289337,NONE,999.9,0,0
27.6643,17.0754,11.7772,-3.12509,4.4,-0.0657583,-0.289337,NONE,999.9,0,0
27.6692,17.0314,11.7767,-3.12584,4.4,-0.0999303,-0.439693,NONE,999.9,0,0
27.6722,17.0314,11.7767,-3.12584,4.4,-0.0999303,-0.439693,NONE,999.9,0,0
27.6767,17.0314,11.7767,-3.12584,4.4,-0.0999303,-0.439693,NONE,999.9,0,0
27.6801,16.9874,11.7763,-3.12704,4.4,-0.122309,-0.538159,NONE,999.9,0,0
27.6841,16.9874,11.7763,-3.12704,4.4,-0.122309,-0.538159,NONE,999.9,0,0
27.6896,16.9434,11.7758,-3.12829,4.4,-0.142986,-0.629139,NONE,999.9,0,0
27.6932,16.9434,11.7758,-3.12829,4.4,-0.142986,-0.629139,NONE,999.9,0,0
27.696,16.9434,11.7758,-3.12829,4.4,-0.142986,-0.629139,NONE,999.9,0,0
27.7001,16.8994,11.7754,-3.12987,4.4,-0.154837,-0.681282,NONE,999.9,0,0
27.7041,16.8994,11.7754,-3.12987,4.4,-0.154837,-0.681282,NONE,999.9,0,0
27.709,16.8554,11.7751,-3.1314,4.4,-0.167332,-0.73626,NONE,999.9,0,0
27.7127,16.8554,11.7751,-3.1314,4.4,-0.167332,-0.73626,NONE,999.9,0,0
27.7161,16.8554,11.7751,-3.1314,4.4,-0.167332,-0.73626,NONE,999.9,0,0
27.7203,16.8114,11.7747,-3.13318,4.4,-0.172851,-0.760543,NONE,999.9,0,0
27.7243,16.8114,11.7747,-3.13318,4.4,-0.172851,-0.760543,NONE,999.9,0,0
27.7289,16.7674,11.7744,-3.13487,4.4,-0.18047,-0.794069,NONE,999.9,0,0
27.7321,16.7674,11.7744,-3.13487,4.4,-0.18047,-0.794069,NONE,999.9,0,0
27.7359,16.7674,11.7744,-3.13487,4.4,-0.18047,-0.794069,NONE,999.9,0,0
27.7401,16.7234,11.7741,-3.13677,4.4,-0.182256,-0.801928,NONE,999.9,0,0
27.7444,16.7234,11.7741,-3.13677,4.4,-0.182256,-0.801928,NONE,999.9,0,0
27.7493,16.6794,11.7739,-3.13853,4.4,-0.187037,-0.822965,NONE,999.9,0,0
27.7522,16.6794,11.7739,-3.13853,4.4,-0.187037,-0.822965,NONE,999.9,0,0
27.7567,16.6794,11.7739,-3.13853,4.4,-0.187037,-0.822965,NONE,999.9,0,0
27.7606,16.6354,11.7737,-3.14048,4.4,-0.186682,-0.821402,NONE,999.9,0,0
27.7643,16.6354,11.7737,-3.14048,4.4,-0.186682,-0.821402,NONE,999.9,0,0
27.7693,16.5914,11.7736,3.1409,4.4,-0.189864,-0.835399,NONE,999.9,0,0
27.7723,16.5914,11.7736,3.1409,4.4,-0.189864,-0.835399,NONE,999.9,0,0
27.7763,16.5914,11.7736,3.1409,4.4,-0.189864,-0.835399,NONE,999.9,0,0
27.7802,16.5474,11.7736,3.13893,4.4,-0.188327,-0.82864,NONE,999.9,0,0
27.7842,16.5474,11.7736,3.13893,4.4,-0.188327,-0.82864,NONE,999.9,0,0
27.7897,16.5034,11.7736,3.13712,4.4,-0.190649,-0.838857,NONE,999.9,0,0
27.7922,16.5034,11.7736,3.13712,4.4,-0.190649,-0.838857,NONE,999.9,0,0
27.796,16.5034,11.7736,3.13712,4.4,-0.190649,-0.838857,NONE,999.9,0,0
27.8,16.4594,11.7736,3.13514,4.4,-0.1885,-0.829402,NONE,999.9,0,0
27.804,16.4594,11.7736,3.13514,4.4,-0.1885,-0.829402,NONE,999.9,0,0
27.8088,16.4154,11.7738,3.13333,4.4,-0.190397,-0.837746,NONE,999.9,0,0
27.8122,16.4154,11.7738,3.13333,4.4,-0.190397,-0.837746,NONE,999.9,0,0
27.8168,16.4154,11.7738,3.13333,4.4,-0.190397,-0.837746,NONE,999.9,0,0
27.8223,16.3714,11.774,3.13135,4.4,-0.187963,-0.827038,NONE,999.9,0,0
27.8244,16.3714,11.774,3.13135,4.4,-0.187963,-0.827038,NONE,999.9,0,0
27.8298,16.3274,11.7742,3.12971,4.4,-0.142829,-0.628447,NONE,999.9,0,0
27.8327,16.3274,11.7742,3.12971,4.4,-0.142829,-0.628447,NONE,999.9,0,0
27.8365,16.3274,11.7742,3.12971,4.4,-0.142829,-0.628447,NONE,999.9,0,0
27.8405,16.2834,11.7745,3.12862,4.4,-0.0607998,-0.267519,NONE,999.9,0,0
27.8444,16.2834,11.7745,3.12862,4.4,-0.0607998,-0.267519,NONE,999.9,0,0
27.8495,16.2394,11.7747,3.12841,4.4,-0.000848467,-0.00373326,NONE,999.9,0,0
27.8522,16.2394,11.7747,3.12841,4.4,-0.000848467,-0.00373326,NONE,999.9,0,0
27.8564,16.2394,11.7747,3.12841,4.4,-0.000848467,-0.00373326,NONE,999.9,0,0
27.8603,16.1955,11.775,3.12858,4.4,0.0492382,0.216648,NONE,999.9,0,0
27.864,16.1955,11.775,3.12858,4.4,0.0492382,0.216648,NONE,999.9,0,0
27.8692,16.1515,11.7752,3.12934,4.4,0.0840305,0.369734,NONE,999.9,0,0
27.8724,16.1515,11.7752,3.12934,4.4,0.0840305,0.369734,NONE,999.9,0,0
27.8766,16.1515,11.7752,3.12934,4.4,0.0840305,0.369734,NONE,999.9,0,0
27.8813,16.1075,11.7755,3.13025,4.4,0.114353,0.503155,NONE,999.9,0,0
27.8843,16.1075,11.7755,3.13025,4.4,0.114353,0.503155,NONE,999.9,0,0
27.8892,16.0635,11.7757,3.13158,4.4,0.133666,0.588132,NONE,999.9,0,0
27.8919,16.0635,11.7757,3.13158,4.4,0.133666,0.588132,NONE,999.9,0,0
27.896,16.0635,11.7757,3.13158,4.4,0.133666,0.588132,NONE,999.9,0,0
27.9,16.0195,11.7759,3.13293,4.4,0.151905,0.668384,NONE,999.9,0,0
27.9041,16.0195,11.7759,3.13293,4.4,0.151905,0.668384,NONE,999.9,0,0
27.9096,15.9755,11.7761,3.13458,4.4,0.16182,0.71201,NONE,999.9,0,0
27.9128,15.9755,11.7761,3.13458,4.4,0.16182,0.71201,NONE,999.9,0,0
27.9167,15.9755,11.7761,3.13458,4.4,0.16182,0.71201,NONE,999.9,0,0
27.9202,15.9315,11.7763,3.13601,4.4,0.12593,0.554093,NONE,999.9,0,0
27.9242,15.9315,11.7763,3.13601,4.4,0.12593,0.554093,NONE,999.9,0,0
27.9294,15.8875,11.7765,3.13697,4.4,0.050743,0.223269,NONE,999.9,0,0
27.9321,15.8875,11.7765,3.13697,4.4,0.050743,0.223269,NONE,999.9,0,0
27.9362,15.8875,11.7765,3.13697,4.4,0.050743,0.223269,NONE,999.9,0,0
27.9405,15.8435,11.7768,3.1371,4.4,-0.00421674,-0.0185537,NONE,999.9,0,0
27.9449,15.8435,11.7768,3.1371,4.4,-0.00421674,-0.0185537,NONE,999.9,0,0
27.9499,15.7995,11.777,3.1369,4.4,-0.0507285,-0.223205,NONE,999.9,0,0
27.9521,15.7995,11.777,3.1369,4.4,-0.0507285,-0.223205,NONE,999.9,0,0
27.9559,15.7995,11.777,3.1369,4.4,-0.0507285,-0.223205,NONE,999.9,0,0
27.9602,15.7555,11.7773,3.13614,4.4,-0.0830232,-0.365302,NONE,999.9,0,0
27.9642,15.7555,11.7773,3.13614,4.4,-0.0830232,-0.365302,NONE,999.9,0,0
27.9692,15.7115,11.7777,3.13525,4.4,-0.111662,-0.491311,NONE,999.9,0,0
27.9719,15.7115,11.7777,3.13525,4.4,-0.111662,-0.491311,NONE,999.9,0,0
27.9766,15.7115,11.7777,3.13525,4.4,-0.111662,-0.491311,NONE,999.9,0,0
27.9805,15.6675,11.7781,3.13395,4.4,-0.129897,-0.571548,NONE,999.9,0,0
27.9843,15.6675,11.7781,3.13395,4.4,-0.129897,-0.571548,NONE,999.9,0,0
27.9893,15.6235,11.7785,3.13265,4.4,-0.147508,-0.649035,NONE,999.9,0,0
27.992,15.6235,11.7785,3.13265,4.4,-0.147508,-0.649035,NONE,999.9,0,0
27.9961,15.6235,11.7785,3.13265,4.4,-0.147508,-0.649035,NONE,999.9,0,0
28.0002,15.5795,11.7789,3.13103,4.4,-0.157121,-0.691332,NONE,999.9,0,0
28.0043,15.5795,11.7789,3.13103,4.4,-0.157121,-0.691332,NONE,999.9,0,0
28.0097,15.5355,11.7794,3.12949,4.4,-0.168013,-0.739257,NONE,999.9,0,0
28.0122,15.5355,11.7794,3.12949,4.4,-0.168013,-0.739257,NONE,999.9,0,0
28.0166,15.5355,11.7794,3.12949,4.4,-0.168013,-0.739257,NONE,999.9,0,0
28.0202,15.4915,11.78,3.1277,4.4,-0.172411,-0.75861,NONE,999.9,0,0
28.024,15.4915,11.78,3.1277,4.4,-0.172411,-0.75861,NONE,999.9,0,0
28.0288,15.4475,11.7805,3.12619,4.4,-0.132424,-0.582664,NONE,999.9,0,0
28.0321,15.4475,11.7805,3.12619,4.4,-0.132424,-0.582664,NONE,999.9,0,0
28.0362,15.4475,11.7805,3.12619,4.4,-0.132424,-0.582664,NONE,999.9,0,0
28.0406,15.4035,11.7811,3.12518,4.4,-0.054233,-0.238625,NONE,999.9,0,0
28.0445,15.4035,11.7811,3.12518,4.4,-0.054233,-0.238625,NONE,999.9,0,0
28.0491,15.3595,11.7816,3.12503,4.4,0.00289081,0.0127196,NONE,999.9,0,0
28.052,15.3595,11.7816,3.12503,4.4,0.00289081,0.0127196,NONE,999.9,0,0
28.0561,15.3595,11.7816,3.12503,4.4,0.00289081,0.0127196,NONE,999.9,0,0
28.0601,15.3155,11.7821,3.12522,4.4,0.0509268,0.224078,NONE,999.9,0,0
28.0644,15.3155,11.7821,3.12522,4.4,0.0509268,0.224078,NONE,999.9,0,0
28.0692,15.2715,11.7826,3.12599,4.4,0.0842619,0.370752,NONE,999.9,0,0
28.0724,15.2715,11.7826,3.12599,4.4,0.0842619,0.370752,NONE,999.9,0,0
28.0767,15.2715,11.7826,3.12599,4.4,0.0842619,0.370752,NONE,999.9,0,0
28.0819,15.2275,11.7831,3.1269,4.4,0.113578,0.499743,NONE,999.9,0,0
28.0841,15.2275,11.7831,3.1269,4.4,0.113578,0.499743,NONE,999.9,0,0
28.0896,15.1835,11.7836,3.12822,4.4,0.132222,0.581779,NONE,999.9,0,0
28.0924,15.1835,11.7836,3.12822,4.4,0.132222,0.581779,NONE,999.9,0,0
28.0959,15.1835,11.7836,3.12822,4.4,0.132222,0.581779,NONE,999.9,0,0
28.1004,15.1395,11.784,3.12955,4.4,0.150045,0.6602,NONE,999.9,0,0
28.1043,15.1395,11.784,3.12955,4.4,0.150045,0.6602,NONE,999.9,0,0
28.1094,15.0955,11.7844,3.13118,4.4,0.159729,0.702809,NONE,999.9,0,0
28.1126,15.0955,11.7844,3.13118,4.4,0.159729,0.702809,NONE,999.9,0,0
28.1171,15.0955,11.7844,3.13118,4.4,0.159729,0.702809,NONE,999.9,0,0
28.1205,15.0515,11.7848,3.13275,4.4,0.170593,0.750611,NONE,999.9,0,0
28.1242,15.0515,11.7848,3.13275,4.4,0.170593,0.750611,NONE,999.9,0,0
28.1287,15.0075,11.7852,3.13457,4.4,0.174897,0.769546,NONE,999.9,0,0
28.1319,15.0075,11.7852,3.13457,4.4,0.174897,0.769546,NONE,999.9,0,0
28.1362,15.0075,11.7852,3.13457,4.4,0.174897,0.769546,NONE,999.9,0,0
28.1407,14.9635,11.7855,3.13627,4.4,0.181622,0.799137,NONE,999.9,0,0
28.1442,14.9635,11.7855,3.13627,4.4,0.181622,0.799137,NONE,999.9,0,0
28.1489,14.9195,11.7857,3.13817,4.4,0.182761,0.804146,NONE,999.9,0,0
28.1522,14.9195,11.7857,3.13817,4.4,0.182761,0.804146,NONE,999.9,0,0
28.1564,14.9195,11.7857,3.13817,4.4,0.182761,0.804146,NONE,999.9,0,0
28.1603,14.8755,11.7859,3.13994,4.4,0.187082,0.823162,NONE,999.9,0,0
28.1644,14.8755,11.7859,3.13994,4.4,0.187082,0.823162,NONE,999.9,0,0
28.1696,14.8315,11.786,-3.14129,4.4,0.18641,0.820206,NONE,999.9,0,0
28.1731,14.8315,11.786,-3.14129,4.4,0.18641,0.820206,NONE,999.9,0,0
28.1779,14.8315,11.786,-3.14129,4.4,0.18641,0.820206,NONE,999.9,0,0
28.1814,14.7875,11.7861,-3.13982,4.4,0.0956798,0.420991,NONE,999.9,0,0
28.1842,14.7875,11.7861,-3.13982,4.4,0.0956798,0.420991,NONE,999.9,0,0
28.1898,14.7435,11.7863,-3.13929,4.4,0.0287305,0.126414,NONE,999.9,0,0
28.1923,14.7435,11.7863,-3.13929,4.4,0.0287305,0.126414,NONE,999.9,0,0
28.1967,14.7435,11.7863,-3.13929,4.4,0.0287305,0.126414,NONE,999.9,0,0
28.2016,14.6995,11.7864,-3.13921,4.4,-0.0269791,-0.118708,NONE,999.9,0,0
28.2047,14.6995,11.7864,-3.13921,4.4,-0.0269791,-0.118708,NONE,999.9,0,0
28.2098,14.6555,11.7866,-3.13977,4.4,-0.0662851,-0.291654,NONE,999.9,0,0
28.2149,14.6555,11.7866,-3.13977,4.4,-0.0662851,-0.291654,NONE,999.9,0,0
28.2191,14.6555,11.7866,-3.13977,4.4,-0.0662851,-0.291654,NONE,999.9,0,0
28.2235,14.6115,11.7868,-3.14053,4.4,-0.100228,-0.441002,NONE,999.9,0,0
28.2258,14.6115,11.7868,-3.14053,4.4,-0.100228,-0.441002,NONE,999.9,0,0
28.2301,14.5675,11.7869,3.14145,4.4,-0.12244,-0.538738,NONE,999.9,0,0
28.2347,14.5675,11.7869,3.14145,4.4,-0.12244,-0.538738,NONE,999.9,0,0
28.2391,14.5675,11.7869,3.14145,4.4,-0.12244,-0.538738,NONE,999.9,0,0
28.2429,14.5235,11.7871,3.14021,4.4,-0.143,-0.6292,NONE,999.9,0,0
28.2462,14.5235,11.7871,3.14021,4.4,-0.143,-0.6292,NONE,999.9,0,0
28.2536,14.4795,11.7874,3.13863,4.4,-0.154769,-0.680985,NONE,999.9,0,0
28.2567,14.4795,11.7874,3.13863,4.4,-0.154769,-0.680985,NONE,999.9,0,0
28.2607,14.4355,11.7876,3.1371,4.4,-0.167211,-0.735726,NONE,999.9,0,0
28.2646,14.4355,11.7876,3.1371,4.4,-0.167211,-0.735726,NONE,999.9,0,0
28.2701,14.3915,11.7879,3.13532,4.4,-0.172696,-0.759862,NONE,999.9,0,0
28.2774,14.3915,11.7879,3.13532,4.4,-0.172696,-0.759862,NONE,999.9,0,0
28.281,14.3475,11.7883,3.13364,4.4,-0.180297,-0.793307,NONE,999.9,0,0
28.2841,14.3475,11.7883,3.13364,4.4,-0.180297,-0.793307,NONE,999.9,0,0
28.2904,14.3035,11.7886,3.13174,4.4,-0.182076,-0.801134,NONE,999.9,0,0
28.2924,14.3035,11.7886,3.13174,4.4,-0.182076,-0.801134,NONE,999.9,0,0
28.2967,14.3035,11.7886,3.13174,4.4,-0.182076,-0.801134,NONE,999.9,0,0
28.3005,14.2595,11.789,3.12998,4.4,-0.186857,-0.822171,NONE,999.9,0,0
28.3045,14.2595,11.789,3.12998,4.4,-0.186857,-0.822171,NONE,999.9,0,0
28.3104,14.2155,11.7895,3.12802,4.4,-0.186507,-0.820632,NONE,999.9,0,0
28.3128,14.2155,11.7895,3.12802,4.4,-0.186507,-0.820632,NONE,999.9,0,0
28.3163,14.2155,11.7895,3.12802,4.4,-0.186507,-0.820632,NONE,999.9,0,0
28.3201,14.1715,11.79,3.12639,4.4,-0.142846,-0.628523,NONE,999.9,0,0
28.3243,14.1715,11.79,3.12639,4.4,-0.142846,-0.628523,NONE,999.9,0,0
28.3294,14.1275,11.7905,3.12529,4.4,-0.0618277,-0.272042,NONE,999.9,0,0
28.3331,14.1275,11.7905,3.12529,4.4,-0.0618277,-0.272042,NONE,999.9,0,0
28.3364,14.1275,11.7905,3.12529,4.4,-0.0618277,-0.272042,NONE,999.9,0,0
28.3404,14.0835,11.791,3.12507,4.4,-0.00253986,-0.0111754,NONE,999.9,0,0
28.3451,14.0835,11.791,3.12507,4.4,-0.00253986,-0.0111754,NONE,999.9,0,0
28.3494,14.0395,11.7915,3.12522,4.4,0.0471412,0.207421,NONE,999.9,0,0
28.3525,14.0395,11.7915,3.12522,4.4,0.0471412,0.207421,NONE,999.9,0,0
28.3561,14.0395,11.7915,3.12522,4.4,0.0471412,0.207421,NONE,999.9,0,0
28.3605,13.9955,11.792,3.12596,4.4,0.0817167,0.359553,NONE,999.9,0,0
28.3648,13.9955,11.792,3.12596,4.4,0.0817167,0.359553,NONE,999.9,0,0
28.3695,13.9515,11.7924,3.12685,4.4,0.111959,0.492619,NONE,999.9,0,0
28.3721,13.9515,11.7924,3.12685,4.4,0.111959,0.492619,NONE,999.9,0,0
28.3765,13.9515,11.7924,3.12685,4.4,0.111959,0.492619,NONE,999.9,0,0
28.3803,13.9075,11.7929,3.12815,4.4,0.131287,0.577662,NONE,999.9,0,0
28.3844,13.9075,11.7929,3.12815,4.4,0.131287,0.577662,NONE,999.9,0,0
28.3892,13.8635,11.7933,3.12948,4.4,0.149606,0.658267,NONE,999.9,0,0
28.3924,13.8635,11.7933,3.12948,4.4,0.149606,0.658267,NONE,999.9,0,0
28.3963,13.8635,11.7933,3.12948,4.4,0.149606,0.658267,NONE,999.9,0,0
28.4004,13.8195,11.7937,3.13111,4.4,0.159644,0.702433,NONE,999.9,0,0
28.4048,13.8195,11.7937,3.13111,4.4,0.159644,0.702433,NONE,999.9,0,0
28.4124,13.7755,11.794,3.13268,4.4,0.170753,0.751314,NONE,999.9,0,0
28.4161,13.7755,11.794,3.13268,4.4,0.170753,0.751314,NONE,999.9,0,0
28.4202,13.7315,11.7943,3.1345,4.4,0.17522,0.770969,NONE,999.9,0,0
28.4244,13.7315,11.7943,3.1345,4.4,0.17522,0.770969,NONE,999.9,0,0
28.4297,13.6875,11.7947,3.13588,4.4,0.0883457,0.388721,NONE,999.9,0,0
28.4322,13.6875,11.7947,3.13588,4.4,0.0883457,0.388721,NONE,999.9,0,0
28.4363,13.6875,11.7947,3.13588,4.4,0.0883457,0.388721,NONE,999.9,0,0
28.4404,13.6435,11.795,3.13635,4.4,0.0242587,0.106738,NONE,999.9,0,0
28.446,13.6435,11.795,3.13635,4.4,0.0242587,0.106738,NONE,999.9,0,0
28.4492,13.5995,11.7954,3.13639,4.4,-0.0293548,-0.129161,NONE,999.9,0,0
28.4523,13.5995,11.7954,3.13639,4.4,-0.0293548,-0.129161,NONE,999.9,0,0
28.4566,13.5995,11.7954,3.13639,4.4,-0.0293548,-0.129161,NONE,999.9,0,0
28.4611,13.5555,11.7958,3.13582,4.4,-0.0671523,-0.29547,NONE,999.9,0,0
28.4647,13.5555,11.7958,3.13582,4.4,-0.0671523,-0.29547,NONE,999.9,0,0
28.4692,13.5115,11.7962,3.13506,4.4,-0.100034,-0.440151,NONE,999.9,0,0
28.472,13.5115,11.7962,3.13506,4.4,-0.100034,-0.440151,NONE,999.9,0,0
28.4764,13.5115,11.7962,3.13506,4.4,-0.100034,-0.440151,NONE,999.9,0,0
28.4802,13.4675,11.7966,3.13386,4.4,-0.121524,-0.534707,NONE,999.9,0,0
28.4844,13.4675,11.7966,3.13386,4.4,-0.121524,-0.534707,NONE,999.9,0,0
28.4899,13.4235,11.7971,3.13263,4.4,-0.141615,-0.623106,NONE,999.9,0,0
28.4928,13.4235,11.7971,3.13263,4.4,-0.141615,-0.623106,NONE,999.9,0,0
28.4963,13.4235,11.7971,3.13263,4.4,-0.141615,-0.623106,NONE,999.9,0,0
28.5003,13.3796,11.7976,3.13107,4.4,-0.153103,-0.673654,NONE,999.9,0,0
28.5043,13.3796,11.7976,3.13107,4.4,-0.153103,-0.673654,NONE,999.9,0,0
28.5103,13.3356,11.7981,3.12987,4.4,-0.0716978,-0.315471,NONE,999.9,0,0
28.5129,13.3356,11.7981,3.12987,4.4,-0.0716978,-0.315471,NONE,999.9,0,0
28.516,13.3356,11.7981,3.12987,4.4,-0.0716978,-0.315471,NONE,999.9,0,0
28.5203,13.2916,11.7986,3.12955,4.4,-0.0118542,-0.0521584,NONE,999.9,0,0
28.5247,13.2916,11.7986,3.12955,4.4,-0.0118542,-0.0521584,NONE,999.9,0,0
28.5326,13.2476,11.799,3.12961,4.4,0.0384822,0.169322,NONE,999.9,0,0
28.5353,13.2476,11.799,3.12961,4.4,0.0384822,0.169322,NONE,999.9,0,0
28.5375,13.2476,11.799,3.12961,4.4,0.0384822,0.169322,NONE,999.9,0,0
28.5408,13.2036,11.7994,3.13027,4.4,0.073762,0.324553,NONE,999.9,0,0
28.5449,13.2036,11.7994,3.13027,4.4,0.073762,0.324553,NONE,999.9,0,0
28.5494,13.1596,11.7998,3.13108,4.4,0.104722,0.460775,NONE,999.9,0,0
28.5523,13.1596,11.7998,3.13108,4.4,0.104722,0.460775,NONE,999.9,0,0
28.5566,13.1596,11.7998,3.13108,4.4,0.104722,0.460775,NONE,999.9,0,0
28.5603,13.1156,11.8001,3.13232,4.4,0.124754,0.54892,NONE,999.9,0,0
28.5651,13.1156,11.8001,3.13232,4.4,0.124754,0.54892,NONE,999.9,0,0
28.5695,13.0716,11.8004,3.13358,4.4,0.14375,0.6325,NONE,999.9,0,0
28.5723,13.0716,11.8004,3.13358,4.4,0.14375,0.6325,NONE,999.9,0,0
28.5764,13.0716,11.8004,3.13358,4.4,0.14375,0.6325,NONE,999.9,0,0
28.5803,13.0276,11.8007,3.13516,4.4,0.154424,0.679464,NONE,999.9,0,0
28.5846,13.0276,11.8007,3.13516,4.4,0.154424,0.679464,NONE,999.9,0,0
28.5897,12.9836,11.801,3.13668,4.4,0.166123,0.730942,NONE,999.9,0,0
28.5919,12.9836,11.801,3.13668,4.4,0.166123,0.730942,NONE,999.9,0,0
28.596,12.9836,11.801,3.13668,4.4,0.166123,0.730942,NONE,999.9,0,0
28.6002,12.9396,11.8012,3.13845,4.4,0.171131,0.752978,NONE,999.9,0,0
28.6039,12.9396,11.8012,3.13845,4.4,0.171131,0.752978,NONE,999.9,0,0
28.61,12.8956,11.8013,3.13996,4.4,0.1316,0.579039,NONE,999.9,0,0
28.6119,12.8956,11.8013,3.13996,4.4,0.1316,0.579039,NONE,999.9,0,0
28.6165,12.8956,11.8013,3.13996,4.4,0.1316,0.579039,NONE,999.9,0,0
28.6204,12.8516,11.8015,3.14095,4.4,0.0537464,0.236484,NONE,999.9,0,0
28.6243,12.8516,11.8015,3.14095,4.4,0.0537464,0.236484,NONE,999.9,0,0
28.6289,12.8076,11.8017,3.14111,4.4,-0.00313153,-0.0137787,NONE,999.9,0,0
28.632,12.8076,11.8017,3.14111,4.4,-0.00313153,-0.0137787,NONE,999.9,0,0
28.6359,12.8076,11.8017,3.14111,4.4,-0.00313153,-0.0137787,NONE,999.9,0,0
28.6401,12.7636,11.8019,3.14091,4.4,-0.0509917,-0.224364,NONE,999.9,0,0
28.6443,12.7636,11.8019,3.14091,4.4,-0.0509917,-0.224364,NONE,999.9,0,0
28.6493,12.7196,11.8021,3.14014,4.4,-0.0842043,-0.370499,NONE,999.9,0,0
28.6524,12.7196,11.8021,3.14014,4.4,-0.0842043,-0.370499,NONE,999.9,0,0
28.6561,12.7196,11.8021,3.14014,4.4,-0.0842043,-0.370499,NONE,999.9,0,0
28.66,12.6756,11.8024,3.13923,4.4,-0.113438,-0.499127,NONE,999.9,0,0
28.6645,12.6756,11.8024,3.13923,4.4,-0.113438,-0.499127,NONE,999.9,0,0
28.6687,12.6316,11.8027,3.13792,4.4,-0.13203,-0.580932,NONE,999.9,0,0
28.6718,12.6316,11.8027,3.13792,4.4,-0.13203,-0.580932,NONE,999.9,0,0
28.6762,12.6316,11.8027,3.13792,4.4,-0.13203,-0.580932,NONE,999.9,0,0
28.6802,12.5876,11.803,3.13659,4.4,-0.149823,-0.659219,NONE,999.9,0,0
28.6843,12.5876,11.803,3.13659,4.4,-0.149823,-0.659219,NONE,999.9,0,0
28.6889,12.5436,11.8033,3.13495,4.4,-0.159492,-0.701766,NONE,999.9,0,0
28.6919,12.5436,11.8033,3.13495,4.4,-0.159492,-0.701766,NONE,999.9,0,0
28.6962,12.5436,11.8033,3.13495,4.4,-0.159492,-0.701766,NONE,999.9,0,0
28.7001,12.4996,11.8037,3.13339,4.4,-0.170353,-0.749555,NONE,999.9,0,0
28.7039,12.4996,11.8037,3.13339,4.4,-0.170353,-0.749555,NONE,999.9,0,0
28.7095,12.4556,11.8041,3.13158,4.4,-0.174662,-0.768513,NONE,999.9,0,0
28.7121,12.4556,11.8041,3.13158,4.4,-0.174662,-0.768513,NONE,999.9,0,0
28.7164,12.4556,11.8041,3.13158,4.4,-0.174662,-0.768513,NONE,999.9,0,0
28.7202,12.4116,11.8045,3.13004,4.4,-0.134546,-0.592004,NONE,999.9,0,0
28.7239,12.4116,11.8045,3.13004,4.4,-0.134546,-0.592004,NONE,999.9,0,0
28.7291,12.3676,11.805,3.12902,4.4,-0.0562055,-0.247304,NONE,999.9,0,0
28.7318,12.3676,11.805,3.12902,4.4,-0.0562055,-0.247304,NONE,999.9,0,0
28.736,12.3676,11.805,3.12902,4.4,-0.0562055,-0.247304,NONE,999.9,0,0
28.74,12.3236,11.8053,3.12884,4.4,0.00107934,0.00474911,NONE,999.9,0,0
28.7451,12.3236,11.8053,3.12884,4.4,0.00107934,0.00474911,NONE,999.9,0,0
28.7491,12.2796,11.8057,3.12901,4.4,0.0492792,0.216828,NONE,999.9,0,0
28.7521,12.2796,11.8057,3.12901,4.4,0.0492792,0.216828,NONE,999.9,0,0
28.756,12.2796,11.8057,3.12901,4.4,0.0492792,0.216828,NONE,999.9,0,0
28.7604,12.2356,11.8061,3.12977,4.4,0.0827751,0.364211,NONE,999.9,0,0
28.764,12.2356,11.8061,3.12977,4.4,0.0827751,0.364211,NONE,999.9,0,0
28.769,12.1916,11.8064,3.13066,4.4,0.112245,0.493879,NONE,999.9,0,0
28.772,12.1916,11.8064,3.13066,4.4,0.112245,0.493879,NONE,999.9,0,0
28.7767,12.1916,11.8064,3.13066,4.4,0.112245,0.493879,NONE,999.9,0,0
28.7803,12.1476,11.8067,3.13197,4.4,0.131035,0.576553,NONE,999.9,0,0
28.784,12.1476,11.8067,3.13197,4.4,0.131035,0.576553,NONE,999.9,0,0
28.7893,12.1036,11.807,3.13329,4.4,0.148992,0.655565,NONE,999.9,0,0
28.7919,12.1036,11.807,3.13329,4.4,0.148992,0.655565,NONE,999.9,0,0
28.7959,12.1036,11.807,3.13329,4.4,0.148992,0.655565,NONE,999.9,0,0
28.8004,12.0596,11.8073,3.13491,4.4,0.158799,0.698717,NONE,999.9,0,0
28.804,12.0596,11.8073,3.13491,4.4,0.158799,0.698717,NONE,999.9,0,0
28.8102,12.0156,11.8075,3.13648,4.4,0.169775,0.747011,NONE,999.9,0,0
28.8127,12.0156,11.8075,3.13648,4.4,0.169775,0.747011,NONE,999.9,0,0
28.8161,12.0156,11.8075,3.13648,4.4,0.169775,0.747011,NONE,999.9,0,0
28.82,11.9716,11.8077,3.13828,4.4,0.17418,0.76639,NONE,999.9,0,0
28.824,11.9716,11.8077,3.13828,4.4,0.17418,0.76639,NONE,999.9,0,0
28.8286,11.9276,11.8079,3.13966,4.4,0.0872926,0.384087,NONE,999.9,0,0
28.8319,11.9276,11.8079,3.13966,4.4,0.0872926,0.384087,NONE,999.9,0,0
28.8358,11.9276,11.8079,3.13966,4.4,0.0872926,0.384087,NONE,999.9,0,0
28.8404,11.8836,11.8081,3.14011,4.4,0.0232279,0.102203,NONE,999.9,0,0
28.8444,11.8836,11.8081,3.14011,4.4,0.0232279,0.102203,NONE,999.9,0,0
28.8488,11.8396,11.8083,3.14015,4.4,-0.0303399,-0.133496,NONE,999.9,0,0
28.8523,11.8396,11.8083,3.14015,4.4,-0.0303399,-0.133496,NONE,999.9,0,0
28.8564,11.8396,11.8083,3.14015,4.4,-0.0303399,-0.133496,NONE,999.9,0,0
28.86,11.7956,11.8085,3.13956,4.4,-0.0680771,-0.299539,NONE,999.9,0,0
28.8639,11.7956,11.8085,3.13956,4.4,-0.0680771,-0.299539,NONE,999.9,0,0
28.8694,11.7516,11.8088,3.1388,4.4,-0.10089,-0.443918,NONE,999.9,0,0
28.8722,11.7516,11.8088,3.1388,4.4,-0.10089,-0.443918,NONE,999.9,0,0
28.8769,11.7516,11.8088,3.1388,4.4,-0.10089,-0.443918,NONE,999.9,0,0
28.8812,11.7076,11.8091,3.13759,4.4,-0.122308,-0.538156,NONE,999.9,0,0
28.884,11.7076,11.8091,3.13759,4.4,-0.122308,-0.538156,NONE,999.9,0,0
28.8886,11.6636,11.8094,3.13635,4.4,-0.142326,-0.626236,NONE,999.9,0,0
28.8919,11.6636,11.8094,3.13635,4.4,-0.142326,-0.626236,NONE,999.9,0,0
28.8962,11.6636,11.8094,3.13635,4.4,-0.142326,-0.626236,NONE,999.9,0,0
28.9,11.6196,11.8098,3.13478,4.4,-0.153744,-0.676472,NONE,999.9,0,0
28.9045,11.6196,11.8098,3.13478,4.4,-0.153744,-0.676472,NONE,999.9,0,0
28.9093,11.5756,11.8101,3.13326,4.4,-0.165974,-0.730284,NONE,999.9,0,0
28.9124,11.5756,11.8101,3.13326,4.4,-0.165974,-0.730284,NONE,999.9,0,0
28.916,11.5756,11.8101,3.13326,4.4,-0.165974,-0.730284,NONE,999.9,0,0
28.9203,11.5316,11.8106,3.13149,4.4,-0.17135,-0.753941,NONE,999.9,0,0
28.9239,11.5316,11.8106,3.13149,4.4,-0.17135,-0.753941,NONE,999.9,0,0
28.9285,11.4876,11.811,3.12982,4.4,-0.178916,-0.787232,NONE,999.9,0,0
28.9321,11.4876,11.811,3.12982,4.4,-0.178916,-0.787232,NONE,999.9,0,0
28.9361,11.4876,11.811,3.12982,4.4,-0.178916,-0.787232,NONE,999.9,0,0
28.9406,11.4436,11.8115,3.12794,4.4,-0.180712,-0.795131,NONE,999.9,0,0
28.9443,11.4436,11.8115,3.12794,4.4,-0.180712,-0.795131,NONE,999.9,0,0
28.9491,11.3996,11.8121,3.12619,4.4,-0.185544,-0.816395,NONE,999.9,0,0
28.952,11.3996,11.8121,3.12619,4.4,-0.185544,-0.816395,NONE,999.9,0,0
28.9563,11.3996,11.8121,3.12619,4.4,-0.185544,-0.816395,NONE,999.9,0,0
28.9601,11.3556,11.8127,3.12425,4.4,-0.185268,-0.815181,NONE,999.9,0,0
28.9647,11.3556,11.8127,3.12425,4.4,-0.185268,-0.815181,NONE,999.9,0,0
28.9692,11.3116,11.8134,3.12247,4.4,-0.188546,-0.829601,NONE,999.9,0,0
28.9721,11.3116,11.8134,3.12247,4.4,-0.188546,-0.829601,NONE,999.9,0,0
28.9764,11.3116,11.8134,3.12247,4.4,-0.188546,-0.829601,NONE,999.9,0,0
28.9802,11.2676,11.8141,3.1205,4.4,-0.187114,-0.823302,NONE,999.9,0,0
28.9839,11.2676,11.8141,3.1205,4.4,-0.187114,-0.823302,NONE,999.9,0,0
28.9891,11.2236,11.8149,3.1187,4.4,-0.189544,-0.833992,NONE,999.9,0,0
28.9918,11.2236,11.8149,3.1187,4.4,-0.189544,-0.833992,NONE,999.9,0,0
28.9959,11.2236,11.8149,3.1187,4.4,-0.189544,-0.833992,NONE,999.9,0,0
29.0004,11.1796,11.8158,3.11673,4.4,-0.187501,-0.825004,NONE,999.9,0,0
29.0043,11.1796,11.8158,3.11673,4.4,-0.187501,-0.825004,NONE,999.9,0,0
29.009,11.1357,11.8167,3.11525,4.4,-0.0957973,-0.421508,NONE,999.9,0,0
29.0122,11.1357,11.8167,3.11525,4.4,-0.0957973,-0.421508,NONE,999.9,0,0
29.016,11.1357,11.8167,3.11525,4.4,-0.0957973,-0.421508,NONE,999.9,0,0
29.0201,11.0917,11.8175,3.11473,4.4,-0.0281766,-0.123977,NONE,999.9,0,0
29.0239,11.0917,11.8175,3.11473,4.4,-0.0281766,-0.123977,NONE,999.9,0,0
29.0286,11.0477,11.8184,3.11466,4.4,0.0279774,0.123101,NONE,999.9,0,0
29.0323,11.0477,11.8184,3.11466,4.4,0.0279774,0.123101,NONE,999.9,0,0
29.0362,11.0477,11.8184,3.11466,4.4,0.0279774,0.123101,NONE,999.9,0,0
29.0402,11.0037,11.8193,3.11523,4.4,0.0675591,0.29726,NONE,999.9,0,0
29.0444,11.0037,11.8193,3.11523,4.4,0.0675591,0.29726,NONE,999.9,0,0
29.0489,10.9597,11.8202,3.116,4.4,0.101654,0.447276,NONE,999.9,0,0
29.0518,10.9597,11.8202,3.116,4.4,0.101654,0.447276,NONE,999.9,0,0
29.0561,10.9597,11.8202,3.116,4.4,0.101654,0.447276,NONE,999.9,0,0
29.06,10.9157,11.821,3.11721,4.4,0.123929,0.545286,NONE,999.9,0,0
29.0641,10.9157,11.821,3.11721,4.4,0.123929,0.545286,NONE,999.9,0,0
29.0694,10.8717,11.8219,3.11848,4.4,0.144487,0.635743,NONE,999.9,0,0
29.0719,10.8717,11.8219,3.11848,4.4,0.144487,0.635743,NONE,999.9,0,0
29.0764,10.8717,11.8219,3.11848,4.4,0.144487,0.635743,NONE,999.9,0,0
29.0802,10.8277,11.8227,3.12007,4.4,0.156212,0.687333,NONE,999.9,0,0
29.0839,10.8277,11.8227,3.12007,4.4,0.156212,0.687333,NONE,999.9,0,0
29.089,10.7837,11.8235,3.12161,4.4,0.16858,0.741753,NONE,999.9,0,0
29.0918,10.7837,11.8235,3.12161,4.4,0.16858,0.741753,NONE,999.9,0,0
29.0965,10.7837,11.8235,3.12161,4.4,0.16858,0.741753,NONE,999.9,0,0
29.1003,10.7397,11.8242,3.12341,4.4,0.173975,0.765492,NONE,999.9,0,0
29.1044,10.7397,11.8242,3.12341,4.4,0.173975,0.765492,NONE,999.9,0,0
29.11,10.6957,11.825,3.1251,4.4,0.181477,0.798499,NONE,999.9,0,0
29.1123,10.6957,11.825,3.1251,4.4,0.181477,0.798499,NONE,999.9,0,0
29.116,10.6957,11.825,3.1251,4.4,0.181477,0.798499,NONE,999.9,0,0
29.1201,10.6517,11.8256,3.12701,4.4,0.183153,0.805872,NONE,999.9,0,0
29.1239,10.6517,11.8256,3.12701,4.4,0.183153,0.805872,NONE,999.9,0,0
29.1289,10.6077,11.8263,3.12878,4.4,0.187831,0.826458,NONE,999.9,0,0
29.1322,10.6077,11.8263,3.12878,4.4,0.187831,0.826458,NONE,999.9,0,0
29.136,10.6077,11.8263,3.12878,4.4,0.187831,0.826458,NONE,999.9,0,0
29.1399,10.5637,11.8269,3.13075,4.4,0.187383,0.824484,NONE,999.9,0,0
29.1443,10.5637,11.8269,3.13075,4.4,0.187383,0.824484,NONE,999.9,0,0
29.1487,10.5197,11.8274,3.13255,4.4,0.190479,0.838109,NONE,999.9,0,0
29.152,10.5197,11.8274,3.13255,4.4,0.190479,0.838109,NONE,999.9,0,0
29.1568,10.5197,11.8274,3.13255,4.4,0.190479,0.838109,NONE,999.9,0,0
29.1602,10.4757,11.8279,3.13453,4.4,0.188867,0.831013,NONE,999.9,0,0
29.1645,10.4757,11.8279,3.13453,4.4,0.188867,0.831013,NONE,999.9,0,0
29.1688,10.4318,11.8283,3.13635,4.4,0.191121,0.840931,NONE,999.9,0,0
29.1726,10.4318,11.8283,3.13635,4.4,0.191121,0.840931,NONE,999.9,0,0
29.1766,10.4318,11.8283,3.13635,4.4,0.191121,0.840931,NONE,999.9,0,0
29.1801,10.3878,11.8287,3.13833,4.4,0.188911,0.831208,NONE,999.9,0,0
29.1839,10.3878,11.8287,3.13833,4.4,0.188911,0.831208,NONE,999.9,0,0
29.1889,10.3438,11.829,3.13983,4.4,0.0970512,0.427025,NONE,999.9,0,0
29.1924,10.3438,11.829,3.13983,4.4,0.0970512,0.427025,NONE,999.9,0,0
29.1964,10.3438,11.829,3.13983,4.4,0.0970512,0.427025,NONE,999.9,0,0
29.2004,10.2998,11.8293,3.14036,4.4,0.0292866,0.128861,NONE,999.9,0,0
29.2045,10.2998,11.8293,3.14036,4.4,0.0292866,0.128861,NONE,999.9,0,0
29.2094,10.2558,11.8297,3.14045,4.4,-0.0269989,-0.118795,NONE,999.9,0,0
29.2123,10.2558,11.8297,3.14045,4.4,-0.0269989,-0.118795,NONE,999.9,0,0
29.216,10.2558,11.8297,3.14045,4.4,-0.0269989,-0.118795,NONE,999.9,0,0
29.2202,10.2118,11.83,3.13988,4.4,-0.0666996,-0.293478,NONE,999.9,0,0
29.2243,10.2118,11.83,3.13988,4.4,-0.0666996,-0.293478,NONE,999.9,0,0
29.2294,10.1678,11.8304,3.13912,4.4,-0.100901,-0.443965,NONE,999.9,0,0
29.2319,10.1678,11.8304,3.13912,4.4,-0.100901,-0.443965,NONE,999.9,0,0
29.2358,10.1678,11.8304,3.13912,4.4,-0.100901,-0.443965,NONE,999.9,0,0
29.24,10.1238,11.8308,3.13791,4.4,-0.123271,-0.542395,NONE,999.9,0,0
29.2443,10.1238,11.8308,3.13791,4.4,-0.123271,-0.542395,NONE,999.9,0,0
29.2485,10.0798,11.8312,3.13666,4.4,-0.143915,-0.633226,NONE,999.9,0,0
29.2521,10.0798,11.8312,3.13666,4.4,-0.143915,-0.633226,NONE,999.9,0,0
29.256,10.0798,11.8312,3.13666,4.4,-0.143915,-0.633226,NONE,999.9,0,0
29.2605,10.0358,11.8316,3.13507,4.4,-0.155715,-0.685146,NONE,999.9,0,0
29.264,10.0358,11.8316,3.13507,4.4,-0.155715,-0.685146,NONE,999.9,0,0
29.2687,9.99177,11.832,3.13353,4.4,-0.168149,-0.739857,NONE,999.9,0,0
29.2718,9.99177,11.832,3.13353,4.4,-0.168149,-0.739857,NONE,999.9,0,0
29.2763,9.99177,11.832,3.13353,4.4,-0.168149,-0.739857,NONE,999.9,0,0
29.28,9.94777,11.8325,3.13174,4.4,-0.173603,-0.763851,NONE,999.9,0,0
29.284,9.94777,11.8325,3.13174,4.4,-0.173603,-0.763851,NONE,999.9,0,0
29.2893,9.90377,11.833,3.13005,4.4,-0.181155,-0.797082,NONE,999.9,0,0
29.2924,9.90377,11.833,3.13005,4.4,-0.181155,-0.797082,NONE,999.9,0,0
29.2961,9.90377,11.833,3.13005,4.4,-0.181155,-0.797082,NONE,999.9,0,0
29.2999,9.85978,11.8335,3.12814,4.4,-0.182875,-0.80465,NONE,999.9,0,0
29.3041,9.85978,11.8335,3.12814,4.4,-0.182875,-0.80465,NONE,999.9,0,0
29.3093,9.81578,11.8341,3.12637,4.4,-0.187592,-0.825406,NONE,999.9,0,0
29.3124,9.81578,11.8341,3.12637,4.4,-0.187592,-0.825406,NONE,999.9,0,0
29.316,9.81578,11.8341,3.12637,4.4,-0.187592,-0.825406,NONE,999.9,0,0
29.3207,9.77178,11.8348,3.12441,4.4,-0.187177,-0.82358,NONE,999.9,0,0
29.3246,9.77178,11.8348,3.12441,4.4,-0.187177,-0.82358,NONE,999.9,0,0
29.3288,9.72779,11.8354,3.12293,4.4,-0.0966002,-0.425041,NONE,999.9,0,0
29.332,9.72779,11.8354,3.12293,4.4,-0.0966002,-0.425041,NONE,999.9,0,0
29.3362,9.72779,11.8354,3.12293,4.4,-0.0966002,-0.425041,NONE,999.9,0,0
29.34,9.68379,11.836,3.12239,4.4,-0.0297292,-0.130809,NONE,999.9,0,0
29.3444,9.68379,11.836,3.12239,4.4,-0.0297292,-0.130809,NONE,999.9,0,0
29.3486,9.6398,11.8367,3.1223,4.4,0.0259559,0.114206,NONE,999.9,0,0
29.3526,9.6398,11.8367,3.1223,4.4,0.0259559,0.114206,NONE,999.9,0,0
29.3565,9.6398,11.8367,3.1223,4.4,0.0259559,0.114206,NONE,999.9,0,0
29.3603,9.5958,11.8373,3.12285,4.4,0.0652752,0.287211,NONE,999.9,0,0
29.3641,9.5958,11.8373,3.12285,4.4,0.0652752,0.287211,NONE,999.9,0,0
29.3692,9.55181,11.8379,3.1236,4.4,0.0992568,0.43673,NONE,999.9,0,0
29.372,9.55181,11.8379,3.1236,4.4,0.0992568,0.43673,NONE,999.9,0,0
29.3763,9.55181,11.8379,3.1236,4.4,0.0992568,0.43673,NONE,999.9,0,0
29.3802,9.50781,11.8384,3.12479,4.4,0.121525,0.534708,NONE,999.9,0,0
29.3852,9.50781,11.8384,3.12479,4.4,0.121525,0.534708,NONE,999.9,0,0
29.3893,9.46381,11.839,3.12603,4.4,0.142149,0.625455,NONE,999.9,0,0
29.3919,9.46381,11.839,3.12603,4.4,0.142149,0.625455,NONE,999.9,0,0
29.3958,9.46381,11.839,3.12603,4.4,0.142149,0.625455,NONE,999.9,0,0
29.4003,9.41982,11.8395,3.1276,4.4,0.153988,0.677546,NONE,999.9,0,0
29.404,9.41982,11.8395,3.1276,4.4,0.153988,0.677546,NONE,999.9,0,0
29.4093,9.37582,11.84,3.12912,4.4,0.1665,0.732599,NONE,999.9,0,0
29.412,9.37582,11.84,3.12912,4.4,0.1665,0.732599,NONE,999.9,0,0
29.4164,9.37582,11.84,3.12912,4.4,0.1665,0.732599,NONE,999.9,0,0
29.4207,9.33182,11.8405,3.1309,4.4,0.172055,0.75704,NONE,999.9,0,0
29.4239,9.33182,11.8405,3.1309,4.4,0.172055,0.75704,NONE,999.9,0,0
29.4288,9.28782,11.8409,3.13257,4.4,0.179722,0.790778,NONE,999.9,0,0
29.4319,9.28782,11.8409,3.13257,4.4,0.179722,0.790778,NONE,999.9,0,0
29.4359,9.28782,11.8409,3.13257,4.4,0.179722,0.790778,NONE,999.9,0,0
29.4399,9.24383,11.8413,3.13447,4.4,0.181563,0.798879,NONE,999.9,0,0
29.4443,9.24383,11.8413,3.13447,4.4,0.181563,0.798879,NONE,999.9,0,0
29.4494,9.19983,11.8416,3.13622,4.4,0.186403,0.820172,NONE,999.9,0,0
29.4522,9.19983,11.8416,3.13622,4.4,0.186403,0.820172,NONE,999.9,0,0
29.4563,9.19983,11.8416,3.13622,4.4,0.186403,0.820172,NONE,999.9,0,0
29.46,9.15583,11.8419,3.13817,4.4,0.186106,0.818867,NONE,999.9,0,0
29.4639,9.15583,11.8419,3.13817,4.4,0.186106,0.818867,NONE,999.9,0,0
29.4688,9.11183,11.8422,3.1398,4.4,0.142493,0.62697,NONE,999.9,0,0
29.4719,9.11183,11.8422,3.1398,4.4,0.142493,0.62697,NONE,999.9,0,0
29.4766,9.11183,11.8422,3.1398,4.4,0.142493,0.62697,NONE,999.9,0,0
29.4808,9.06783,11.8424,3.14089,4.4,0.0615183,0.270681,NONE,999.9,0,0
29.4845,9.06783,11.8424,3.14089,4.4,0.0615183,0.270681,NONE,999.9,0,0
29.4893,9.02383,11.8427,3.14111,4.4,0.0022694,0.00998538,NONE,999.9,0,0
29.492,9.02383,11.8427,3.14111,4.4,0.0022694,0.00998538,NONE,999.9,0,0
29.4963,9.02383,11.8427,3.14111,4.4,0.0022694,0.00998538,NONE,999.9,0,0
29.5,8.97983,11.8429,3.14096,4.4,-0.047377,-0.208459,NONE,999.9,0,0
29.5041,8.97983,11.8429,3.14096,4.4,-0.047377,-0.208459,NONE,999.9,0,0
29.509,8.93583,11.8432,3.14022,4.4,-0.0819217,-0.360455,NONE,999.9,0,0
29.5124,8.93583,11.8432,3.14022,4.4,-0.0819217,-0.360455,NONE,999.9,0,0
29.5166,8.93583,11.8432,3.14022,4.4,-0.0819217,-0.360455,NONE,999.9,0,0
29.5201,8.89183,11.8435,3.13933,4.4,-0.112137,-0.493402,NONE,999.9,0,0
29.5238,8.89183,11.8435,3.13933,4.4,-0.112137,-0.493402,NONE,999.9,0,0
29.5289,8.84783,11.8438,3.13802,4.4,-0.131441,-0.578339,NONE,999.9,0,0
29.5319,8.84783,11.8438,3.13802,4.4,-0.131441,-0.578339,NONE,999.9,0,0
29.5359,8.84783,11.8438,3.13802,4.4,-0.131441,-0.578339,NONE,999.9,0,0
29.5401,8.80384,11.8442,3.1367,4.4,-0.149739,-0.658853,NONE,999.9,0,0
29.5443,8.80384,11.8442,3.1367,4.4,-0.149739,-0.658853,NONE,999.9,0,0
29.5494,8.75984,11.8445,3.13506,4.4,-0.159759,-0.702938,NONE,999.9,0,0
29.552,8.75984,11.8445,3.13506,4.4,-0.159759,-0.702938,NONE,999.9,0,0
29.5561,8.75984,11.8445,3.13506,4.4,-0.159759,-0.702938,NONE,999.9,0,0
29.5599,8.71584,11.8449,3.13349,4.4,-0.170852,-0.751749,NONE,999.9,0,0
29.564,8.71584,11.8449,3.13349,4.4,-0.170852,-0.751749,NONE,999.9,0,0
29.5691,8.67184,11.8453,3.13168,4.4,-0.175305,-0.771344,NONE,999.9,0,0
29.5719,8.67184,11.8453,3.13168,4.4,-0.175305,-0.771344,NONE,999.9,0,0
29.5764,8.67184,11.8453,3.13168,4.4,-0.175305,-0.771344,NONE,999.9,0,0
29.5804,8.62784,11.8458,3.12997,4.4,-0.182121,-0.801334,NONE,999.9,0,0
29.5842,8.62784,11.8458,3.12997,4.4,-0.182121,-0.801334,NONE,999.9,0,0
29.5891,8.58385,11.8463,3.12806,4.4,-0.183308,-0.806553,NONE,999.9,0,0
29.5921,8.58385,11.8463,3.12806,4.4,-0.183308,-0.806553,NONE,999.9,0,0
29.5961,8.58385,11.8463,3.12806,4.4,-0.183308,-0.806553,NONE,999.9,0,0
29.6002,8.53985,11.8469,3.12645,4.4,-0.140795,-0.619496,NONE,999.9,0,0
29.6041,8.53985,11.8469,3.12645,4.4,-0.140795,-0.619496,NONE,999.9,0,0
29.6097,8.49585,11.8474,3.12537,4.4,-0.0606246,-0.266748,NONE,999.9,0,0
29.6125,8.49585,11.8474,3.12537,4.4,-0.0606246,-0.266748,NONE,999.9,0,0
29.616,8.49585,11.8474,3.12537,4.4,-0.0606246,-0.266748,NONE,999.9,0,0
29.6203,8.45186,11.848,3.12516,4.4,-0.0019544,-0.00859935,NONE,999.9,0,0
29.624,8.45186,11.848,3.12516,4.4,-0.0019544,-0.00859935,NONE,999.9,0,0
29.6291,8.40786,11.8485,3.12531,4.4,0.0472855,0.208056,NONE,999.9,0,0
29.6319,8.40786,11.8485,3.12531,4.4,0.0472855,0.208056,NONE,999.9,0,0
29.636,8.40786,11.8485,3.12531,4.4,0.0472855,0.208056,NONE,999.9,0,0
29.6407,8.36386,11.849,3.12604,4.4,0.0815539,0.358837,NONE,999.9,0,0
29.6445,8.36386,11.849,3.12604,4.4,0.0815539,0.358837,NONE,999.9,0,0
29.649,8.31986,11.8494,3.12693,4.4,0.11159,0.490997,NONE,999.9,0,0
29.6519,8.31986,11.8494,3.12693,4.4,0.11159,0.490997,NONE,999.9,0,0
29.6563,8.31986,11.8494,3.12693,4.4,0.11159,0.490997,NONE,999.9,0,0
29.6604,8.27587,11.8499,3.12823,4.4,0.130787,0.575465,NONE,999.9,0,0
29.664,8.27587,11.8499,3.12823,4.4,0.130787,0.575465,NONE,999.9,0,0
29.6687,8.23187,11.8503,3.12955,4.4,0.149032,0.655741,NONE,999.9,0,0
29.6724,8.23187,11.8503,3.12955,4.4,0.149032,0.655741,NONE,999.9,0,0
29.6768,8.23187,11.8503,3.12955,4.4,0.149032,0.655741,NONE,999.9,0,0
29.682,8.18787,11.8507,3.13118,4.4,0.159035,0.699754,NONE,999.9,0,0
29.6842,8.18787,11.8507,3.13118,4.4,0.159035,0.699754,NONE,999.9,0,0
29.6892,8.14387,11.8511,3.13274,4.4,0.170139,0.74861,NONE,999.9,0,0
29.6919,8.14387,11.8511,3.13274,4.4,0.170139,0.74861,NONE,999.9,0,0
29.6959,8.14387,11.8511,3.13274,4.4,0.170139,0.74861,NONE,999.9,0,0
29.7003,8.09987,11.8514,3.13455,4.4,0.17462,0.768327,NONE,999.9,0,0
29.7043,8.09987,11.8514,3.13455,4.4,0.17462,0.768327,NONE,999.9,0,0
29.7105,8.05587,11.8517,3.13625,4.4,0.181475,0.798491,NONE,999.9,0,0
29.7134,8.05587,11.8517,3.13625,4.4,0.181475,0.798491,NONE,999.9,0,0
29.7161,8.05587,11.8517,3.13625,4.4,0.181475,0.798491,NONE,999.9,0,0
29.7202,8.01187,11.8519,3.13816,4.4,0.182707,0.803912,NONE,999.9,0,0
29.7243,8.01187,11.8519,3.13816,4.4,0.182707,0.803912,NONE,999.9,0,0
29.729,7.96788,11.8522,3.1396,4.4,0.0933922,0.410926,NONE,999.9,0,0
29.7321,7.96788,11.8522,3.1396,4.4,0.0933922,0.410926,NONE,999.9,0,0
29.7362,7.96788,11.8522,3.1396,4.4,0.0933922,0.410926,NONE,999.9,0,0
29.7404,7.92388,11.8524,3.14011,4.4,0.0274818,0.12092,NONE,999.9,0,0
29.7444,7.92388,11.8524,3.14011,4.4,0.0274818,0.12092,NONE,999.9,0,0
29.7487,7.87988,11.8527,3.14018,4.4,-0.027478,-0.120903,NONE,999.9,0,0
29.7519,7.87988,11.8527,3.14018,4.4,-0.027478,-0.120903,NONE,999.9,0,0
29.756,7.87988,11.8527,3.14018,4.4,-0.027478,-0.120903,NONE,999.9,0,0
29.7603,7.83588,11.853,3.13962,4.4,-0.0662547,-0.291521,NONE,999.9,0,0
29.7639,7.83588,11.853,3.13962,4.4,-0.0662547,-0.291521,NONE,999.9,0,0
29.7691,7.79188,11.8533,3.13887,4.4,-0.0998351,-0.439275,NONE,999.9,0,0
29.7724,7.79188,11.8533,3.13887,4.4,-0.0998351,-0.439275,NONE,999.9,0,0
29.7766,7.79188,11.8533,3.13887,4.4,-0.0998351,-0.439275,NONE,999.9,0,0
29.7801,7.74788,11.8536,3.13767,4.4,-0.121811,-0.535966,NONE,999.9,0,0
29.7839,7.74788,11.8536,3.13767,4.4,-0.121811,-0.535966,NONE,999.9,0,0
29.7891,7.70388,11.8539,3.13643,4.4,-0.142226,-0.625794,NONE,999.9,0,0
29.792,7.70388,11.8539,3.13643,4.4,-0.142226,-0.625794,NONE,999.9,0,0
29.7959,7.70388,11.8539,3.13643,4.4,-0.142226,-0.625794,NONE,999.9,0,0
29.8005,7.65988,11.8543,3.13486,4.4,-0.153919,-0.677243,NONE,999.9,0,0
29.8043,7.65988,11.8543,3.13486,4.4,-0.153919,-0.677243,NONE,999.9,0,0
29.8097,7.61588,11.8547,3.13334,4.4,-0.166333,-0.731864,NONE,999.9,0,0
29.8124,7.61588,11.8547,3.13334,4.4,-0.166333,-0.731864,NONE,999.9,0,0
29.816,7.61588,11.8547,3.13334,4.4,-0.166333,-0.731864,NONE,999.9,0,0
29.8201,7.57189,11.8551,3.13156,4.4,-0.171825,-0.756031,NONE,999.9,0,0
29.8242,7.57189,11.8551,3.13156,4.4,-0.171825,-0.756031,NONE,999.9,0,0
29.8288,7.52789,11.8556,3.12989,4.4,-0.179457,-0.78961,NONE,999.9,0,0
29.8321,7.52789,11.8556,3.12989,4.4,-0.179457,-0.78961,NONE,999.9,0,0
29.8364,7.52789,11.8556,3.12989,4.4,-0.179457,-0.78961,NONE,999.9,0,0
29.8404,7.48389,11.8561,3.128,4.4,-0.181281,-0.797637,NONE,999.9,0,0
29.8442,7.48389,11.8561,3.128,4.4,-0.181281,-0.797637,NONE,999.9,0,0
29.8489,7.4399,11.8567,3.12625,4.4,-0.186117,-0.818915,NONE,999.9,0,0
29.8519,7.4399,11.8567,3.12625,4.4,-0.186117,-0.818915,NONE,999.9,0,0
29.8564,7.4399,11.8567,3.12625,4.4,-0.186117,-0.818915,NONE,999.9,0,0
29.8599,7.3959,11.8573,3.1243,4.4,-0.185827,-0.817637,NONE,999.9,0,0
29.8641,7.3959,11.8573,3.1243,4.4,-0.185827,-0.817637,NONE,999.9,0,0
29.8695,7.35191,11.858,3.12251,4.4,-0.189077,-0.83194,NONE,999.9,0,0
29.8719,7.35191,11.858,3.12251,4.4,-0.189077,-0.83194,NONE,999.9,0,0
29.8764,7.35191,11.858,3.12251,4.4,-0.189077,-0.83194,NONE,999.9,0,0
29.8803,7.30791,11.8587,3.12055,4.4,-0.187612,-0.825492,NONE,999.9,0,0
29.8839,7.30791,11.8587,3.12055,4.4,-0.187612,-0.825492,NONE,999.9,0,0
29.8888,7.26392,11.8595,3.11874,4.4,-0.190004,-0.836016,NONE,999.9,0,0
29.892,7.26392,11.8595,3.11874,4.4,-0.190004,-0.836016,NONE,999.9,0,0
29.8962,7.26392,11.8595,3.11874,4.4,-0.190004,-0.836016,NONE,999.9,0,0
29.9002,7.21993,11.8604,3.11677,4.4,-0.187921,-0.826855,NONE,999.9,0,0
29.904,7.21993,11.8604,3.11677,4.4,-0.187921,-0.826855,NONE,999.9,0,0
29.9093,7.17594,11.8613,3.11496,4.4,-0.189881,-0.835476,NONE,999.9,0,0
29.9123,7.17594,11.8613,3.11496,4.4,-0.189881,-0.835476,NONE,999.9,0,0
29.9158,7.17594,11.8613,3.11496,4.4,-0.189881,-0.835476,NONE,999.9,0,0
29.9203,7.13195,11.8623,3.11299,4.4,-0.187505,-0.825024,NONE,999.9,0,0
29.924,7.13195,11.8623,3.11299,4.4,-0.187505,-0.825024,NONE,999.9,0,0
29.929,7.08796,11.8634,3.11119,4.4,-0.189276,-0.832814,NONE,999.9,0,0
29.932,7.08796,11.8634,3.11119,4.4,-0.189276,-0.832814,NONE,999.9,0,0
29.936,7.08796,11.8634,3.11119,4.4,-0.189276,-0.832814,NONE,999.9,0,0
29.9401,7.04398,11.8645,3.10923,4.4,-0.186788,-0.821869,NONE,999.9,0,0
29.9443,7.04398,11.8645,3.10923,4.4,-0.186788,-0.821869,NONE,999.9,0,0
29.9486,6.99999,11.8657,3.10775,4.4,-0.0948005,-0.417122,NONE,999.9,0,0
29.9524,6.99999,11.8657,3.10775,4.4,-0.0948005,-0.417122,NONE,999.9,0,0
29.9559,6.99999,11.8657,3.10775,4.4,-0.0948005,-0.417122,NONE,999.9,0,0
29.9603,6.95601,11.8669,3.10724,4.4,-0.0270141,-0.118862,NONE,999.9,0,0
29.9645,6.95601,11.8669,3.10724,4.4,-0.0270141,-0.118862,NONE,999.9,0,0
29.9689,6.91202,11.8681,3.10718,4.4,0.0292195,0.128566,NONE,999.9,0,0
29.972,6.91202,11.8681,3.10718,4.4,0.0292195,0.128566,NONE,999.9,0,0
29.9766,6.91202,11.8681,3.10718,4.4,0.0292195,0.128566,NONE,999.9,0,0
29.9803,6.86804,11.8692,3.10777,4.4,0.0688194,0.302805,NONE,999.9,0,0
29.9839,6.86804,11.8692,3.10777,4.4,0.0688194,0.302805,NONE,999.9,0,0
29.9889,6.82406,11.8704,3.10855,4.4,0.102889,0.452713,NONE,999.9,0,0
29.9924,6.82406,11.8704,3.10855,4.4,0.102889,0.452713,NONE,999.9,0,0
29.9963,6.82406,11.8704,3.10855,4.4,0.102889,0.452713,NONE,999.9,0,0
30.0001,6.78007,11.8716,3.10978,4.4,0.125111,0.550488,NONE,999.9,0,0
30.0041,6.78007,11.8716,3.10978,4.4,0.125111,0.550488,NONE,999.9,0,0
30.0097,6.73609,11.8727,3.11073,4.4,0.0518956,0.228341,NONE,999.9,0,0
30.0124,6.73609,11.8727,3.11073,4.4,0.0518956,0.228341,NONE,999.9,0,0
30.016,6.73609,11.8727,3.11073,4.4,0.0518956,0.228341,NONE,999.9,0,0
30.0201,6.6921,11.874,3.11089,4.4,-0.00174456,-0.00767605,NONE,999.9,0,0
30.0242,6.6921,11.874,3.11089,4.4,-0.00174456,-0.00767605,NONE,999.9,0,0
30.0293,6.64812,11.8753,3.11072,4.4,-0.0474233,-0.208662,NONE,999.9,0,0
30.0319,6.64812,11.8753,3.11072,4.4,-0.0474233,-0.208662,NONE,999.9,0,0
30.036,6.64812,11.8753,3.11072,4.4,-0.0474233,-0.208662,NONE,999.9,0,0
30.0401,6.60414,11.8766,3.10999,4.4,-0.0792434,-0.348671,NONE,999.9,0,0
30.0448,6.60414,11.8766,3.10999,4.4,-0.0792434,-0.348671,NONE,999.9,0,0
30.0488,6.56016,11.878,3.10914,4.4,-0.107667,-0.473736,NONE,999.9,0,0
30.0519,6.56016,11.878,3.10914,4.4,-0.107667,-0.473736,NONE,999.9,0,0
30.0564,6.56016,11.878,3.10914,4.4,-0.107667,-0.473736,NONE,999.9,0,0
30.0607,6.51619,11.8794,3.10788,4.4,-0.125873,-0.553841,NONE,999.9,0,0
30.064,6.51619,11.8794,3.10788,4.4,-0.125873,-0.553841,NONE,999.9,0,0
30.0689,6.47221,11.8809,3.10661,4.4,-0.143582,-0.631759,NONE,999.9,0,0
30.0719,6.47221,11.8809,3.10661,4.4,-0.143582,-0.631759,NONE,999.9,0,0
30.0762,6.47221,11.8809,3.10661,4.4,-0.143582,-0.631759,NONE,999.9,0,0
30.0805,6.42824,11.8824,3.10504,4.4,-0.153377,-0.674859,NONE,999.9,0,0
30.0839,6.42824,11.8824,3.10504,4.4,-0.153377,-0.674859,NONE,999.9,0,0
30.089,6.38427,11.884,3.10353,4.4,-0.164504,-0.723819,NONE,999.9,0,0
30.0923,6.38427,11.884,3.10353,4.4,-0.164504,-0.723819,NONE,999.9,0,0
30.096,6.38427,11.884,3.10353,4.4,-0.164504,-0.723819,NONE,999.9,0,0
30.1001,6.3403,11.8856,3.10178,4.4,-0.169168,-0.744337,NONE,999.9,0,0
30.1041,6.3403,11.8856,3.10178,4.4,-0.169168,-0.744337,NONE,999.9,0,0
30.109,6.29633,11.8873,3.10014,4.4,-0.176308,-0.775756,NONE,999.9,0,0
30.1122,6.29633,11.8873,3.10014,4.4,-0.176308,-0.775756,NONE,999.9,0,0
30.116,6.29633,11.8873,3.10014,4.4,-0.176308,-0.775756,NONE,999.9,0,0
30.1206,6.25236,11.889,3.09828,4.4,-0.177888,-0.782707,NONE,999.9,0,0
30.1241,6.25236,11.889,3.09828,4.4,-0.177888,-0.782707,NONE,999.9,0,0
30.1288,6.2084,11.8908,3.09656,4.4,-0.182656,-0.803685,NONE,999.9,0,0
30.132,6.2084,11.8908,3.09656,4.4,-0.182656,-0.803685,NONE,999.9,0,0
30.1362,6.2084,11.8908,3.09656,4.4,-0.182656,-0.803685,NONE,999.9,0,0
30.1401,6.16444,11.8927,3.09465,4.4,-0.18242,-0.802649,NONE,999.9,0,0
30.1444,6.16444,11.8927,3.09465,4.4,-0.18242,-0.802649,NONE,999.9,0,0
30.1489,6.12048,11.8946,3.09289,4.4,-0.185809,-0.81756,NONE,999.9,0,0
30.1523,6.12048,11.8946,3.09289,4.4,-0.185809,-0.81756,NONE,999.9,0,0
30.1567,6.12048,11.8946,3.09289,4.4,-0.185809,-0.81756,NONE,999.9,0,0
30.1603,6.07653,11.8966,3.09096,4.4,-0.184534,-0.811951,NONE,999.9,0,0
30.1639,6.07653,11.8966,3.09096,4.4,-0.184534,-0.811951,NONE,999.9,0,0
30.1695,6.03257,11.8986,3.08934,4.4,-0.140296,-0.617304,NONE,999.9,0,0
30.172,6.03257,11.8986,3.08934,4.4,-0.140296,-0.617304,NONE,999.9,0,0
30.1764,6.03257,11.8986,3.08934,4.4,-0.140296,-0.617304,NONE,999.9,0,0
30.1802,5.98862,11.9007,3.08828,4.4,-0.058957,-0.259411,NONE,999.9,0,0
30.1842,5.98862,11.9007,3.08828,4.4,-0.058957,-0.259411,NONE,999.9,0,0
30.1891,5.94467,11.9027,3.08808,4.4,0.000466772,0.0020538,NONE,999.9,0,0
30.1919,5.94467,11.9027,3.08808,4.4,0.000466772,0.0020538,NONE,999.9,0,0
30.1961,5.94467,11.9027,3.08808,4.4,0.000466772,0.0020538,NONE,999.9,0,0
30.2,5.90072,11.9047,3.08826,4.4,0.0501527,0.220672,NONE,999.9,0,0
30.2041,5.90072,11.9047,3.08826,4.4,0.0501527,0.220672,NONE,999.9,0,0
30.2087,5.85676,11.9068,3.08903,4.4,0.084643,0.372429,NONE,999.9,0,0
30.2122,5.85676,11.9068,3.08903,4.4,0.084643,0.372429,NONE,999.9,0,0
30.2162,5.85676,11.9068,3.08903,4.4,0.084643,0.372429,NONE,999.9,0,0
30.2204,5.81281,11.9088,3.08995,4.4,0.114741,0.504859,NONE,999.9,0,0
30.224,5.81281,11.9088,3.08995,4.4,0.114741,0.504859,NONE,999.9,0,0
30.2286,5.76885,11.9108,3.09128,4.4,0.133888,0.589105,NONE,999.9,0,0
30.2319,5.76885,11.9108,3.09128,4.4,0.133888,0.589105,NONE,999.9,0,0
30.2358,5.76885,11.9108,3.09128,4.4,0.133888,0.589105,NONE,999.9,0,0
30.2402,5.7249,11.9128,3.09263,4.4,0.152006,0.668828,NONE,999.9,0,0
30.2443,5.7249,11.9128,3.09263,4.4,0.152006,0.668828,NONE,999.9,0,0
30.2493,5.68094,11.9148,3.09428,4.4,0.161836,0.712077,NONE,999.9,0,0
30.2521,5.68094,11.9148,3.09428,4.4,0.161836,0.712077,NONE,999.9,0,0
30.2561,5.68094,11.9148,3.09428,4.4,0.161836,0.712077,NONE,999.9,0,0
30.2604,5.63699,11.9167,3.09587,4.4,0.172738,0.760045,NONE,999.9,0,0
30.264,5.63699,11.9167,3.09587,4.4,0.172738,0.760045,NONE,999.9,0,0
30.2687,5.59303,11.9186,3.09771,4.4,0.177004,0.778818,NONE,999.9,0,0
30.2719,5.59303,11.9186,3.09771,4.4,0.177004,0.778818,NONE,999.9,0,0
30.2763,5.59303,11.9186,3.09771,4.4,0.177004,0.778818,NONE,999.9,0,0
30.2803,5.54907,11.9205,3.09927,4.4,0.136791,0.601878,NONE,999.9,0,0
30.2845,5.54907,11.9205,3.09927,4.4,0.136791,0.601878,NONE,999.9,0,0
30.2897,5.50511,11.9224,3.10031,4.4,0.0583166,0.256593,NONE,999.9,0,0
30.2925,5.50511,11.9224,3.10031,4.4,0.0583166,0.256593,NONE,999.9,0,0
30.2962,5.50511,11.9224,3.10031,4.4,0.0583166,0.256593,NONE,999.9,0,0
30.3002,5.46115,11.9244,3.10051,4.4,0.000878352,0.00386475,NONE,999.9,0,0
30.3041,5.46115,11.9244,3.10051,4.4,0.000878352,0.00386475,NONE,999.9,0,0
30.3093,5.4172,11.9263,3.10067,4.4,0.0462182,0.20336,NONE,999.9,0,0
30.3177,5.4172,11.9263,3.10067,4.4,0.0462182,0.20336,NONE,999.9,0,0
30.3213,5.37323,11.9282,3.10139,4.4,0.0778412,0.342501,NONE,999.9,0,0
30.3243,5.37323,11.9282,3.10139,4.4,0.0778412,0.342501,NONE,999.9,0,0
30.3375,5.32927,11.93,3.10223,4.4,0.106171,0.467152,NONE,999.9,0,0
30.3408,5.28531,11.9317,3.10347,4.4,0.124356,0.547167,NONE,999.9,0,0
30.3549,5.24134,11.9335,3.10472,4.4,0.142095,0.625219,NONE,999.9,0,0
30.3571,5.24134,11.9335,3.10472,4.4,0.142095,0.625219,NONE,999.9,0,0
30.3713,5.19737,11.9351,3.10628,4.4,0.151955,0.668603,NONE,999.9,0,0
30.3734,5.19737,11.9351,3.10628,4.4,0.151955,0.668603,NONE,999.9,0,0
30.3879,5.1534,11.9367,3.10777,4.4,0.163169,0.717942,NONE,999.9,0,0
30.4022,5.10943,11.9383,3.10951,4.4,0.16793,0.738893,NONE,999.9,0,0
30.4058,5.06546,11.9398,3.11114,4.4,0.175175,0.770769,NONE,999.9,0,0
30.4133,5.02148,11.9412,3.11299,4.4,0.176859,0.77818,NONE,999.9,0,0
30.4188,5.02148,11.9412,3.11299,4.4,0.176859,0.77818,NONE,999.9,0,0
30.4224,4.9775,11.9426,3.1147,4.4,0.181729,0.799608,NONE,999.9,0,0
30.4245,4.9775,11.9426,3.1147,4.4,0.181729,0.799608,NONE,999.9,0,0
30.4359,4.93352,11.9439,3.1166,4.4,0.181591,0.799,NONE,999.9,0,0
30.438,4.93352,11.9439,3.1166,4.4,0.181591,0.799,NONE,999.9,0,0
30.4425,4.88954,11.9452,3.11835,4.4,0.185071,0.814312,NONE,999.9,0,0
30.4449,4.88954,11.9452,3.11835,4.4,0.185071,0.814312,NONE,999.9,0,0
30.4493,4.84556,11.9464,3.12028,4.4,0.18388,0.809074,NONE,999.9,0,0
30.4523,4.84556,11.9464,3.12028,4.4,0.18388,0.809074,NONE,999.9,0,0
30.456,4.84556,11.9464,3.12028,4.4,0.18388,0.809074,NONE,999.9,0,0
30.4604,4.80157,11.9475,3.12205,4.4,0.186571,0.820911,NONE,999.9,0,0
30.4639,4.80157,11.9475,3.12205,4.4,0.186571,0.820911,NONE,999.9,0,0
30.4689,4.75758,11.9486,3.12399,4.4,0.184794,0.813095,NONE,999.9,0,0
30.4725,4.75758,11.9486,3.12399,4.4,0.184794,0.813095,NONE,999.9,0,0
30.4767,4.75758,11.9486,3.12399,4.4,0.184794,0.813095,NONE,999.9,0,0
30.4803,4.71359,11.9495,3.12576,4.4,0.187056,0.823044,NONE,999.9,0,0
30.4839,4.71359,11.9495,3.12576,4.4,0.187056,0.823044,NONE,999.9,0,0
30.4888,4.6696,11.9504,3.12771,4.4,0.18497,0.81387,NONE,999.9,0,0
30.492,4.6696,11.9504,3.12771,4.4,0.18497,0.81387,NONE,999.9,0,0
30.496,4.6696,11.9504,3.12771,4.4,0.18497,0.81387,NONE,999.9,0,0
30.5,4.62561,11.9513,3.12948,4.4,0.187014,0.822864,NONE,999.9,0,0
30.5046,4.62561,11.9513,3.12948,4.4,0.187014,0.822864,NONE,999.9,0,0
30.5097,4.58162,11.952,3.13143,4.4,0.184781,0.813039,NONE,999.9,0,0
30.5122,4.58162,11.952,3.13143,4.4,0.184781,0.813039,NONE,999.9,0,0
30.516,4.58162,11.952,3.13143,4.4,0.184781,0.813039,NONE,999.9,0,0
30.5204,4.53762,11.9527,3.1332,4.4,0.18673,0.821611,NONE,999.9,0,0
30.5241,4.53762,11.9527,3.1332,4.4,0.18673,0.821611,NONE,999.9,0,0
30.5294,4.49363,11.9533,3.13514,4.4,0.184439,0.811533,NONE,999.9,0,0
30.5318,4.49363,11.9533,3.13514,4.4,0.184439,0.811533,NONE,999.9,0,0
30.5367,4.49363,11.9533,3.13514,4.4,0.184439,0.811533,NONE,999.9,0,0
30.5404,4.44963,11.9539,3.13691,4.4,0.186358,0.819976,NONE,999.9,0,0
30.5442,4.44963,11.9539,3.13691,4.4,0.186358,0.819976,NONE,999.9,0,0
30.5487,4.40563,11.9543,3.13885,4.4,0.184058,0.809857,NONE,999.9,0,0
30.552,4.40563,11.9543,3.13885,4.4,0.184058,0.809857,NONE,999.9,0,0
30.556,4.40563,11.9543,3.13885,4.4,0.184058,0.809857,NONE,999.9,0,0
30.56,4.36163,11.9547,3.14061,4.4,0.185982,0.818321,NONE,999.9,0,0
30.5641,4.36163,11.9547,3.14061,4.4,0.185982,0.818321,NONE,999.9,0,0
30.5699,4.31763,11.955,-3.14064,4.4,0.183697,0.808266,NONE,999.9,0,0
30.5724,4.31763,11.955,-3.14064,4.4,0.183697,0.808266,NONE,999.9,0,0
30.5763,4.31763,11.955,-3.14064,4.4,0.183697,0.808266,NONE,999.9,0,0
30.5804,4.27363,11.9552,-3.13888,4.4,0.185641,0.816821,NONE,999.9,0,0
30.5839,4.27363,11.9552,-3.13888,4.4,0.185641,0.816821,NONE,999.9,0,0
30.5892,4.22964,11.9553,-3.13695,4.4,0.18338,0.806871,NONE,999.9,0,0
30.5919,4.22964,11.9553,-3.13695,4.4,0.18338,0.806871,NONE,999.9,0,0
30.596,4.22964,11.9553,-3.13695,4.4,0.18338,0.806871,NONE,999.9,0,0
30.6004,4.18564,11.9554,-3.13519,4.4,0.18535,0.81554,NONE,999.9,0,0
30.6044,4.18564,11.9554,-3.13519,4.4,0.18535,0.81554,NONE,999.9,0,0
30.61,4.14164,11.9554,-3.13326,4.4,0.183115,0.805706,NONE,999.9,0,0
30.6121,4.14164,11.9554,-3.13326,4.4,0.183115,0.805706,NONE,999.9,0,0
30.6161,4.14164,11.9554,-3.13326,4.4,0.183115,0.805706,NONE,999.9,0,0
30.6204,4.09764,11.9553,-3.13182,4.4,0.0914084,0.402197,NONE,999.9,0,0
30.624,4.09764,11.9553,-3.13182,4.4,0.0914084,0.402197,NONE,999.9,0,0
30.629,4.05364,11.9553,-3.13135,4.4,0.0239148,0.105225,NONE,999.9,0,0
30.6326,4.05364,11.9553,-3.13135,4.4,0.0239148,0.105225,NONE,999.9,0,0
30.6363,4.05364,11.9553,-3.13135,4.4,0.0239148,0.105225,NONE,999.9,0,0
30.6408,4.00964,11.9552,-3.13131,4.4,-0.0320267,-0.140918,NONE,999.9,0,0
30.6446,4.00964,11.9552,-3.13131,4.4,-0.0320267,-0.140918,NONE,999.9,0,0
30.6496,3.96564,11.9551,-3.13192,4.4,-0.0713436,-0.313912,NONE,999.9,0,0
30.6521,3.96564,11.9551,-3.13192,4.4,-0.0713436,-0.313912,NONE,999.9,0,0
30.6561,3.96564,11.9551,-3.13192,4.4,-0.0713436,-0.313912,NONE,999.9,0,0
30.6605,3.92164,11.9551,-3.13273,4.4,-0.105145,-0.462638,NONE,999.9,0,0
30.665,3.92164,11.9551,-3.13273,4.4,-0.105145,-0.462638,NONE,999.9,0,0
30.6694,3.87764,11.955,-3.13398,4.4,-0.127116,-0.559311,NONE,999.9,0,0
30.6721,3.87764,11.955,-3.13398,4.4,-0.127116,-0.559311,NONE,999.9,0,0
30.6767,3.87764,11.955,-3.13398,4.4,-0.127116,-0.559311,NONE,999.9,0,0
30.6807,3.83364,11.9549,-3.13527,4.4,-0.147372,-0.648439,NONE,999.9,0,0
30.6839,3.83364,11.9549,-3.13527,4.4,-0.147372,-0.648439,NONE,999.9,0,0
30.689,3.78964,11.9549,-3.13689,4.4,-0.158805,-0.698742,NONE,999.9,0,0
30.6919,3.78964,11.9549,-3.13689,4.4,-0.158805,-0.698742,NONE,999.9,0,0
30.6964,3.78964,11.9549,-3.13689,4.4,-0.158805,-0.698742,NONE,999.9,0,0
30.7004,3.74564,11.9548,-3.13814,4.4,-0.077194,-0.339654,NONE,999.9,0,0
30.7043,3.74564,11.9548,-3.13814,4.4,-0.077194,-0.339654,NONE,999.9,0,0
30.7088,3.70164,11.9547,-3.13851,4.4,-0.0170475,-0.0750092,NONE,999.9,0,0
30.7122,3.70164,11.9547,-3.13851,4.4,-0.0170475,-0.0750092,NONE,999.9,0,0
30.7161,3.70164,11.9547,-3.13851,4.4,-0.0170475,-0.0750092,NONE,999.9,0,0
30.7202,3.65764,11.9546,-3.13851,4.4,0.0336493,0.148057,NONE,999.9,0,0
30.724,3.65764,11.9546,-3.13851,4.4,0.0336493,0.148057,NONE,999.9,0,0
30.7296,3.61364,11.9544,-3.1379,4.4,0.0693187,0.305002,NONE,999.9,0,0
30.732,3.61364,11.9544,-3.1379,4.4,0.0693187,0.305002,NONE,999.9,0,0
30.7361,3.61364,11.9544,-3.1379,4.4,0.0693187,0.305002,NONE,999.9,0,0
30.7401,3.56964,11.9542,-3.13713,4.4,0.100676,0.442975,NONE,999.9,0,0
30.7452,3.56964,11.9542,-3.13713,4.4,0.100676,0.442975,NONE,999.9,0,0
30.7486,3.52564,11.9539,-3.13593,4.4,0.121101,0.532845,NONE,999.9,0,0
30.7523,3.52564,11.9539,-3.13593,4.4,0.121101,0.532845,NONE,999.9,0,0
30.7558,3.52564,11.9539,-3.13593,4.4,0.121101,0.532845,NONE,999.9,0,0
30.7604,3.48164,11.9536,-3.1347,4.4,0.140473,0.618082,NONE,999.9,0,0
30.7644,3.48164,11.9536,-3.1347,4.4,0.140473,0.618082,NONE,999.9,0,0
30.7692,3.43764,11.9533,-3.13315,4.4,0.151502,0.666608,NONE,999.9,0,0
30.7719,3.43764,11.9533,-3.13315,4.4,0.151502,0.666608,NONE,999.9,0,0
30.7765,3.43764,11.9533,-3.13315,4.4,0.151502,0.666608,NONE,999.9,0,0
30.7802,3.39364,11.9529,-3.13166,4.4,0.163531,0.719535,NONE,999.9,0,0
30.784,3.39364,11.9529,-3.13166,4.4,0.163531,0.719535,NONE,999.9,0,0
30.7892,3.34964,11.9525,-3.12991,4.4,0.168841,0.742901,NONE,999.9,0,0
30.7926,3.34964,11.9525,-3.12991,4.4,0.168841,0.742901,NONE,999.9,0,0
30.7966,3.34964,11.9525,-3.12991,4.4,0.168841,0.742901,NONE,999.9,0,0
30.8001,3.30565,11.952,-3.12827,4.4,0.176436,0.776317,NONE,999.9,0,0
30.8041,3.30565,11.952,-3.12827,4.4,0.176436,0.776317,NONE,999.9,0,0
30.8097,3.26165,11.9514,-3.12641,4.4,0.178323,0.784622,NONE,999.9,0,0
30.8126,3.26165,11.9514,-3.12641,4.4,0.178323,0.784622,NONE,999.9,0,0
30.8161,3.26165,11.9514,-3.12641,4.4,0.178323,0.784622,NONE,999.9,0,0
30.8201,3.21765,11.9509,-3.12469,4.4,0.18329,0.806474,NONE,999.9,0,0
30.8247,3.21765,11.9509,-3.12469,4.4,0.18329,0.806474,NONE,999.9,0,0
30.8297,3.17366,11.9502,-3.12277,4.4,0.183172,0.805956,NONE,999.9,0,0
30.8322,3.17366,11.9502,-3.12277,4.4,0.183172,0.805956,NONE,999.9,0,0
30.836,3.17366,11.9502,-3.12277,4.4,0.183172,0.805956,NONE,999.9,0,0
30.84,3.12966,11.9495,-3.121,4.4,0.186619,0.821124,NONE,999.9,0,0
30.8449,3.12966,11.9495,-3.121,4.4,0.186619,0.821124,NONE,999.9,0,0
30.8487,3.08567,11.9487,-3.11906,4.4,0.185361,0.815588,NONE,999.9,0,0
30.8523,3.08567,11.9487,-3.11906,4.4,0.185361,0.815588,NONE,999.9,0,0
30.8563,3.08567,11.9487,-3.11906,4.4,0.185361,0.815588,NONE,999.9,0,0
30.8604,3.04168,11.9479,-3.11728,4.4,0.187961,0.827028,NONE,999.9,0,0
30.8641,3.04168,11.9479,-3.11728,4.4,0.187961,0.827028,NONE,999.9,0,0
30.8691,2.99769,11.947,-3.11532,4.4,0.186082,0.81876,NONE,999.9,0,0
30.872,2.99769,11.947,-3.11532,4.4,0.186082,0.81876,NONE,999.9,0,0
30.8765,2.99769,11.947,-3.11532,4.4,0.186082,0.81876,NONE,999.9,0,0
30.8802,2.9537,11.946,-3.11353,4.4,0.188235,0.828233,NONE,999.9,0,0
30.8841,2.9537,11.946,-3.11353,4.4,0.188235,0.828233,NONE,999.9,0,0
30.8898,2.90971,11.945,-3.11158,4.4,0.186041,0.818578,NONE,999.9,0,0
30.8922,2.90971,11.945,-3.11158,4.4,0.186041,0.818578,NONE,999.9,0,0
30.896,2.90971,11.945,-3.11158,4.4,0.186041,0.818578,NONE,999.9,0,0
30.9,2.86572,11.9439,-3.10979,4.4,0.187978,0.827105,NONE,999.9,0,0
30.9042,2.86572,11.9439,-3.10979,4.4,0.187978,0.827105,NONE,999.9,0,0
30.9085,2.82174,11.9427,-3.10784,4.4,0.185644,0.816834,NONE,999.9,0,0
30.9124,2.82174,11.9427,-3.10784,4.4,0.185644,0.816834,NONE,999.9,0,0
30.9161,2.82174,11.9427,-3.10784,4.4,0.185644,0.816834,NONE,999.9,0,0
30.9208,2.77776,11.9414,-3.10606,4.4,0.187497,0.824988,NONE,999.9,0,0
30.9241,2.77776,11.9414,-3.10606,4.4,0.187497,0.824988,NONE,999.9,0,0
30.9289,2.73378,11.9401,-3.10411,4.4,0.185119,0.814525,NONE,999.9,0,0
30.9319,2.73378,11.9401,-3.10411,4.4,0.185119,0.814525,NONE,999.9,0,0
30.9359,2.73378,11.9401,-3.10411,4.4,0.185119,0.814525,NONE,999.9,0,0
30.94,2.6898,11.9387,-3.10234,4.4,0.186958,0.822615,NONE,999.9,0,0
30.9443,2.6898,11.9387,-3.10234,4.4,0.186958,0.822615,NONE,999.9,0,0
30.9489,2.64583,11.9372,-3.10039,4.4,0.184586,0.812176,NONE,999.9,0,0
30.9524,2.64583,11.9372,-3.10039,4.4,0.184586,0.812176,NONE,999.9,0,0
30.9563,2.64583,11.9372,-3.10039,4.4,0.184586,0.812176,NONE,999.9,0,0
30.9601,2.60185,11.9356,-3.09862,4.4,0.186444,0.820353,NONE,999.9,0,0
30.9639,2.60185,11.9356,-3.09862,4.4,0.186444,0.820353,NONE,999.9,0,0
30.9691,2.55789,11.934,-3.09668,4.4,0.1841,0.810041,NONE,999.9,0,0
30.9719,2.55789,11.934,-3.09668,4.4,0.1841,0.810041,NONE,999.9,0,0
30.9766,2.55789,11.934,-3.09668,4.4,0.1841,0.810041,NONE,999.9,0,0
30.98,2.51392,11.9323,-3.09492,4.4,0.185992,0.818366,NONE,999.9,0,0
30.9844,2.51392,11.9323,-3.09492,4.4,0.185992,0.818366,NONE,999.9,0,0
30.9892,2.46996,11.9305,-3.09267,4.4,0.277388,1.22051,NONE,999.9,0,0
30.992,2.46996,11.9305,-3.09267,4.4,0.277388,1.22051,NONE,999.9,0,0
30.9959,2.46996,11.9305,-3.09267,4.4,0.277388,1.22051,NONE,999.9,0,0
31.0003,2.426,11.9285,-3.08946,4.4,0.344601,1.51624,NONE,999.9,0,0
31.0043,2.426,11.9285,-3.08946,4.4,0.344601,1.51624,NONE,999.9,0,0
31.0099,2.38205,11.9263,-3.08581,4.4,0.400291,1.76128,NONE,999.9,0,0
31.0121,2.38205,11.9263,-3.08581,4.4,0.400291,1.76128,NONE,999.9,0,0
31.0165,2.38205,11.9263,-3.08581,4.4,0.400291,1.76128,NONE,999.9,0,0
31.0213,2.33811,11.924,-3.08152,4.4,0.439384,1.93329,NONE,999.9,0,0
31.0241,2.33811,11.924,-3.08152,4.4,0.439384,1.93329,NONE,999.9,0,0
31.0296,2.29418,11.9216,-3.07703,4.4,0.472987,2.08114,NONE,999.9,0,0
31.0322,2.29418,11.9216,-3.07703,4.4,0.472987,2.08114,NONE,999.9,0,0
31.036,2.29418,11.9216,-3.07703,4.4,0.472987,2.08114,NONE,999.9,0,0
31.0401,2.25026,11.9189,-3.0721,4.4,0.494783,2.17705,NONE,999.9,0,0
31.0445,2.25026,11.9189,-3.0721,4.4,0.494783,2.17705,NONE,999.9,0,0
31.0499,2.20635,11.9162,-3.06713,4.4,0.514886,2.2655,NONE,999.9,0,0
31.0519,2.20635,11.9162,-3.06713,4.4,0.514886,2.2655,NONE,999.9,0,0
31.056,2.20635,11.9162,-3.06713,4.4,0.514886,2.2655,NONE,999.9,0,0
31.0601,2.16245,11.9132,-3.06184,4.4,0.526184,2.31521,NONE,999.9,0,0
31.0639,2.16245,11.9132,-3.06184,4.4,0.526184,2.31521,NONE,999.9,0,0
31.0691,2.11856,11.9101,-3.0566,4.4,0.538157,2.36789,NONE,999.9,0,0
31.0719,2.11856,11.9101,-3.0566,4.4,0.538157,2.36789,NONE,999.9,0,0
31.0763,2.11856,11.9101,-3.0566,4.4,0.538157,2.36789,NONE,999.9,0,0
31.0811,2.07469,11.9067,-3.05111,4.4,0.543192,2.39004,NONE,999.9,0,0
31.0847,2.07469,11.9067,-3.05111,4.4,0.543192,2.39004,NONE,999.9,0,0
31.0894,2.03083,11.9032,-3.04572,4.4,0.550366,2.42161,NONE,999.9,0,0
31.092,2.03083,11.9032,-3.04572,4.4,0.550366,2.42161,NONE,999.9,0,0
31.096,2.03083,11.9032,-3.04572,4.4,0.550366,2.42161,NONE,999.9,0,0
31.1002,1.98699,11.8995,-3.04013,4.4,0.551748,2.42769,NONE,999.9,0,0
31.104,1.98699,11.8995,-3.04013,4.4,0.551748,2.42769,NONE,999.9,0,0
31.1098,1.94316,11.8955,-3.03467,4.4,0.556164,2.44712,NONE,999.9,0,0
31.1129,1.94316,11.8955,-3.03467,4.4,0.556164,2.44712,NONE,999.9,0,0
31.1169,1.94316,11.8955,-3.03467,4.4,0.556164,2.44712,NONE,999.9,0,0
31.1211,1.89936,11.8914,-3.02903,4.4,0.555481,2.44412,NONE,999.9,0,0
31.1248,1.89936,11.8914,-3.02903,4.4,0.555481,2.44412,NONE,999.9,0,0
31.1292,1.85557,11.8871,-3.02354,4.4,0.558371,2.45683,NONE,999.9,0,0
31.1321,1.85557,11.8871,-3.02354,4.4,0.558371,2.45683,NONE,999.9,0,0
31.136,1.85557,11.8871,-3.02354,4.4,0.558371,2.45683,NONE,999.9,0,0
31.1401,1.81181,11.8825,-3.01788,4.4,0.556576,2.44893,NONE,999.9,0,0
31.1445,1.81181,11.8825,-3.01788,4.4,0.556576,2.44893,NONE,999.9,0,0
31.1492,1.76807,11.8777,-3.01239,4.4,0.55867,2.45815,NONE,999.9,0,0
31.152,1.76807,11.8777,-3.01239,4.4,0.55867,2.45815,NONE,999.9,0,0
31.156,1.76807,11.8777,-3.01239,4.4,0.55867,2.45815,NONE,999.9,0,0
31.16,1.72436,11.8727,-3.00673,4.4,0.55632,2.44781,NONE,999.9,0,0
31.1641,1.72436,11.8727,-3.00673,4.4,0.55632,2.44781,NONE,999.9,0,0
31.1689,1.68067,11.8675,-3.00124,4.4,0.55804,2.45538,NONE,999.9,0,0
31.172,1.68067,11.8675,-3.00124,4.4,0.55804,2.45538,NONE,999.9,0,0
31.1772,1.68067,11.8675,-3.00124,4.4,0.55804,2.45538,NONE,999.9,0,0
31.1814,1.63701,11.862,-2.99527,4.4,0.649155,2.85628,NONE,999.9,0,0
31.184,1.63701,11.862,-2.99527,4.4,0.649155,2.85628,NONE,999.9,0,0
31.1892,1.59339,11.8562,-2.98835,4.4,0.716022,3.15049,NONE,999.9,0,0
31.1922,1.59339,11.8562,-2.98835,4.4,0.716022,3.15049,NONE,999.9,0,0
31.196,1.59339,11.8562,-2.98835,4.4,0.716022,3.15049,NONE,999.9,0,0
31.2001,1.54982,11.8501,-2.98098,4.4,0.77133,3.39385,NONE,999.9,0,0
31.2043,1.54982,11.8501,-2.98098,4.4,0.77133,3.39385,NONE,999.9,0,0
31.2096,1.50629,11.8437,-2.97298,4.4,0.810028,3.56412,NONE,999.9,0,0
31.2128,1.50629,11.8437,-2.97298,4.4,0.810028,3.56412,NONE,999.9,0,0
31.216,1.50629,11.8437,-2.97298,4.4,0.810028,3.56412,NONE,999.9,0,0
31.2201,1.4628,11.837,-2.96479,4.4,0.843238,3.71025,NONE,999.9,0,0
31.2239,1.4628,11.837,-2.96479,4.4,0.843238,3.71025,NONE,999.9,0,0
31.2293,1.41936,11.83,-2.95616,4.4,0.864655,3.80448,NONE,999.9,0,0
31.2321,1.41936,11.83,-2.95616,4.4,0.864655,3.80448,NONE,999.9,0,0
31.2361,1.41936,11.83,-2.95616,4.4,0.864655,3.80448,NONE,999.9,0,0
31.2407,1.37598,11.8227,-2.9475,4.4,0.884399,3.89136,NONE,999.9,0,0
31.2455,1.37598,11.8227,-2.9475,4.4,0.884399,3.89136,NONE,999.9,0,0
31.2486,1.33266,11.815,-2.93851,4.4,0.895362,3.93959,NONE,999.9,0,0
31.2522,1.33266,11.815,-2.93851,4.4,0.895362,3.93959,NONE,999.9,0,0
31.2561,1.33266,11.815,-2.93851,4.4,0.895362,3.93959,NONE,999.9,0,0
31.2604,1.28939,11.807,-2.92958,4.4,0.907028,3.99093,NONE,999.9,0,0
31.264,1.28939,11.807,-2.92958,4.4,0.907028,3.99093,NONE,999.9,0,0
31.2694,1.24619,11.7986,-2.9204,4.4,0.911783,4.01184,NONE,999.9,0,0
31.2722,1.24619,11.7986,-2.9204,4.4,0.911783,4.01184,NONE,999.9,0,0
31.2765,1.24619,11.7986,-2.9204,4.4,0.911783,4.01184,NONE,999.9,0,0
31.2803,1.20305,11.79,-2.91133,4.4,0.918704,4.0423,NONE,999.9,0,0
31.2841,1.20305,11.79,-2.91133,4.4,0.918704,4.0423,NONE,999.9,0,0
31.2891,1.15999,11.7809,-2.90205,4.4,0.919858,4.04738,NONE,999.9,0,0
31.2919,1.15999,11.7809,-2.90205,4.4,0.919858,4.04738,NONE,999.9,0,0
31.2963,1.15999,11.7809,-2.90205,4.4,0.919858,4.04738,NONE,999.9,0,0
31.2999,1.11701,11.7715,-2.89292,4.4,0.924071,4.06591,NONE,999.9,0,0
31.3047,1.11701,11.7715,-2.89292,4.4,0.924071,4.06591,NONE,999.9,0,0
31.3101,1.0741,11.7618,-2.8836,4.4,0.923209,4.06212,NONE,999.9,0,0
31.3124,1.0741,11.7618,-2.8836,4.4,0.923209,4.06212,NONE,999.9,0,0
31.3159,1.0741,11.7618,-2.8836,4.4,0.923209,4.06212,NONE,999.9,0,0
31.3202,1.03128,11.7516,-2.87444,4.4,0.925939,4.07413,NONE,999.9,0,0
31.3242,1.03128,11.7516,-2.87444,4.4,0.925939,4.07413,NONE,999.9,0,0
31.329,0.988552,11.7411,-2.8651,4.4,0.924004,4.06562,NONE,999.9,0,0
31.332,0.988552,11.7411,-2.8651,4.4,0.924004,4.06562,NONE,999.9,0,0
31.3367,0.988552,11.7411,-2.8651,4.4,0.924004,4.06562,NONE,999.9,0,0
31.3408,0.945909,11.7303,-2.85594,4.4,0.925975,4.07429,NONE,999.9,0,0
31.3444,0.945909,11.7303,-2.85594,4.4,0.925975,4.07429,NONE,999.9,0,0
31.3488,0.903366,11.7191,-2.8466,4.4,0.923518,4.06348,NONE,999.9,0,0
31.3521,0.903366,11.7191,-2.8466,4.4,0.923518,4.06348,NONE,999.9,0,0
31.3561,0.903366,11.7191,-2.8466,4.4,0.923518,4.06348,NONE,999.9,0,0
31.3601,0.86092,11.7075,-2.83744,4.4,0.925145,4.07064,NONE,999.9,0,0
31.364,0.86092,11.7075,-2.83744,4.4,0.925145,4.07064,NONE,999.9,0,0
31.3696,0.818588,11.6955,-2.8278,4.4,1.01618,4.47118,NONE,999.9,0,0
31.3722,0.818588,11.6955,-2.8278,4.4,1.01618,4.47118,NONE,999.9,0,0
31.3764,0.818588,11.6955,-2.8278,4.4,1.01618,4.47118,NONE,999.9,0,0
31.3802,0.776389,11.683,-2.81721,4.4,1.08297,4.76508,NONE,999.9,0,0
31.3841,0.776389,11.683,-2.81721,4.4,1.08297,4.76508,NONE,999.9,0,0
31.3887,0.734321,11.6701,-2.80618,4.4,1.13822,5.00817,NONE,999.9,0,0
31.3922,0.734321,11.6701,-2.80618,4.4,1.13822,5.00817,NONE,999.9,0,0
31.396,0.734321,11.6701,-2.80618,4.4,1.13822,5.00817,NONE,999.9,0,0
31.4004,0.692396,11.6568,-2.79451,4.4,1.17687,5.17821,NONE,999.9,0,0
31.4043,0.692396,11.6568,-2.79451,4.4,1.17687,5.17821,NONE,999.9,0,0
31.4095,0.650613,11.643,-2.78265,4.4,1.21003,5.32413,NONE,999.9,0,0
31.4123,0.650613,11.643,-2.78265,4.4,1.21003,5.32413,NONE,999.9,0,0
31.4159,0.650613,11.643,-2.78265,4.4,1.21003,5.32413,NONE,999.9,0,0
31.4203,0.608988,11.6287,-2.77035,4.4,1.23141,5.41819,NONE,999.9,0,0
31.4241,0.608988,11.6287,-2.77035,4.4,1.23141,5.41819,NONE,999.9,0,0
31.4288,0.567518,11.614,-2.75802,4.4,1.25112,5.50492,NONE,999.9,0,0
31.4321,0.567518,11.614,-2.75802,4.4,1.25112,5.50492,NONE,999.9,0,0
31.4367,0.567518,11.614,-2.75802,4.4,1.25112,5.50492,NONE,999.9,0,0
31.4403,0.526221,11.5988,-2.74537,4.4,1.26205,5.55303,NONE,999.9,0,0
31.4445,0.526221,11.5988,-2.74537,4.4,1.26205,5.55303,NONE,999.9,0,0
31.4487,0.485094,11.5832,-2.73277,4.4,1.27369,5.60425,NONE,999.9,0,0
31.4521,0.485094,11.5832,-2.73277,4.4,1.27369,5.60425,NONE,999.9,0,0
31.4562,0.485094,11.5832,-2.73277,4.4,1.27369,5.60425,NONE,999.9,0,0
31.46,0.444156,11.5671,-2.71992,4.4,1.27843,5.62507,NONE,999.9,0,0
31.4641,0.444156,11.5671,-2.71992,4.4,1.27843,5.62507,NONE,999.9,0,0
31.4693,0.403403,11.5505,-2.70719,4.4,1.28533,5.65545,NONE,999.9,0,0
31.4719,0.403403,11.5505,-2.70719,4.4,1.28533,5.65545,NONE,999.9,0,0
31.4764,0.403403,11.5505,-2.70719,4.4,1.28533,5.65545,NONE,999.9,0,0
31.48,0.362853,11.5334,-2.69424,4.4,1.28647,5.66046,NONE,999.9,0,0
31.4849,0.362853,11.5334,-2.69424,4.4,1.28647,5.66046,NONE,999.9,0,0
31.4887,0.322505,11.5159,-2.68144,4.4,1.29067,5.67893,NONE,999.9,0,0
31.4921,0.322505,11.5159,-2.68144,4.4,1.29067,5.67893,NONE,999.9,0,0
31.4961,0.322505,11.5159,-2.68144,4.4,1.29067,5.67893,NONE,999.9,0,0
31.5001,0.282377,11.4978,-2.66845,4.4,1.28979,5.67509,NONE,999.9,0,0
31.504,0.282377,11.4978,-2.66845,4.4,1.28979,5.67509,NONE,999.9,0,0
31.5094,0.242464,11.4793,-2.65562,4.4,1.29251,5.68706,NONE,999.9,0,0
31.5121,0.242464,11.4793,-2.65562,4.4,1.29251,5.68706,NONE,999.9,0,0
31.5159,0.242464,11.4793,-2.65562,4.4,1.29251,5.68706,NONE,999.9,0,0
31.5202,0.202798,11.4603,-2.64231,4.4,1.38427,6.0908,NONE,999.9,0,0
31.5241,0.202798,11.4603,-2.64231,4.4,1.38427,6.0908,NONE,999.9,0,0
31.5294,0.163408,11.4407,-2.62803,4.4,1.45152,6.38669,NONE,999.9,0,0
31.5322,0.163408,11.4407,-2.62803,4.4,1.45152,6.38669,NONE,999.9,0,0
31.5363,0.163408,11.4407,-2.62803,4.4,1.45152,6.38669,NONE,999.9,0,0
31.5402,0.124291,11.4205,-2.61331,4.4,1.50702,6.63088,NONE,999.9,0,0
31.5443,0.124291,11.4205,-2.61331,4.4,1.50702,6.63088,NONE,999.9,0,0
31.5489,0.0854693,11.3998,-2.59795,4.4,1.54577,6.80138,NONE,999.9,0,0
31.552,0.0854693,11.3998,-2.59795,4.4,1.54577,6.80138,NONE,999.9,0,0
31.556,0.0854693,11.3998,-2.59795,4.4,1.54577,6.80138,NONE,999.9,0,0
31.5605,0.0469408,11.3785,-2.5824,4.4,1.57893,6.94731,NONE,999.9,0,0
31.5643,0.0469408,11.3785,-2.5824,4.4,1.57893,6.94731,NONE,999.9,0,0
31.5687,0.00872979,11.3567,-2.56642,4.4,1.60024,7.04107,NONE,999.9,0,0
31.572,0.00872979,11.3567,-2.56642,4.4,1.60024,7.04107,NONE,999.9,0,0
31.5764,0.00872979,11.3567,-2.56642,4.4,1.60024,7.04107,NONE,999.9,0,0
31.5803,-0.0291652,11.3344,-2.5504,4.4,1.61984,7.12729,NONE,999.9,0,0
31.5839,-0.0291652,11.3344,-2.5504,4.4,1.61984,7.12729,NONE,999.9,0,0
31.5886,-0.0667185,11.3114,-2.53406,4.4,1.63063,7.17477,NONE,999.9,0,0
31.5924,-0.0667185,11.3114,-2.53406,4.4,1.63063,7.17477,NONE,999.9,0,0
31.5963,-0.0667185,11.3114,-2.53406,4.4,1.63063,7.17477,NONE,999.9,0,0
31.6001,-0.103932,11.288,-2.51778,4.4,1.64211,7.22529,NONE,999.9,0,0
31.6041,-0.103932,11.288,-2.51778,4.4,1.64211,7.22529,NONE,999.9,0,0
31.6088,-0.140779,11.2639,-2.50125,4.4,1.64668,7.24538,NONE,999.9,0,0
31.6125,-0.140779,11.2639,-2.50125,4.4,1.64668,7.24538,NONE,999.9,0,0
31.6167,-0.140779,11.2639,-2.50125,4.4,1.64668,7.24538,NONE,999.9,0,0
31.62,-0.177262,11.2393,-2.48483,4.4,1.65342,7.27503,NONE,999.9,0,0
31.6241,-0.177262,11.2393,-2.48483,4.4,1.65342,7.27503,NONE,999.9,0,0
31.6293,-0.213355,11.2142,-2.4682,4.4,1.6544,7.27934,NONE,999.9,0,0
31.6318,-0.213355,11.2142,-2.4682,4.4,1.6544,7.27934,NONE,999.9,0,0
31.636,-0.213355,11.2142,-2.4682,4.4,1.6544,7.27934,NONE,999.9,0,0
31.64,-0.24906,11.1884,-2.45172,4.4,1.65845,7.29716,NONE,999.9,0,0
31.6444,-0.24906,11.1884,-2.45172,4.4,1.65845,7.29716,NONE,999.9,0,0
31.6488,-0.28435,11.1622,-2.43506,4.4,1.65743,7.2927,NONE,999.9,0,0
31.6518,-0.28435,11.1622,-2.43506,4.4,1.65743,7.2927,NONE,999.9,0,0
31.6563,-0.28435,11.1622,-2.43506,4.4,1.65743,7.2927,NONE,999.9,0,0
31.6601,-0.319231,11.1354,-2.41855,4.4,1.66002,7.3041,NONE,999.9,0,0
31.664,-0.319231,11.1354,-2.41855,4.4,1.66002,7.3041,NONE,999.9,0,0
31.6685,-0.353673,11.108,-2.40188,4.4,1.65796,7.29503,NONE,999.9,0,0
31.6718,-0.353673,11.108,-2.40188,4.4,1.65796,7.29503,NONE,999.9,0,0
31.6763,-0.353673,11.108,-2.40188,4.4,1.65796,7.29503,NONE,999.9,0,0
31.68,-0.387684,11.0801,-2.38538,4.4,1.65982,7.3032,NONE,999.9,0,0
31.6839,-0.387684,11.0801,-2.38538,4.4,1.65982,7.3032,NONE,999.9,0,0
31.6893,-0.421234,11.0516,-2.36871,4.4,1.65726,7.29195,NONE,999.9,0,0
31.692,-0.421234,11.0516,-2.36871,4.4,1.65726,7.29195,NONE,999.9,0,0
31.6962,-0.421234,11.0516,-2.36871,4.4,1.65726,7.29195,NONE,999.9,0,0
31.7001,-0.454332,11.0226,-2.35221,4.4,1.6588,7.2987,NONE,999.9,0,0
31.7041,-0.454332,11.0226,-2.35221,4.4,1.6588,7.2987,NONE,999.9,0,0
31.7092,-0.48695,10.9931,-2.33555,4.4,1.65605,7.28661,NONE,999.9,0,0
31.7121,-0.48695,10.9931,-2.33555,4.4,1.65605,7.28661,NONE,999.9,0,0
31.7159,-0.48695,10.9931,-2.33555,4.4,1.65605,7.28661,NONE,999.9,0,0
31.7204,-0.519094,10.963,-2.31907,4.4,1.65749,7.29295,NONE,999.9,0,0
31.7248,-0.519094,10.963,-2.31907,4.4,1.65749,7.29295,NONE,999.9,0,0
31.7292,-0.550738,10.9325,-2.30242,4.4,1.65471,7.28073,NONE,999.9,0,0
31.7321,-0.550738,10.9325,-2.30242,4.4,1.65471,7.28073,NONE,999.9,0,0
31.736,-0.550738,10.9325,-2.30242,4.4,1.65471,7.28073,NONE,999.9,0,0
31.7401,-0.58189,10.9014,-2.28595,4.4,1.65617,7.28717,NONE,999.9,0,0
31.7446,-0.58189,10.9014,-2.28595,4.4,1.65617,7.28717,NONE,999.9,0,0
31.7486,-0.612503,10.8698,-2.269,4.4,1.74715,7.68748,NONE,999.9,0,0
31.7523,-0.612503,10.8698,-2.269,4.4,1.74715,7.68748,NONE,999.9,0,0
31.7563,-0.612503,10.8698,-2.269,4.4,1.74715,7.68748,NONE,999.9,0,0
31.7604,-0.642531,10.8376,-2.2511,4.4,1.81397,7.98148,NONE,999.9,0,0
31.7638,-0.642531,10.8376,-2.2511,4.4,1.81397,7.98148,NONE,999.9,0,0
31.7687,-0.671986,10.8049,-2.23275,4.4,1.8693,8.2249,NONE,999.9,0,0
31.7718,-0.671986,10.8049,-2.23275,4.4,1.8693,8.2249,NONE,999.9,0,0
31.7763,-0.671986,10.8049,-2.23275,4.4,1.8693,8.2249,NONE,999.9,0,0
31.7801,-0.700834,10.7717,-2.21377,4.4,1.90805,8.39542,NONE,999.9,0,0
31.7844,-0.700834,10.7717,-2.21377,4.4,1.90805,8.39542,NONE,999.9,0,0
31.7892,-0.729083,10.738,-2.1946,4.4,1.94135,8.54192,NONE,999.9,0,0
31.7925,-0.729083,10.738,-2.1946,4.4,1.94135,8.54192,NONE,999.9,0,0
31.7959,-0.729083,10.738,-2.1946,4.4,1.94135,8.54192,NONE,999.9,0,0
31.8,-0.756699,10.7037,-2.17499,4.4,1.96286,8.6366,NONE,999.9,0,0
31.8038,-0.756699,10.7037,-2.17499,4.4,1.96286,8.6366,NONE,999.9,0,0
31.8092,-0.783689,10.669,-2.15534,4.4,1.98272,8.72395,NONE,999.9,0,0
31.8123,-0.783689,10.669,-2.15534,4.4,1.98272,8.72395,NONE,999.9,0,0
31.8161,-0.783689,10.669,-2.15534,4.4,1.98272,8.72395,NONE,999.9,0,0
31.8208,-0.810017,10.6337,-2.13537,4.4,1.99379,8.77268,NONE,999.9,0,0
31.824,-0.810017,10.6337,-2.13537,4.4,1.99379,8.77268,NONE,999.9,0,0
31.8296,-0.835691,10.598,-2.11546,4.4,2.00557,8.82449,NONE,999.9,0,0
31.8324,-0.835691,10.598,-2.11546,4.4,2.00557,8.82449,NONE,999.9,0,0
31.8361,-0.835691,10.598,-2.11546,4.4,2.00557,8.82449,NONE,999.9,0,0
31.8403,-0.860673,10.5618,-2.09529,4.4,2.01042,8.84587,NONE,999.9,0,0
31.8445,-0.860673,10.5618,-2.09529,4.4,2.01042,8.84587,NONE,999.9,0,0
31.849,-0.884973,10.5251,-2.07524,4.4,2.01745,8.87676,NONE,999.9,0,0
31.8523,-0.884973,10.5251,-2.07524,4.4,2.01745,8.87676,NONE,999.9,0,0
31.856,-0.884973,10.5251,-2.07524,4.4,2.01745,8.87676,NONE,999.9,0,0
31.8601,-0.908555,10.4879,-2.05497,4.4,2.01869,8.88224,NONE,999.9,0,0
31.8638,-0.908555,10.4879,-2.05497,4.4,2.01869,8.88224,NONE,999.9,0,0
31.8689,-0.931427,10.4504,-2.03485,4.4,2.02299,8.90115,NONE,999.9,0,0
31.8721,-0.931427,10.4504,-2.03485,4.4,2.02299,8.90115,NONE,999.9,0,0
31.8763,-0.931427,10.4504,-2.03485,4.4,2.02299,8.90115,NONE,999.9,0,0
31.8804,-0.953556,10.4123,-2.01453,4.4,2.0222,8.89769,NONE,999.9,0,0
31.8844,-0.953556,10.4123,-2.01453,4.4,2.0222,8.89769,NONE,999.9,0,0
31.8888,-0.974952,10.3739,-1.99438,4.4,2.025,8.91001,NONE,999.9,0,0
31.8918,-0.974952,10.3739,-1.99438,4.4,2.025,8.91001,NONE,999.9,0,0
31.8959,-0.974952,10.3739,-1.99438,4.4,2.025,8.91001,NONE,999.9,0,0
31.9002,-0.99558,10.335,-1.97406,4.4,2.02313,8.90177,NONE,999.9,0,0
31.904,-0.99558,10.335,-1.97406,4.4,2.02313,8.90177,NONE,999.9,0,0
31.9094,-1.01545,10.2958,-1.9539,4.4,2.02516,8.91069,NONE,999.9,0,0
31.9124,-1.01545,10.2958,-1.9539,4.4,2.02516,8.91069,NONE,999.9,0,0
31.9163,-1.01545,10.2958,-1.9539,4.4,2.02516,8.91069,NONE,999.9,0,0
31.9208,-1.03454,10.2561,-1.93358,4.4,2.02275,8.90009,NONE,999.9,0,0
31.924,-1.03454,10.2561,-1.93358,4.4,2.02275,8.90009,NONE,999.9,0,0
31.929,-1.05284,10.2161,-1.91342,4.4,2.02442,8.90744,NONE,999.9,0,0
31.932,-1.05284,10.2161,-1.91342,4.4,2.02442,8.90744,NONE,999.9,0,0
31.9362,-1.05284,10.2161,-1.91342,4.4,2.02442,8.90744,NONE,999.9,0,0
31.9399,-1.07034,10.1757,-1.89311,4.4,2.02179,8.89586,NONE,999.9,0,0
31.9445,-1.07034,10.1757,-1.89311,4.4,2.02179,8.89586,NONE,999.9,0,0
31.9496,-1.08705,10.135,-1.87297,4.4,2.02333,8.90266,NONE,999.9,0,0
31.9519,-1.08705,10.135,-1.87297,4.4,2.02333,8.90266,NONE,999.9,0,0
31.9563,-1.08705,10.135,-1.87297,4.4,2.02333,8.90266,NONE,999.9,0,0
31.9601,-1.10293,10.094,-1.85266,4.4,2.02065,8.89085,NONE,999.9,0,0
31.9639,-1.10293,10.094,-1.85266,4.4,2.02065,8.89085,NONE,999.9,0,0
31.9694,-1.11801,10.0527,-1.83253,4.4,2.02219,8.89763,NONE,999.9,0,0
31.9718,-1.11801,10.0527,-1.83253,4.4,2.02219,8.89763,NONE,999.9,0,0
31.977,-1.11801,10.0527,-1.83253,4.4,2.02219,8.89763,NONE,999.9,0,0
31.9805,-1.13224,10.011,-1.81224,4.4,2.01954,8.88596,NONE,999.9,0,0
31.9843,-1.13224,10.011,-1.81224,4.4,2.01954,8.88596,NONE,999.9,0,0
31.9886,-1.14565,9.96912,-1.79212,4.4,2.02113,8.89298,NONE,999.9,0,0
31.9921,-1.14565,9.96912,-1.79212,4.4,2.02113,8.89298,NONE,999.9,0,0
31.9959,-1.14565,9.96912,-1.79212,4.4,2.02113,8.89298,NONE,999.9,0,0
32.0001,-1.1582,9.92695,-1.77184,4.4,2.01855,8.88161,NONE,999.9,0,0
32.004,-1.1582,9.92695,-1.77184,4.4,2.01855,8.88161,NONE,999.9,0,0
32.0093,-1.16992,9.88454,-1.75173,4.4,2.02022,8.88896,NONE,999.9,0,0
32.0121,-1.16992,9.88454,-1.75173,4.4,2.02022,8.88896,NONE,999.9,0,0
32.016,-1.16992,9.88454,-1.75173,4.4,2.02022,8.88896,NONE,999.9,0,0
32.0201,-1.18078,9.8419,-1.73145,4.4,2.01771,8.87794,NONE,999.9,0,0
32.0239,-1.18078,9.8419,-1.73145,4.4,2.01771,8.87794,NONE,999.9,0,0
32.0289,-1.19078,9.79905,-1.71135,4.4,2.01946,8.88564,NONE,999.9,0,0
32.0319,-1.19078,9.79905,-1.71135,4.4,2.01946,8.88564,NONE,999.9,0,0
32.0361,-1.19078,9.79905,-1.71135,4.4,2.01946,8.88564,NONE,999.9,0,0
32.0408,-1.19992,9.75601,-1.69109,4.4,2.01703,8.87495,NONE,999.9,0,0
32.0441,-1.19992,9.75601,-1.69109,4.4,2.01703,8.87495,NONE,999.9,0,0
32.0487,-1.2082,9.7128,-1.67099,4.4,2.01886,8.88297,NONE,999.9,0,0
32.052,-1.2082,9.7128,-1.67099,4.4,2.01886,8.88297,NONE,999.9,0,0
32.0559,-1.2082,9.7128,-1.67099,4.4,2.01886,8.88297,NONE,999.9,0,0
32.0601,-1.2156,9.66943,-1.65073,4.4,2.01649,8.87257,NONE,999.9,0,0
32.0639,-1.2156,9.66943,-1.65073,4.4,2.01649,8.87257,NONE,999.9,0,0
32.0686,-1.22213,9.62592,-1.63064,4.4,2.01838,8.88087,NONE,999.9,0,0
32.0724,-1.22213,9.62592,-1.63064,4.4,2.01838,8.88087,NONE,999.9,0,0
32.0765,-1.22213,9.62592,-1.63064,4.4,2.01838,8.88087,NONE,999.9,0,0
32.0802,-1.22778,9.58228,-1.61038,4.4,2.01607,8.87072,NONE,999.9,0,0
32.0842,-1.22778,9.58228,-1.61038,4.4,2.01607,8.87072,NONE,999.9,0,0
32.0888,-1.23256,9.53854,-1.5903,4.4,2.01801,8.87924,NONE,999.9,0,0
32.092,-1.23256,9.53854,-1.5903,4.4,2.01801,8.87924,NONE,999.9,0,0
32.0959,-1.23256,9.53854,-1.5903,4.4,2.01801,8.87924,NONE,999.9,0,0
32.1,-1.23645,9.49471,-1.57004,4.4,2.01575,8.8693,NONE,999.9,0,0
32.1042,-1.23645,9.49471,-1.57004,4.4,2.01575,8.8693,NONE,999.9,0,0
32.1091,-1.23946,9.45082,-1.54996,4.4,2.01773,8.878,NONE,999.9,0,0
32.1122,-1.23946,9.45082,-1.54996,4.4,2.01773,8.878,NONE,999.9,0,0
32.116,-1.23946,9.45082,-1.54996,4.4,2.01773,8.878,NONE,999.9,0,0
32.1201,-1.24158,9.40687,-1.52971,4.4,2.0155,8.86822,NONE,999.9,0,0
32.1239,-1.24158,9.40687,-1.52971,4.4,2.0155,8.86822,NONE,999.9,0,0
32.1289,-1.24283,9.36289,-1.50963,4.4,2.01751,8.87706,NONE,999.9,0,0
32.1318,-1.24283,9.36289,-1.50963,4.4,2.01751,8.87706,NONE,999.9,0,0
32.1361,-1.24283,9.36289,-1.50963,4.4,2.01751,8.87706,NONE,999.9,0,0
32.1401,-1.24317,9.31889,-1.48938,4.4,2.01532,8.86741,NONE,999.9,0,0
32.1443,-1.24317,9.31889,-1.48938,4.4,2.01532,8.86741,NONE,999.9,0,0
32.1492,-1.24265,9.27489,-1.4693,4.4,2.01735,8.87636,NONE,999.9,0,0
32.1519,-1.24265,9.27489,-1.4693,4.4,2.01735,8.87636,NONE,999.9,0,0
32.156,-1.24265,9.27489,-1.4693,4.4,2.01735,8.87636,NONE,999.9,0,0
32.1599,-1.24122,9.23092,-1.44906,4.4,2.01518,8.8668,NONE,999.9,0,0
32.1639,-1.24122,9.23092,-1.44906,4.4,2.01518,8.8668,NONE,999.9,0,0
32.1687,-1.23892,9.18698,-1.42898,4.4,2.01724,8.87584,NONE,999.9,0,0
32.1724,-1.23892,9.18698,-1.42898,4.4,2.01724,8.87584,NONE,999.9,0,0
32.1762,-1.23892,9.18698,-1.42898,4.4,2.01724,8.87584,NONE,999.9,0,0
32.1803,-1.2357,9.1431,-1.40841,4.4,2.10878,9.27864,NONE,999.9,0,0
32.184,-1.2357,9.1431,-1.40841,4.4,2.10878,9.27864,NONE,999.9,0,0
32.1888,-1.2315,9.0993,-1.38689,4.4,2.17613,9.57499,NONE,999.9,0,0
32.192,-1.2315,9.0993,-1.38689,4.4,2.17613,9.57499,NONE,999.9,0,0
32.196,-1.2315,9.0993,-1.38689,4.4,2.17613,9.57499,NONE,999.9,0,0
32.2001,-1.22639,9.0556,-1.36524,4.4,2.13825,9.40829,NONE,999.9,0,0
32.2045,-1.22639,9.0556,-1.36524,4.4,2.13825,9.40829,NONE,999.9,0,0
32.2088,-1.22042,9.01201,-1.34408,4.4,2.11217,9.29356,NONE,999.9,0,0
32.2123,-1.22042,9.01201,-1.34408,4.4,2.11217,9.29356,NONE,999.9,0,0
32.2162,-1.22042,9.01201,-1.34408,4.4,2.11217,9.29356,NONE,999.9,0,0
32.22,-1.21354,8.96855,-1.323,4.4,2.08792,9.18683,NONE,999.9,0,0
32.224,-1.21354,8.96855,-1.323,4.4,2.08792,9.18683,NONE,999.9,0,0
32.2288,-1.2058,8.92523,-1.30228,4.4,2.07268,9.11978,NONE,999.9,0,0
32.2321,-1.2058,8.92523,-1.30228,4.4,2.07268,9.11978,NONE,999.9,0,0
32.2362,-1.2058,8.92523,-1.30228,4.4,2.07268,9.11978,NONE,999.9,0,0
32.2401,-1.19716,8.88209,-1.28155,4.4,2.05702,9.05089,NONE,999.9,0,0
32.2444,-1.19716,8.88209,-1.28155,4.4,2.05702,9.05089,NONE,999.9,0,0
32.2486,-1.18766,8.83913,-1.26111,4.4,2.04859,9.01379,NONE,999.9,0,0
32.2519,-1.18766,8.83913,-1.26111,4.4,2.04859,9.01379,NONE,999.9,0,0
32.2559,-1.18766,8.83913,-1.26111,4.4,2.04859,9.01379,NONE,999.9,0,0
32.2602,-1.17726,8.79638,-1.24059,4.4,2.03831,8.96858,NONE,999.9,0,0
32.2648,-1.17726,8.79638,-1.24059,4.4,2.03831,8.96858,NONE,999.9,0,0
32.2696,-1.16601,8.75384,-1.22032,4.4,2.03413,8.95016,NONE,999.9,0,0
32.2722,-1.16601,8.75384,-1.22032,4.4,2.03413,8.95016,NONE,999.9,0,0
32.2768,-1.16601,8.75384,-1.22032,4.4,2.03413,8.95016,NONE,999.9,0,0
32.2807,-1.15388,8.71155,-1.19993,4.4,2.02719,8.91964,NONE,999.9,0,0
32.2841,-1.15388,8.71155,-1.19993,4.4,2.02719,8.91964,NONE,999.9,0,0
32.2894,-1.14091,8.6695,-1.17975,4.4,2.02562,8.91274,NONE,999.9,0,0
32.292,-1.14091,8.6695,-1.17975,4.4,2.02562,8.91274,NONE,999.9,0,0
32.2965,-1.14091,8.6695,-1.17975,4.4,2.02562,8.91274,NONE,999.9,0,0
32.3005,-1.12706,8.62774,-1.15943,4.4,2.02073,8.89123,NONE,999.9,0,0
32.3041,-1.12706,8.62774,-1.15943,4.4,2.02073,8.89123,NONE,999.9,0,0
32.3095,-1.11238,8.58626,-1.13931,4.4,2.02076,8.89134,NONE,999.9,0,0
32.3122,-1.11238,8.58626,-1.13931,4.4,2.02076,8.89134,NONE,999.9,0,0
32.316,-1.11238,8.58626,-1.13931,4.4,2.02076,8.89134,NONE,999.9,0,0
32.3201,-1.09685,8.5451,-1.11904,4.4,2.01711,8.87527,NONE,999.9,0,0
32.3239,-1.09685,8.5451,-1.11904,4.4,2.01711,8.87527,NONE,999.9,0,0
32.3303,-1.08049,8.50425,-1.09895,4.4,2.01809,8.8796,NONE,999.9,0,0
32.3334,-1.08049,8.50425,-1.09895,4.4,2.01809,8.8796,NONE,999.9,0,0
32.3369,-1.08049,8.50425,-1.09895,4.4,2.01809,8.8796,NONE,999.9,0,0
32.34,-1.0633,8.46375,-1.0787,4.4,2.01517,8.86676,NONE,999.9,0,0
32.3446,-1.0633,8.46375,-1.0787,4.4,2.01517,8.86676,NONE,999.9,0,0
32.3488,-1.0453,8.4236,-1.05862,4.4,2.01672,8.87355,NONE,999.9,0,0
32.3519,-1.0453,8.4236,-1.05862,4.4,2.01672,8.87355,NONE,999.9,0,0
32.3559,-1.0453,8.4236,-1.05862,4.4,2.01672,8.87355,NONE,999.9,0,0
32.3603,-1.02648,8.38383,-1.03838,4.4,2.01423,8.86259,NONE,999.9,0,0
32.3646,-1.02648,8.38383,-1.03838,4.4,2.01423,8.86259,NONE,999.9,0,0
32.3692,-1.00687,8.34444,-1.01832,4.4,2.01609,8.87079,NONE,999.9,0,0
32.3719,-1.00687,8.34444,-1.01832,4.4,2.01609,8.87079,NONE,999.9,0,0
32.3764,-1.00687,8.34444,-1.01832,4.4,2.01609,8.87079,NONE,999.9,0,0
32.3803,-0.986451,8.30547,-0.998081,4.4,2.01384,8.86087,NONE,999.9,0,0
32.384,-0.986451,8.30547,-0.998081,4.4,2.01384,8.86087,NONE,999.9,0,0
32.3885,-0.96526,8.26691,-0.978018,4.4,2.01587,8.86984,NONE,999.9,0,0
32.3921,-0.96526,8.26691,-0.978018,4.4,2.01587,8.86984,NONE,999.9,0,0
32.3962,-0.96526,8.26691,-0.978018,4.4,2.01587,8.86984,NONE,999.9,0,0
32.4002,-0.943282,8.22879,-0.957785,4.4,2.01375,8.86048,NONE,999.9,0,0
32.4039,-0.943282,8.22879,-0.957785,4.4,2.01375,8.86048,NONE,999.9,0,0
32.409,-0.920572,8.1911,-0.938039,4.4,1.92217,8.45755,NONE,999.9,0,0
32.4122,-0.920572,8.1911,-0.938039,4.4,1.92217,8.45755,NONE,999.9,0,0
32.4165,-0.920572,8.1911,-0.938039,4.4,1.92217,8.45755,NONE,999.9,0,0
32.4204,-0.897202,8.15382,-0.919572,4.4,1.76112,7.74893,NONE,999.9,0,0
32.4244,-0.897202,8.15382,-0.919572,4.4,1.76112,7.74893,NONE,999.9,0,0
32.4297,-0.873219,8.11694,-0.902677,4.4,1.64004,7.21619,NONE,999.9,0,0
32.432,-0.873219,8.11694,-0.902677,4.4,1.64004,7.21619,NONE,999.9,0,0
32.4361,-0.873219,8.11694,-0.902677,4.4,1.64004,7.21619,NONE,999.9,0,0
32.44,-0.848609,8.08046,-0.886699,4.4,1.54291,6.78882,NONE,999.9,0,0
32.4444,-0.848609,8.08046,-0.886699,4.4,1.54291,6.78882,NONE,999.9,0,0
32.4494,-0.823406,8.0444,-0.871725,4.4,1.47213,6.47735,NONE,999.9,0,0
32.4521,-0.823406,8.0444,-0.871725,4.4,1.47213,6.47735,NONE,999.9,0,0
32.4584,-0.823406,8.0444,-0.871725,4.4,1.47213,6.47735,NONE,999.9,0,0
32.4639,-0.797601,8.00876,-0.85722,4.4,1.41445,6.22357,NONE,999.9,0,0
32.4663,-0.797601,8.00876,-0.85722,4.4,1.41445,6.22357,NONE,999.9,0,0
32.4697,-0.771232,7.97354,-0.84337,4.4,1.37452,6.04787,NONE,999.9,0,0
32.4727,-0.771232,7.97354,-0.84337,4.4,1.37452,6.04787,NONE,999.9,0,0
32.4771,-0.771232,7.97354,-0.84337,4.4,1.37452,6.04787,NONE,999.9,0,0
32.4808,-0.744293,7.93875,-0.829716,4.4,1.34089,5.8999,NONE,999.9,0,0
32.4841,-0.744293,7.93875,-0.829716,4.4,1.34089,5.8999,NONE,999.9,0,0
32.4895,-0.716823,7.90438,-0.816504,4.4,1.31962,5.80634,NONE,999.9,0,0
32.4925,-0.716823,7.90438,-0.816504,4.4,1.31962,5.80634,NONE,999.9,0,0
32.4961,-0.716823,7.90438,-0.816504,4.4,1.31962,5.80634,NONE,999.9,0,0
32.5004,-0.688817,7.87044,-0.803323,4.4,1.30042,5.72185,NONE,999.9,0,0
32.5041,-0.688817,7.87044,-0.803323,4.4,1.30042,5.72185,NONE,999.9,0,0
32.51,-0.66031,7.83692,-0.790458,4.4,1.29025,5.6771,NONE,999.9,0,0
32.5128,-0.66031,7.83692,-0.790458,4.4,1.29025,5.6771,NONE,999.9,0,0
32.5173,-0.66031,7.83692,-0.790458,4.4,1.29025,5.6771,NONE,999.9,0,0
32.5204,-0.631297,7.80385,-0.777527,4.4,1.27952,5.6299,NONE,999.9,0,0
32.5248,-0.631297,7.80385,-0.777527,4.4,1.27952,5.6299,NONE,999.9,0,0
32.5296,-0.601812,7.77119,-0.764838,4.4,1.27578,5.61345,NONE,999.9,0,0
32.5326,-0.601812,7.77119,-0.764838,4.4,1.27578,5.61345,NONE,999.9,0,0
32.5364,-0.601812,7.77119,-0.764838,4.4,1.27578,5.61345,NONE,999.9,0,0
32.5404,-0.57183,7.73898,-0.751708,4.4,1.3636,5.99985,NONE,999.9,0,0
32.5445,-0.57183,7.73898,-0.751708,4.4,1.3636,5.99985,NONE,999.9,0,0
32.5513,-0.541327,7.70727,-0.737648,4.4,1.42875,6.28651,NONE,999.9,0,0
32.5536,-0.541327,7.70727,-0.737648,4.4,1.42875,6.28651,NONE,999.9,0,0
32.5567,-0.541327,7.70727,-0.737648,4.4,1.42875,6.28651,NONE,999.9,0,0
32.5609,-0.510356,7.67602,-0.723478,4.4,1.38978,6.11501,NONE,999.9,0,0
32.5641,-0.510356,7.67602,-0.723478,4.4,1.38978,6.11501,NONE,999.9,0,0
32.5694,-0.478963,7.64519,-0.709804,4.4,1.36341,5.99898,NONE,999.9,0,0
32.5718,-0.478963,7.64519,-0.709804,4.4,1.36341,5.99898,NONE,999.9,0,0
32.5764,-0.478963,7.64519,-0.709804,4.4,1.36341,5.99898,NONE,999.9,0,0
32.5803,-0.447134,7.61481,-0.69621,4.4,1.33941,5.89341,NONE,999.9,0,0
32.5842,-0.447134,7.61481,-0.69621,4.4,1.33941,5.89341,NONE,999.9,0,0
32.5894,-0.414897,7.58487,-0.682977,4.4,1.3248,5.82914,NONE,999.9,0,0
32.5919,-0.414897,7.58487,-0.682977,4.4,1.3248,5.82914,NONE,999.9,0,0
32.5959,-0.414897,7.58487,-0.682977,4.4,1.3248,5.82914,NONE,999.9,0,0
32.6,-0.382241,7.55538,-0.669721,4.4,1.31002,5.76408,NONE,999.9,0,0
32.6042,-0.382241,7.55538,-0.669721,4.4,1.31002,5.76408,NONE,999.9,0,0
32.6095,-0.349192,7.52633,-0.656745,4.4,1.3026,5.73142,NONE,999.9,0,0
32.6123,-0.349192,7.52633,-0.656745,4.4,1.3026,5.73142,NONE,999.9,0,0
32.6163,-0.349192,7.52633,-0.656745,4.4,1.3026,5.73142,NONE,999.9,0,0
32.6207,-0.315741,7.49775,-0.643682,4.4,1.29339,5.69093,NONE,999.9,0,0
32.6242,-0.315741,7.49775,-0.643682,4.4,1.29339,5.69093,NONE,999.9,0,0
32.6289,-0.281914,7.46961,-0.63085,4.4,1.29029,5.67729,NONE,999.9,0,0
32.632,-0.281914,7.46961,-0.63085,4.4,1.29029,5.67729,NONE,999.9,0,0
32.6359,-0.281914,7.46961,-0.63085,4.4,1.29029,5.67729,NONE,999.9,0,0
32.6402,-0.247703,7.44194,-0.617893,4.4,1.28442,5.65144,NONE,999.9,0,0
32.6447,-0.247703,7.44194,-0.617893,4.4,1.28442,5.65144,NONE,999.9,0,0
32.6491,-0.213131,7.41472,-0.605137,4.4,1.28387,5.64901,NONE,999.9,0,0
32.6521,-0.213131,7.41472,-0.605137,4.4,1.28387,5.64901,NONE,999.9,0,0
32.656,-0.213131,7.41472,-0.605137,4.4,1.28387,5.64901,NONE,999.9,0,0
32.6601,-0.178191,7.38798,-0.592234,4.4,1.27993,5.63169,NONE,999.9,0,0
32.6643,-0.178191,7.38798,-0.592234,4.4,1.27993,5.63169,NONE,999.9,0,0
32.6686,-0.142906,7.3617,-0.579515,4.4,1.28084,5.63569,NONE,999.9,0,0
32.6722,-0.142906,7.3617,-0.579515,4.4,1.28084,5.63569,NONE,999.9,0,0
32.6763,-0.142906,7.3617,-0.579515,4.4,1.28084,5.63569,NONE,999.9,0,0
32.6801,-0.107269,7.33589,-0.566636,4.4,1.278,5.62318,NONE,999.9,0,0
32.6844,-0.107269,7.33589,-0.566636,4.4,1.278,5.62318,NONE,999.9,0,0
32.6889,-0.0713016,7.31055,-0.553933,4.4,1.27971,5.63073,NONE,999.9,0,0
32.6919,-0.0713016,7.31055,-0.553933,4.4,1.27971,5.63073,NONE,999.9,0,0
32.6962,-0.0713016,7.31055,-0.553933,4.4,1.27971,5.63073,NONE,999.9,0,0
32.6999,-0.0349969,7.28569,-0.541063,4.4,1.27745,5.6208,NONE,999.9,0,0
32.7042,-0.0349969,7.28569,-0.541063,4.4,1.27745,5.6208,NONE,999.9,0,0
32.7097,0.00162288,7.2613,-0.528362,4.4,1.27959,5.63019,NONE,999.9,0,0
32.7125,0.00162288,7.2613,-0.528362,4.4,1.27959,5.63019,NONE,999.9,0,0
32.7163,0.00162288,7.2613,-0.528362,4.4,1.27959,5.63019,NONE,999.9,0,0
32.7201,0.0385656,7.2374,-0.515491,4.4,1.27762,5.62154,NONE,999.9,0,0
32.7239,0.0385656,7.2374,-0.515491,4.4,1.27762,5.62154,NONE,999.9,0,0
32.729,0.0758096,7.21397,-0.502788,4.4,1.27995,5.63179,NONE,999.9,0,0
32.7318,0.0758096,7.21397,-0.502788,4.4,1.27995,5.63179,NONE,999.9,0,0
32.7359,0.0758096,7.21397,-0.502788,4.4,1.27995,5.63179,NONE,999.9,0,0
32.7401,0.113362,7.19104,-0.489913,4.4,1.27811,5.62368,NONE,999.9,0,0
32.7443,0.113362,7.19104,-0.489913,4.4,1.27811,5.62368,NONE,999.9,0,0
32.7497,0.151189,7.16856,-0.477523,4.4,1.18681,5.22194,NONE,999.9,0,0
32.7524,0.151189,7.16856,-0.477523,4.4,1.18681,5.22194,NONE,999.9,0,0
32.7561,0.151189,7.16856,-0.477523,4.4,1.18681,5.22194,NONE,999.9,0,0
32.7602,0.18926,7.14651,-0.46609,4.4,1.11971,4.92673,NONE,999.9,0,0
32.7641,0.18926,7.14651,-0.46609,4.4,1.11971,4.92673,NONE,999.9,0,0
32.7686,0.227584,7.12489,-0.455097,4.4,1.06415,4.68228,NONE,999.9,0,0
32.772,0.227584,7.12489,-0.455097,4.4,1.06415,4.68228,NONE,999.9,0,0
32.7767,0.227584,7.12489,-0.455097,4.4,1.06415,4.68228,NONE,999.9,0,0
32.7804,0.266141,7.10369,-0.444745,4.4,1.0252,4.51088,NONE,999.9,0,0
32.784,0.266141,7.10369,-0.444745,4.4,1.0252,4.51088,NONE,999.9,0,0
32.7887,0.304937,7.08293,-0.434582,4.4,0.991737,4.36364,NONE,999.9,0,0
32.7923,0.304937,7.08293,-0.434582,4.4,0.991737,4.36364,NONE,999.9,0,0
32.7959,0.304937,7.08293,-0.434582,4.4,0.991737,4.36364,NONE,999.9,0,0
32.8001,0.343953,7.06259,-0.424864,4.4,0.970076,4.26834,NONE,999.9,0,0
32.8039,0.343953,7.06259,-0.424864,4.4,0.970076,4.26834,NONE,999.9,0,0
32.8103,0.383193,7.04269,-0.415182,4.4,0.950103,4.18045,NONE,999.9,0,0
32.8129,0.383193,7.04269,-0.415182,4.4,0.950103,4.18045,NONE,999.9,0,0
32.816,0.383193,7.04269,-0.415182,4.4,0.950103,4.18045,NONE,999.9,0,0
32.82,0.422638,7.02319,-0.405825,4.4,0.938925,4.13127,NONE,999.9,0,0
32.8239,0.422638,7.02319,-0.405825,4.4,0.938925,4.13127,NONE,999.9,0,0
32.8291,0.462293,7.00413,-0.396413,4.4,0.927063,4.07908,NONE,999.9,0,0
32.832,0.462293,7.00413,-0.396413,4.4,0.927063,4.07908,NONE,999.9,0,0
32.8359,0.462293,7.00413,-0.396413,4.4,0.927063,4.07908,NONE,999.9,0,0
32.8405,0.502138,6.98546,-0.387254,4.4,0.92213,4.05737,NONE,999.9,0,0
32.8443,0.502138,6.98546,-0.387254,4.4,0.92213,4.05737,NONE,999.9,0,0
32.8489,0.542178,6.96722,-0.377985,4.4,0.915047,4.02621,NONE,999.9,0,0
32.8518,0.542178,6.96722,-0.377985,4.4,0.915047,4.02621,NONE,999.9,0,0
32.8563,0.542178,6.96722,-0.377985,4.4,0.915047,4.02621,NONE,999.9,0,0
32.8603,0.582397,6.94938,-0.368927,4.4,0.913748,4.02049,NONE,999.9,0,0
32.8639,0.582397,6.94938,-0.368927,4.4,0.913748,4.02049,NONE,999.9,0,0
32.8689,0.622798,6.93195,-0.359727,4.4,0.909406,4.00139,NONE,999.9,0,0
32.8721,0.622798,6.93195,-0.359727,4.4,0.909406,4.00139,NONE,999.9,0,0
32.8766,0.622798,6.93195,-0.359727,4.4,0.909406,4.00139,NONE,999.9,0,0
32.8812,0.663365,6.91491,-0.350715,4.4,0.910154,4.00468,NONE,999.9,0,0
32.8839,0.663365,6.91491,-0.350715,4.4,0.910154,4.00468,NONE,999.9,0,0
32.889,0.704103,6.89829,-0.341543,4.4,0.907322,3.99222,NONE,999.9,0,0
32.892,0.704103,6.89829,-0.341543,4.4,0.907322,3.99222,NONE,999.9,0,0
32.8962,0.704103,6.89829,-0.341543,4.4,0.907322,3.99222,NONE,999.9,0,0
32.9,0.744996,6.88205,-0.332546,4.4,0.909168,4.00034,NONE,999.9,0,0
32.9043,0.744996,6.88205,-0.332546,4.4,0.909168,4.00034,NONE,999.9,0,0
32.9113,0.786049,6.86622,-0.32338,4.4,0.907119,3.99132,NONE,999.9,0,0
32.9131,0.786049,6.86622,-0.32338,4.4,0.907119,3.99132,NONE,999.9,0,0
32.9159,0.786049,6.86622,-0.32338,4.4,0.907119,3.99132,NONE,999.9,0,0
32.9201,0.827248,6.85077,-0.314381,4.4,0.909508,4.00184,NONE,999.9,0,0
32.9241,0.827248,6.85077,-0.314381,4.4,0.909508,4.00184,NONE,999.9,0,0
32.9285,0.868598,6.83573,-0.30521,4.4,0.907822,3.99442,NONE,999.9,0,0
32.9318,0.868598,6.83573,-0.30521,4.4,0.907822,3.99442,NONE,999.9,0,0
32.936,0.868598,6.83573,-0.30521,4.4,0.907822,3.99442,NONE,999.9,0,0
32.9403,0.910084,6.82107,-0.296204,4.4,0.910439,4.00593,NONE,999.9,0,0
32.9443,0.910084,6.82107,-0.296204,4.4,0.910439,4.00593,NONE,999.9,0,0
32.9491,0.951711,6.80681,-0.287022,4.4,0.908883,3.99908,NONE,999.9,0,0
32.9518,0.951711,6.80681,-0.287022,4.4,0.908883,3.99908,NONE,999.9,0,0
32.9559,0.951711,6.80681,-0.287022,4.4,0.908883,3.99908,NONE,999.9,0,0
32.9602,0.993466,6.79294,-0.278005,4.4,0.911558,4.01085,NONE,999.9,0,0
32.9642,0.993466,6.79294,-0.278005,4.4,0.911558,4.01085,NONE,999.9,0,0
32.969,1.03535,6.77947,-0.268812,4.4,0.910007,4.00403,NONE,999.9,0,0
32.9723,1.03535,6.77947,-0.268812,4.4,0.910007,4.00403,NONE,999.9,0,0
32.9763,1.03535,6.77947,-0.268812,4.4,0.910007,4.00403,NONE,999.9,0,0
32.9803,1.07736,6.76638,-0.259784,4.4,0.912654,4.01568,NONE,999.9,0,0
32.9844,1.07736,6.76638,-0.259784,4.4,0.912654,4.01568,NONE,999.9,0,0
32.9891,1.11949,6.7537,-0.25058,4.4,0.911052,4.00863,NONE,999.9,0,0
32.9919,1.11949,6.7537,-0.25058,4.4,0.911052,4.00863,NONE,999.9,0,0
32.9961,1.11949,6.7537,-0.25058,4.4,0.911052,4.00863,NONE,999.9,0,0
33.0003,1.16174,6.74139,-0.241542,4.4,0.913632,4.01998,NONE,999.9,0,0
33.0043,1.16174,6.74139,-0.241542,4.4,0.913632,4.01998,NONE,999.9,0,0
33.0088,1.2041,6.7295,-0.232329,4.4,0.911956,4.01261,NONE,999.9,0,0
33.0123,1.2041,6.7295,-0.232329,4.4,0.911956,4.01261,NONE,999.9,0,0
33.016,1.2041,6.7295,-0.232329,4.4,0.911956,4.01261,NONE,999.9,0,0
33.0202,1.24656,6.71798,-0.223282,4.4,0.914459,4.02362,NONE,999.9,0,0
33.0249,1.24656,6.71798,-0.223282,4.4,0.914459,4.02362,NONE,999.9,0,0
33.029,1.28914,6.70686,-0.214061,4.4,0.912705,4.0159,NONE,999.9,0,0
33.032,1.28914,6.70686,-0.214061,4.4,0.912705,4.0159,NONE,999.9,0,0
33.0364,1.28914,6.70686,-0.214061,4.4,0.912705,4.0159,NONE,999.9,0,0
33.0401,1.3318,6.69611,-0.205324,4.4,0.82143,3.61429,NONE,999.9,0,0
33.0446,1.3318,6.69611,-0.205324,4.4,0.82143,3.61429,NONE,999.9,0,0
33.0491,1.37454,6.68566,-0.197545,4.4,0.754321,3.31901,NONE,999.9,0,0
33.0518,1.37454,6.68566,-0.197545,4.4,0.754321,3.31901,NONE,999.9,0,0
33.0559,1.37454,6.68566,-0.197545,4.4,0.754321,3.31901,NONE,999.9,0,0
33.0601,1.41737,6.67555,-0.190207,4.4,0.698721,3.07437,NONE,999.9,0,0
33.0639,1.41737,6.67555,-0.190207,4.4,0.698721,3.07437,NONE,999.9,0,0
33.069,1.46026,6.66574,-0.183509,4.4,0.659706,2.90271,NONE,999.9,0,0
33.072,1.46026,6.66574,-0.183509,4.4,0.659706,2.90271,NONE,999.9,0,0
33.0762,1.46026,6.66574,-0.183509,4.4,0.659706,2.90271,NONE,999.9,0,0
33.0801,1.50323,6.65626,-0.177002,4.4,0.62617,2.75515,NONE,999.9,0,0
33.084,1.50323,6.65626,-0.177002,4.4,0.62617,2.75515,NONE,999.9,0,0
33.089,1.54626,6.64709,-0.170939,4.4,0.604432,2.6595,NONE,999.9,0,0
33.0921,1.54626,6.64709,-0.170939,4.4,0.604432,2.6595,NONE,999.9,0,0
33.0961,1.54626,6.64709,-0.170939,4.4,0.604432,2.6595,NONE,999.9,0,0
33.1002,1.58936,6.63824,-0.164914,4.4,0.58438,2.57127,NONE,999.9,0,0
33.1041,1.58936,6.63824,-0.164914,4.4,0.58438,2.57127,NONE,999.9,0,0
33.1093,1.63252,6.62967,-0.159215,4.4,0.573125,2.52175,NONE,999.9,0,0
33.112,1.63252,6.62967,-0.159215,4.4,0.573125,2.52175,NONE,999.9,0,0
33.1159,1.63252,6.62967,-0.159215,4.4,0.573125,2.52175,NONE,999.9,0,0
33.12,1.67574,6.62142,-0.153461,4.4,0.561188,2.46923,NONE,999.9,0,0
33.1239,1.67574,6.62142,-0.153461,4.4,0.561188,2.46923,NONE,999.9,0,0
33.1294,1.71901,6.61344,-0.147961,4.4,0.556185,2.44721,NONE,999.9,0,0
33.1323,1.71901,6.61344,-0.147961,4.4,0.556185,2.44721,NONE,999.9,0,0
33.1362,1.71901,6.61344,-0.147961,4.4,0.556185,2.44721,NONE,999.9,0,0
33.1403,1.76233,6.60576,-0.142352,4.4,0.549037,2.41576,NONE,999.9,0,0
33.1444,1.76233,6.60576,-0.142352,4.4,0.549037,2.41576,NONE,999.9,0,0
33.1493,1.8057,6.59835,-0.136954,4.4,0.547678,2.40979,NONE,999.9,0,0
33.152,1.8057,6.59835,-0.136954,4.4,0.547678,2.40979,NONE,999.9,0,0
33.1561,1.8057,6.59835,-0.136954,4.4,0.547678,2.40979,NONE,999.9,0,0
33.1603,1.84912,6.59123,-0.131416,4.4,0.543282,2.39044,NONE,999.9,0,0
33.1644,1.84912,6.59123,-0.131416,4.4,0.543282,2.39044,NONE,999.9,0,0
33.1692,1.89258,6.58436,-0.126065,4.4,0.543981,2.39352,NONE,999.9,0,0
33.1721,1.89258,6.58436,-0.126065,4.4,0.543981,2.39352,NONE,999.9,0,0
33.1766,1.89258,6.58436,-0.126065,4.4,0.543981,2.39352,NONE,999.9,0,0
33.1805,1.93609,6.57778,-0.120555,4.4,0.541106,2.38087,NONE,999.9,0,0
33.184,1.93609,6.57778,-0.120555,4.4,0.541106,2.38087,NONE,999.9,0,0
33.189,1.97963,6.57145,-0.11522,4.4,0.542913,2.38882,NONE,999.9,0,0
33.1924,1.97963,6.57145,-0.11522,4.4,0.542913,2.38882,NONE,999.9,0,0
33.1962,1.97963,6.57145,-0.11522,4.4,0.542913,2.38882,NONE,999.9,0,0
33.2002,2.02321,6.5654,-0.109717,4.4,0.54083,2.37965,NONE,999.9,0,0
33.204,2.02321,6.5654,-0.109717,4.4,0.54083,2.37965,NONE,999.9,0,0
33.2094,2.06683,6.55959,-0.104381,4.4,0.543188,2.39003,NONE,999.9,0,0
33.2121,2.06683,6.55959,-0.104381,4.4,0.543188,2.39003,NONE,999.9,0,0
33.216,2.06683,6.55959,-0.104381,4.4,0.543188,2.39003,NONE,999.9,0,0
33.2201,2.11048,6.55405,-0.0988734,4.4,0.541475,2.38249,NONE,999.9,0,0
33.2244,2.11048,6.55405,-0.0988734,4.4,0.541475,2.38249,NONE,999.9,0,0
33.2292,2.15415,6.54873,-0.0938483,4.4,0.450367,1.98161,NONE,999.9,0,0
33.232,2.15415,6.54873,-0.0938483,4.4,0.450367,1.98161,NONE,999.9,0,0
33.2358,2.15415,6.54873,-0.0938483,4.4,0.450367,1.98161,NONE,999.9,0,0
33.2402,2.19785,6.54357,-0.0897786,4.4,0.383506,1.68743,NONE,999.9,0,0
33.2442,2.19785,6.54357,-0.0897786,4.4,0.383506,1.68743,NONE,999.9,0,0
33.2488,2.24157,6.5386,-0.0861469,4.4,0.328203,1.44409,NONE,999.9,0,0
33.2518,2.24157,6.5386,-0.0861469,4.4,0.328203,1.44409,NONE,999.9,0,0
33.2561,2.24157,6.5386,-0.0861469,4.4,0.328203,1.44409,NONE,999.9,0,0
33.2604,2.28531,6.5338,-0.0831524,4.4,0.289509,1.27384,NONE,999.9,0,0
33.2655,2.28531,6.5338,-0.0831524,4.4,0.289509,1.27384,NONE,999.9,0,0
33.2692,2.32906,6.52917,-0.0803457,4.4,0.256301,1.12772,NONE,999.9,0,0
33.2722,2.32906,6.52917,-0.0803457,4.4,0.256301,1.12772,NONE,999.9,0,0
33.2763,2.32906,6.52917,-0.0803457,4.4,0.256301,1.12772,NONE,999.9,0,0
33.2802,2.37283,6.5247,-0.0779801,4.4,0.234887,1.0335,NONE,999.9,0,0
33.2839,2.37283,6.5247,-0.0779801,4.4,0.234887,1.0335,NONE,999.9,0,0
33.2896,2.41662,6.5204,-0.0756495,4.4,0.215146,0.946641,NONE,999.9,0,0
33.2921,2.41662,6.5204,-0.0756495,4.4,0.215146,0.946641,NONE,999.9,0,0
33.296,2.41662,6.5204,-0.0756495,4.4,0.215146,0.946641,NONE,999.9,0,0
33.3002,2.46043,6.51624,-0.073641,4.4,0.204184,0.89841,NONE,999.9,0,0
33.3038,2.46043,6.51624,-0.073641,4.4,0.204184,0.89841,NONE,999.9,0,0
33.3094,2.50424,6.51223,-0.0715753,4.4,0.19252,0.847087,NONE,999.9,0,0
33.3121,2.50424,6.51223,-0.0715753,4.4,0.19252,0.847087,NONE,999.9,0,0
33.3159,2.50424,6.51223,-0.0715753,4.4,0.19252,0.847087,NONE,999.9,0,0
33.3204,2.54807,6.50835,-0.0697606,4.4,0.187767,0.826175,NONE,999.9,0,0
33.3241,2.54807,6.50835,-0.0697606,4.4,0.187767,0.826175,NONE,999.9,0,0
33.3288,2.59191,6.50461,-0.0678342,4.4,0.180847,0.795727,NONE,999.9,0,0
33.3318,2.59191,6.50461,-0.0678342,4.4,0.180847,0.795727,NONE,999.9,0,0
33.3359,2.59191,6.50461,-0.0678342,4.4,0.180847,0.795727,NONE,999.9,0,0
33.3404,2.63576,6.50098,-0.0661174,4.4,0.179694,0.790653,NONE,999.9,0,0
33.3445,2.63576,6.50098,-0.0661174,4.4,0.179694,0.790653,NONE,999.9,0,0
33.3494,2.67962,6.49749,-0.0642576,4.4,0.175482,0.772119,NONE,999.9,0,0
33.3523,2.67962,6.49749,-0.0642576,4.4,0.175482,0.772119,NONE,999.9,0,0
33.3565,2.67962,6.49749,-0.0642576,4.4,0.175482,0.772119,NONE,999.9,0,0
33.3601,2.72349,6.4941,-0.0625839,4.4,0.176345,0.775916,NONE,999.9,0,0
33.3641,2.72349,6.4941,-0.0625839,4.4,0.176345,0.775916,NONE,999.9,0,0
33.3686,2.76737,6.49083,-0.0607497,4.4,0.173615,0.763905,NONE,999.9,0,0
33.3719,2.76737,6.49083,-0.0607497,4.4,0.173615,0.763905,NONE,999.9,0,0
33.3763,2.76737,6.49083,-0.0607497,4.4,0.173615,0.763905,NONE,999.9,0,0
33.3803,2.81126,6.48766,-0.059089,4.4,0.17555,0.772421,NONE,999.9,0,0
33.3841,2.81126,6.48766,-0.059089,4.4,0.17555,0.772421,NONE,999.9,0,0
33.3894,2.85515,6.4846,-0.0572588,4.4,0.17358,0.763751,NONE,999.9,0,0
33.3919,2.85515,6.4846,-0.0572588,4.4,0.17358,0.763751,NONE,999.9,0,0
33.3962,2.85515,6.4846,-0.0572588,4.4,0.17358,0.763751,NONE,999.9,0,0
33.4001,2.89905,6.48164,-0.0555956,4.4,0.176037,0.774564,NONE,999.9,0,0
33.4041,2.89905,6.48164,-0.0555956,4.4,0.176037,0.774564,NONE,999.9,0,0
33.4092,2.94296,6.47878,-0.0537587,4.4,0.174411,0.767408,NONE,999.9,0,0
33.4125,2.94296,6.47878,-0.0537587,4.4,0.174411,0.767408,NONE,999.9,0,0
33.4162,2.94296,6.47878,-0.0537587,4.4,0.174411,0.767408,NONE,999.9,0,0
33.4203,2.98687,6.47601,-0.0520861,4.4,0.17708,0.779154,NONE,999.9,0,0
33.424,2.98687,6.47601,-0.0520861,4.4,0.17708,0.779154,NONE,999.9,0,0
33.4285,3.03079,6.47334,-0.0502381,4.4,0.175569,0.772502,NONE,999.9,0,0
33.4319,3.03079,6.47334,-0.0502381,4.4,0.175569,0.772502,NONE,999.9,0,0
33.436,3.03079,6.47334,-0.0502381,4.4,0.175569,0.772502,NONE,999.9,0,0
33.4402,3.07471,6.47075,-0.0485536,4.4,0.178283,0.784444,NONE,999.9,0,0
33.4443,3.07471,6.47075,-0.0485536,4.4,0.178283,0.784444,NONE,999.9,0,0
33.4494,3.11864,6.46827,-0.0466935,4.4,0.176766,0.777772,NONE,999.9,0,0
33.4522,3.11864,6.46827,-0.0466935,4.4,0.176766,0.777772,NONE,999.9,0,0
33.456,3.11864,6.46827,-0.0466935,4.4,0.176766,0.777772,NONE,999.9,0,0
33.4603,3.16258,6.46586,-0.0449973,4.4,0.179442,0.789545,NONE,999.9,0,0
33.464,3.16258,6.46586,-0.0449973,4.4,0.179442,0.789545,NONE,999.9,0,0
33.4692,3.20652,6.46355,-0.0431259,4.4,0.177865,0.782607,NONE,999.9,0,0
33.4719,3.20652,6.46355,-0.0431259,4.4,0.177865,0.782607,NONE,999.9,0,0
33.4762,3.20652,6.46355,-0.0431259,4.4,0.177865,0.782607,NONE,999.9,0,0
33.4803,3.25046,6.46132,-0.041419,4.4,0.180467,0.794055,NONE,999.9,0,0
33.4846,3.25046,6.46132,-0.041419,4.4,0.180467,0.794055,NONE,999.9,0,0
33.4891,3.29441,6.45919,-0.0395378,4.4,0.178809,0.786762,NONE,999.9,0,0
33.4921,3.29441,6.45919,-0.0395378,4.4,0.178809,0.786762,NONE,999.9,0,0
33.4961,3.29441,6.45919,-0.0395378,4.4,0.178809,0.786762,NONE,999.9,0,0
33.5002,3.33836,6.45713,-0.0378219,4.4,0.181328,0.797844,NONE,999.9,0,0
33.5041,3.33836,6.45713,-0.0378219,4.4,0.181328,0.797844,NONE,999.9,0,0
33.5096,3.38232,6.45516,-0.0359324,4.4,0.179588,0.790187,NONE,999.9,0,0
33.5124,3.38232,6.45516,-0.0359324,4.4,0.179588,0.790187,NONE,999.9,0,0
33.5163,3.38232,6.45516,-0.0359324,4.4,0.179588,0.790187,NONE,999.9,0,0
33.5204,3.42627,6.45327,-0.0342091,4.4,0.182027,0.80092,NONE,999.9,0,0
33.5242,3.42627,6.45327,-0.0342091,4.4,0.182027,0.80092,NONE,999.9,0,0
33.5293,3.47024,6.45147,-0.0323131,4.4,0.180212,0.792933,NONE,999.9,0,0
33.5319,3.47024,6.45147,-0.0323131,4.4,0.180212,0.792933,NONE,999.9,0,0
33.5361,3.47024,6.45147,-0.0323131,4.4,0.180212,0.792933,NONE,999.9,0,0
33.54,3.5142,6.44974,-0.0305839,4.4,0.182581,0.803358,NONE,999.9,0,0
33.5448,3.5142,6.44974,-0.0305839,4.4,0.182581,0.803358,NONE,999.9,0,0
33.5492,3.55817,6.44811,-0.0286827,4.4,0.180702,0.795088,NONE,999.9,0,0
33.552,3.55817,6.44811,-0.0286827,4.4,0.180702,0.795088,NONE,999.9,0,0
33.5559,3.55817,6.44811,-0.0286827,4.4,0.180702,0.795088,NONE,999.9,0,0
33.5601,3.60215,6.44655,-0.0269489,4.4,0.183013,0.805256,NONE,999.9,0,0
33.564,3.60215,6.44655,-0.0269489,4.4,0.183013,0.805256,NONE,999.9,0,0
33.5689,3.64612,6.44508,-0.0250436,4.4,0.18108,0.796754,NONE,999.9,0,0
33.572,3.64612,6.44508,-0.0250436,4.4,0.18108,0.796754,NONE,999.9,0,0
33.5766,3.64612,6.44508,-0.0250436,4.4,0.18108,0.796754,NONE,999.9,0,0
33.5804,3.6901,6.44369,-0.0233063,4.4,0.183344,0.806713,NONE,999.9,0,0
33.5841,3.6901,6.44369,-0.0233063,4.4,0.183344,0.806713,NONE,999.9,0,0
33.5888,3.73408,6.44238,-0.0213979,4.4,0.181369,0.798025,NONE,999.9,0,0
33.592,3.73408,6.44238,-0.0213979,4.4,0.181369,0.798025,NONE,999.9,0,0
33.5959,3.73408,6.44238,-0.0213979,4.4,0.181369,0.798025,NONE,999.9,0,0
33.6001,3.77806,6.44115,-0.0196578,4.4,0.183595,0.807819,NONE,999.9,0,0
33.6039,3.77806,6.44115,-0.0196578,4.4,0.183595,0.807819,NONE,999.9,0,0
33.6102,3.82205,6.44001,-0.0177471,4.4,0.181588,0.798985,NONE,999.9,0,0
33.6125,3.82205,6.44001,-0.0177471,4.4,0.181588,0.798985,NONE,999.9,0,0
33.6161,3.82205,6.44001,-0.0177471,4.4,0.181588,0.798985,NONE,999.9,0,0
33.62,3.86603,6.43894,-0.016005,4.4,0.183784,0.808651,NONE,999.9,0,0
33.6238,3.86603,6.43894,-0.016005,4.4,0.183784,0.808651,NONE,999.9,0,0
33.6288,3.91002,6.43796,-0.0140926,4.4,0.181751,0.799705,NONE,999.9,0,0
33.6318,3.91002,6.43796,-0.0140926,4.4,0.181751,0.799705,NONE,999.9,0,0
33.6362,3.91002,6.43796,-0.0140926,4.4,0.181751,0.799705,NONE,999.9,0,0
33.6402,3.95401,6.43705,-0.012349,4.4,0.183925,0.809272,NONE,999.9,0,0
33.6447,3.95401,6.43705,-0.012349,4.4,0.183925,0.809272,NONE,999.9,0,0
33.649,3.99801,6.43623,-0.0104352,4.4,0.181873,0.80024,NONE,999.9,0,0
33.6519,3.99801,6.43623,-0.0104352,4.4,0.181873,0.80024,NONE,999.9,0,0
33.6563,3.99801,6.43623,-0.0104352,4.4,0.181873,0.80024,NONE,999.9,0,0
33.6602,4.042,6.43549,-0.00869045,4.4,0.18403,0.809733,NONE,999.9,0,0
33.664,4.042,6.43549,-0.00869045,4.4,0.18403,0.809733,NONE,999.9,0,0
33.6691,4.086,6.43483,-0.00677568,4.4,0.181963,0.800636,NONE,999.9,0,0
33.6722,4.086,6.43483,-0.00677568,4.4,0.181963,0.800636,NONE,999.9,0,0
33.6765,4.086,6.43483,-0.00677568,4.4,0.181963,0.800636,NONE,999.9,0,0
33.68,4.12999,6.43425,-0.00503012,4.4,0.184107,0.810072,NONE,999.9,0,0
33.6839,4.12999,6.43425,-0.00503012,4.4,0.184107,0.810072,NONE,999.9,0,0
33.6888,4.17399,6.43375,-0.00311464,4.4,0.182029,0.800927,NONE,999.9,0,0
33.692,4.17399,6.43375,-0.00311464,4.4,0.182029,0.800927,NONE,999.9,0,0
33.6959,4.17399,6.43375,-0.00311464,4.4,0.182029,0.800927,NONE,999.9,0,0
33.7001,4.21799,6.43333,-0.00136847,4.4,0.184164,0.810322,NONE,999.9,0,0
33.7046,4.21799,6.43333,-0.00136847,4.4,0.184164,0.810322,NONE,999.9,0,0
33.7115,4.26199,6.433,0.000547535,4.4,0.182077,0.801141,NONE,999.9,0,0
33.7134,4.26199,6.433,0.000547535,4.4,0.182077,0.801141,NONE,999.9,0,0
33.7159,4.26199,6.433,0.000547535,4.4,0.182077,0.801141,NONE,999.9,0,0
33.7202,4.30599,6.43274,0.00229416,4.4,0.184206,0.810504,NONE,999.9,0,0
33.7242,4.30599,6.43274,0.00229416,4.4,0.184206,0.810504,NONE,999.9,0,0
33.7296,4.34998,6.43257,0.00421055,4.4,0.182113,0.801296,NONE,999.9,0,0
33.7319,4.34998,6.43257,0.00421055,4.4,0.182113,0.801296,NONE,999.9,0,0
33.7363,4.34998,6.43257,0.00421055,4.4,0.182113,0.801296,NONE,999.9,0,0
33.7407,4.39398,6.43247,0.0059575,4.4,0.184236,0.810637,NONE,999.9,0,0
33.7443,4.39398,6.43247,0.0059575,4.4,0.184236,0.810637,NONE,999.9,0,0
33.749,4.43798,6.43246,0.00787416,4.4,0.182139,0.80141,NONE,999.9,0,0
33.7518,4.43798,6.43246,0.00787416,4.4,0.182139,0.80141,NONE,999.9,0,0
33.7559,4.43798,6.43246,0.00787416,4.4,0.182139,0.80141,NONE,999.9,0,0
33.76,4.48198,6.43252,0.00962135,4.4,0.184258,0.810734,NONE,999.9,0,0
33.7638,4.48198,6.43252,0.00962135,4.4,0.184258,0.810734,NONE,999.9,0,0
33.7693,4.52598,6.43267,0.0115382,4.4,0.182157,0.801492,NONE,999.9,0,0
33.772,4.52598,6.43267,0.0115382,4.4,0.182157,0.801492,NONE,999.9,0,0
33.7763,4.52598,6.43267,0.0115382,4.4,0.182157,0.801492,NONE,999.9,0,0
33.7802,4.56998,6.43289,0.0132856,4.4,0.184274,0.810804,NONE,999.9,0,0
33.7839,4.56998,6.43289,0.0132856,4.4,0.184274,0.810804,NONE,999.9,0,0
33.7889,4.61398,6.43321,0.0152026,4.4,0.182171,0.801551,NONE,999.9,0,0
33.7922,4.61398,6.43321,0.0152026,4.4,0.182171,0.801551,NONE,999.9,0,0
33.7959,4.61398,6.43321,0.0152026,4.4,0.182171,0.801551,NONE,999.9,0,0
33.8003,4.65798,6.43359,0.0169501,4.4,0.184285,0.810854,NONE,999.9,0,0
33.8044,4.65798,6.43359,0.0169501,4.4,0.184285,0.810854,NONE,999.9,0,0
33.8097,4.70198,6.43407,0.0188672,4.4,0.18218,0.801594,NONE,999.9,0,0
33.8121,4.70198,6.43407,0.0188672,4.4,0.18218,0.801594,NONE,999.9,0,0
33.8159,4.70198,6.43407,0.0188672,4.4,0.18218,0.801594,NONE,999.9,0,0
33.8202,4.74598,6.43461,0.0206148,4.4,0.184293,0.81089,NONE,999.9,0,0
33.8239,4.74598,6.43461,0.0206148,4.4,0.184293,0.81089,NONE,999.9,0,0
33.8286,4.78997,6.43525,0.022532,4.4,0.182187,0.801625,NONE,999.9,0,0
33.8325,4.78997,6.43525,0.022532,4.4,0.182187,0.801625,NONE,999.9,0,0
33.8365,4.78997,6.43525,0.022532,4.4,0.182187,0.801625,NONE,999.9,0,0
33.8401,4.83396,6.43596,0.0242796,4.4,0.184299,0.810917,NONE,999.9,0,0
33.8442,4.83396,6.43596,0.0242796,4.4,0.184299,0.810917,NONE,999.9,0,0
33.8488,4.87796,6.43675,0.0261969,4.4,0.182192,0.801647,NONE,999.9,0,0
33.8521,4.87796,6.43675,0.0261969,4.4,0.182192,0.801647,NONE,999.9,0,0
33.856,4.87796,6.43675,0.0261969,4.4,0.182192,0.801647,NONE,999.9,0,0
33.86,4.92195,6.43762,0.0279446,4.4,0.184303,0.810935,NONE,999.9,0,0
33.8642,4.92195,6.43762,0.0279446,4.4,0.184303,0.810935,NONE,999.9,0,0
33.8699,4.96594,6.43858,0.0298618,4.4,0.182196,0.801663,NONE,999.9,0,0
33.872,4.96594,6.43858,0.0298618,4.4,0.182196,0.801663,NONE,999.9,0,0
33.8766,4.96594,6.43858,0.0298618,4.4,0.182196,0.801663,NONE,999.9,0,0
33.8803,5.00993,6.43961,0.0316096,4.4,0.184307,0.810949,NONE,999.9,0,0
33.884,5.00993,6.43961,0.0316096,4.4,0.184307,0.810949,NONE,999.9,0,0
33.8889,5.05391,6.44073,0.0335269,4.4,0.182199,0.801674,NONE,999.9,0,0
33.8922,5.05391,6.44073,0.0335269,4.4,0.182199,0.801674,NONE,999.9,0,0
33.8964,5.05391,6.44073,0.0335269,4.4,0.182199,0.801674,NONE,999.9,0,0
33.9004,5.0979,6.44192,0.0352746,4.4,0.184309,0.810958,NONE,999.9,0,0
33.9044,5.0979,6.44192,0.0352746,4.4,0.184309,0.810958,NONE,999.9,0,0
33.9087,5.14188,6.4432,0.037192,4.4,0.182201,0.801682,NONE,999.9,0,0
33.9122,5.14188,6.4432,0.037192,4.4,0.182201,0.801682,NONE,999.9,0,0
33.9159,5.14188,6.4432,0.037192,4.4,0.182201,0.801682,NONE,999.9,0,0
33.9201,5.18586,6.44453,0.038622,4.4,0.0906077,0.398674,NONE,999.9,0,0
33.9238,5.18586,6.44453,0.038622,4.4,0.0906077,0.398674,NONE,999.9,0,0
33.9292,5.22984,6.44584,0.0390915,4.4,0.0232158,0.102149,NONE,999.9,0,0
33.932,5.22984,6.44584,0.0390915,4.4,0.0232158,0.102149,NONE,999.9,0,0
33.9362,5.22984,6.44584,0.0390915,4.4,0.0232158,0.102149,NONE,999.9,0,0
33.94,5.27382,6.44718,0.0391175,4.4,-0.0326355,-0.143596,NONE,999.9,0,0
33.9445,5.27382,6.44718,0.0391175,4.4,-0.0326355,-0.143596,NONE,999.9,0,0
33.9489,5.3178,6.44851,0.038501,4.4,-0.0718724,-0.316239,NONE,999.9,0,0
33.9519,5.3178,6.44851,0.038501,4.4,-0.0718724,-0.316239,NONE,999.9,0,0
33.9558,5.3178,6.44851,0.038501,4.4,-0.0718724,-0.316239,NONE,999.9,0,0
33.9605,5.36178,6.44985,0.0376912,4.4,-0.105604,-0.464655,NONE,999.9,0,0
33.9642,5.36178,6.44985,0.0376912,4.4,-0.105604,-0.464655,NONE,999.9,0,0
33.9689,5.40576,6.45117,0.0364352,4.4,-0.127513,-0.561056,NONE,999.9,0,0
33.9719,5.40576,6.45117,0.0364352,4.4,-0.127513,-0.561056,NONE,999.9,0,0
33.9766,5.40576,6.45117,0.0364352,4.4,-0.127513,-0.561056,NONE,999.9,0,0
33.9801,5.44974,6.4525,0.0351395,4.4,-0.147715,-0.649946,NONE,999.9,0,0
33.9839,5.44974,6.4525,0.0351395,4.4,-0.147715,-0.649946,NONE,999.9,0,0
33.989,5.49372,6.4538,0.0335172,4.4,-0.1591,-0.700042,NONE,999.9,0,0
33.992,5.49372,6.4538,0.0335172,4.4,-0.1591,-0.700042,NONE,999.9,0,0
33.9961,5.49372,6.4538,0.0335172,4.4,-0.1591,-0.700042,NONE,999.9,0,0
34.0001,5.5377,6.4551,0.0319482,4.4,-0.171151,-0.753064,NONE,999.9,0,0
34.0043,5.5377,6.4551,0.0319482,4.4,-0.171151,-0.753064,NONE,999.9,0,0
34.0091,5.58168,6.45635,0.0301244,4.4,-0.176252,-0.77551,NONE,999.9,0,0
34.012,5.58168,6.45635,0.0301244,4.4,-0.176252,-0.77551,NONE,999.9,0,0
34.0163,5.58168,6.45635,0.0301244,4.4,-0.176252,-0.77551,NONE,999.9,0,0
34.02,5.62566,6.45758,0.0284089,4.4,-0.183485,-0.807335,NONE,999.9,0,0
34.0241,5.62566,6.45758,0.0284089,4.4,-0.183485,-0.807335,NONE,999.9,0,0
34.0297,5.66965,6.45876,0.026481,4.4,-0.184917,-0.813637,NONE,999.9,0,0
34.032,5.66965,6.45876,0.026481,4.4,-0.184917,-0.813637,NONE,999.9,0,0
34.036,5.66965,6.45876,0.026481,4.4,-0.184917,-0.813637,NONE,999.9,0,0
34.0402,5.71363,6.45991,0.0246934,4.4,-0.189377,-0.83326,NONE,999.9,0,0
34.0443,5.71363,6.45991,0.0246934,4.4,-0.189377,-0.83326,NONE,999.9,0,0
34.0494,5.75762,6.461,0.0227175,4.4,-0.188733,-0.830425,NONE,999.9,0,0
34.052,5.75762,6.461,0.0227175,4.4,-0.188733,-0.830425,NONE,999.9,0,0
34.0565,5.75762,6.461,0.0227175,4.4,-0.188733,-0.830425,NONE,999.9,0,0
34.0604,5.80161,6.46206,0.0208998,4.4,-0.191655,-0.843284,NONE,999.9,0,0
34.0639,5.80161,6.46206,0.0208998,4.4,-0.191655,-0.843284,NONE,999.9,0,0
34.0687,5.8456,6.46304,0.018907,4.4,-0.189889,-0.835511,NONE,999.9,0,0
34.0719,5.8456,6.46304,0.018907,4.4,-0.189889,-0.835511,NONE,999.9,0,0
34.0761,5.8456,6.46304,0.018907,4.4,-0.189889,-0.835511,NONE,999.9,0,0
34.0801,5.88959,6.46398,0.0170821,4.4,-0.192007,-0.844831,NONE,999.9,0,0
34.0841,5.88959,6.46398,0.0170821,4.4,-0.192007,-0.844831,NONE,999.9,0,0
34.0894,5.93358,6.46484,0.0150887,4.4,-0.189678,-0.834583,NONE,999.9,0,0
34.092,5.93358,6.46484,0.0150887,4.4,-0.189678,-0.834583,NONE,999.9,0,0
34.0959,5.93358,6.46484,0.0150887,4.4,-0.189678,-0.834583,NONE,999.9,0,0
34.1001,5.97757,6.46566,0.0132679,4.4,-0.191416,-0.842232,NONE,999.9,0,0
34.1039,5.97757,6.46566,0.0132679,4.4,-0.191416,-0.842232,NONE,999.9,0,0
34.109,6.02156,6.46639,0.0112818,4.4,-0.188844,-0.830915,NONE,999.9,0,0
34.1121,6.02156,6.46639,0.0112818,4.4,-0.188844,-0.830915,NONE,999.9,0,0
34.116,6.02156,6.46639,0.0112818,4.4,-0.188844,-0.830915,NONE,999.9,0,0
34.1203,6.06556,6.46708,0.00947011,4.4,-0.19044,-0.837937,NONE,999.9,0,0
34.1245,6.06556,6.46708,0.00947011,4.4,-0.19044,-0.837937,NONE,999.9,0,0
34.1287,6.10955,6.46767,0.00749412,4.4,-0.187799,-0.826315,NONE,999.9,0,0
34.132,6.10955,6.46767,0.00749412,4.4,-0.187799,-0.826315,NONE,999.9,0,0
34.1362,6.10955,6.46767,0.00749412,4.4,-0.187799,-0.826315,NONE,999.9,0,0
34.1402,6.15355,6.46824,0.00601076,4.4,-0.0956755,-0.420972,NONE,999.9,0,0
34.1442,6.15355,6.46824,0.00601076,4.4,-0.0956755,-0.420972,NONE,999.9,0,0
34.1489,6.19755,6.46882,0.00549318,4.4,-0.0277705,-0.12219,NONE,999.9,0,0
34.1522,6.19755,6.46882,0.00549318,4.4,-0.0277705,-0.12219,NONE,999.9,0,0
34.1565,6.19755,6.46882,0.00549318,4.4,-0.0277705,-0.12219,NONE,999.9,0,0
34.1602,6.24154,6.46939,0.00542408,4.4,0.0285669,0.125694,NONE,999.9,0,0
34.164,6.24154,6.46939,0.00542408,4.4,0.0285669,0.125694,NONE,999.9,0,0
34.1694,6.28554,6.46997,0.00600221,4.4,0.068257,0.300331,NONE,999.9,0,0
34.172,6.28554,6.46997,0.00600221,4.4,0.068257,0.300331,NONE,999.9,0,0
34.1764,6.28554,6.46997,0.00600221,4.4,0.068257,0.300331,NONE,999.9,0,0
34.1801,6.32954,6.47055,0.00677795,4.4,0.102406,0.450584,NONE,999.9,0,0
34.1842,6.32954,6.47055,0.00677795,4.4,0.102406,0.450584,NONE,999.9,0,0
34.1893,6.37353,6.47114,0.0080039,4.4,0.124695,0.548659,NONE,999.9,0,0
34.192,6.37353,6.47114,0.0080039,4.4,0.124695,0.548659,NONE,999.9,0,0
34.196,6.37353,6.47114,0.0080039,4.4,0.124695,0.548659,NONE,999.9,0,0
34.2003,6.41753,6.47174,0.00927319,4.4,0.145242,0.639063,NONE,999.9,0,0
34.2039,6.41753,6.47174,0.00927319,4.4,0.145242,0.639063,NONE,999.9,0,0
34.2086,6.46152,6.47237,0.0108723,4.4,0.156936,0.690518,NONE,999.9,0,0
34.2123,6.46152,6.47237,0.0108723,4.4,0.156936,0.690518,NONE,999.9,0,0
34.2162,6.46152,6.47237,0.0108723,4.4,0.156936,0.690518,NONE,999.9,0,0
34.2207,6.50552,6.47298,0.0121034,4.4,0.0755593,0.332461,NONE,999.9,0,0
34.2241,6.50552,6.47298,0.0121034,4.4,0.0755593,0.332461,NONE,999.9,0,0
34.2288,6.54951,6.47353,0.0124617,4.4,0.0156218,0.0687361,NONE,999.9,0,0
34.232,6.54951,6.47353,0.0124617,4.4,0.0156218,0.0687361,NONE,999.9,0,0
34.2358,6.54951,6.47353,0.0124617,4.4,0.0156218,0.0687361,NONE,999.9,0,0
34.2401,6.59351,6.47406,0.01244,4.4,-0.0348896,-0.153514,NONE,999.9,0,0
34.2444,6.59351,6.47406,0.01244,4.4,-0.0348896,-0.153514,NONE,999.9,0,0
34.2491,6.63751,6.47454,0.0118208,4.4,-0.0703953,-0.309739,NONE,999.9,0,0
34.2524,6.63751,6.47454,0.0118208,4.4,-0.0703953,-0.309739,NONE,999.9,0,0
34.256,6.63751,6.47454,0.0118208,4.4,-0.0703953,-0.309739,NONE,999.9,0,0
34.2602,6.68151,6.47499,0.0110392,4.4,-0.101609,-0.447079,NONE,999.9,0,0
34.2639,6.68151,6.47499,0.0110392,4.4,-0.101609,-0.447079,NONE,999.9,0,0
34.2691,6.7255,6.4754,0.00983188,4.4,-0.121908,-0.536393,NONE,999.9,0,0
34.2719,6.7255,6.4754,0.00983188,4.4,-0.121908,-0.536393,NONE,999.9,0,0
34.2771,6.7255,6.4754,0.00983188,4.4,-0.121908,-0.536393,NONE,999.9,0,0
34.2817,6.7695,6.47578,0.0085974,4.4,-0.141169,-0.621144,NONE,999.9,0,0
34.2844,6.7695,6.47578,0.0085974,4.4,-0.141169,-0.621144,NONE,999.9,0,0
34.2891,6.8135,6.47611,0.00704322,4.4,-0.152101,-0.669247,NONE,999.9,0,0
34.2923,6.8135,6.47611,0.00704322,4.4,-0.152101,-0.669247,NONE,999.9,0,0
34.296,6.8135,6.47611,0.00704322,4.4,-0.152101,-0.669247,NONE,999.9,0,0
34.3001,6.8575,6.47641,0.00554491,4.4,-0.164047,-0.721805,NONE,999.9,0,0
34.3042,6.8575,6.47641,0.00554491,4.4,-0.164047,-0.721805,NONE,999.9,0,0
34.3094,6.9015,6.47665,0.00379162,4.4,-0.169285,-0.744852,NONE,999.9,0,0
34.3122,6.9015,6.47665,0.00379162,4.4,-0.169285,-0.744852,NONE,999.9,0,0
34.3162,6.9015,6.47665,0.00379162,4.4,-0.169285,-0.744852,NONE,999.9,0,0
34.3203,6.9455,6.47686,0.0021445,4.4,-0.176816,-0.777991,NONE,999.9,0,0
34.3241,6.9455,6.47686,0.0021445,4.4,-0.176816,-0.777991,NONE,999.9,0,0
34.3286,6.9895,6.477,0.000281295,4.4,-0.178649,-0.786058,NONE,999.9,0,0
34.3322,6.9895,6.477,0.000281295,4.4,-0.178649,-0.786058,NONE,999.9,0,0
34.3359,6.9895,6.477,0.000281295,4.4,-0.178649,-0.786058,NONE,999.9,0,0
34.34,7.0335,6.4771,-0.00144583,4.4,-0.183569,-0.807703,NONE,999.9,0,0
34.3445,7.0335,6.4771,-0.00144583,4.4,-0.183569,-0.807703,NONE,999.9,0,0
34.3494,7.0775,6.47712,-0.00336615,4.4,-0.183411,-0.807007,NONE,999.9,0,0
34.3521,7.0775,6.47712,-0.00336615,4.4,-0.183411,-0.807007,NONE,999.9,0,0
34.356,7.0775,6.47712,-0.00336615,4.4,-0.183411,-0.807007,NONE,999.9,0,0
34.36,7.1215,6.47713,-0.00481527,4.4,-0.0931207,-0.409731,NONE,999.9,0,0
34.364,7.1215,6.47713,-0.00481527,4.4,-0.0931207,-0.409731,NONE,999.9,0,0
34.3691,7.1655,6.47716,-0.00531433,4.4,-0.0265491,-0.116816,NONE,999.9,0,0
34.3719,7.1655,6.47716,-0.00531433,4.4,-0.0265491,-0.116816,NONE,999.9,0,0
34.377,7.1655,6.47716,-0.00531433,4.4,-0.0265491,-0.116816,NONE,999.9,0,0
34.381,7.2095,6.47718,-0.00537625,4.4,0.0288371,0.126883,NONE,999.9,0,0
34.3842,7.2095,6.47718,-0.00537625,4.4,0.0288371,0.126883,NONE,999.9,0,0
34.3891,7.2535,6.47723,-0.00479893,4.4,0.0678665,0.298613,NONE,999.9,0,0
34.392,7.2535,6.47723,-0.00479893,4.4,0.0678665,0.298613,NONE,999.9,0,0
34.3959,7.2535,6.47723,-0.00479893,4.4,0.0678665,0.298613,NONE,999.9,0,0
34.4002,7.2975,6.47728,-0.00402946,4.4,0.101573,0.446921,NONE,999.9,0,0
34.4039,7.2975,6.47728,-0.00402946,4.4,0.101573,0.446921,NONE,999.9,0,0
34.4091,7.3415,6.47735,-0.00281336,4.4,0.123584,0.543769,NONE,999.9,0,0
34.4129,7.3415,6.47735,-0.00281336,4.4,0.123584,0.543769,NONE,999.9,0,0
34.4161,7.3415,6.47735,-0.00281336,4.4,0.123584,0.543769,NONE,999.9,0,0
34.4201,7.3855,6.47743,-0.00155606,4.4,0.143971,0.633473,NONE,999.9,0,0
34.424,7.3855,6.47743,-0.00155606,4.4,0.143971,0.633473,NONE,999.9,0,0
34.4289,7.4295,6.47754,2.99066e-05,4.4,0.155594,0.684613,NONE,999.9,0,0
34.432,7.4295,6.47754,2.99066e-05,4.4,0.155594,0.684613,NONE,999.9,0,0
34.4362,7.4295,6.47754,2.99066e-05,4.4,0.155594,0.684613,NONE,999.9,0,0
34.4406,7.4735,6.47767,0.00156522,4.4,0.16791,0.738805,NONE,999.9,0,0
34.4447,7.4735,6.47767,0.00156522,4.4,0.16791,0.738805,NONE,999.9,0,0
34.4489,7.5175,6.47785,0.00335801,4.4,0.173289,0.762473,NONE,999.9,0,0
34.4527,7.5175,6.47785,0.00335801,4.4,0.173289,0.762473,NONE,999.9,0,0
34.4561,7.5175,6.47785,0.00335801,4.4,0.173289,0.762473,NONE,999.9,0,0
34.46,7.5615,6.47805,0.00504519,4.4,0.1808,0.795521,NONE,999.9,0,0
34.4648,7.5615,6.47805,0.00504519,4.4,0.1808,0.795521,NONE,999.9,0,0
34.4689,7.6055,6.4783,0.00694765,4.4,0.182502,0.803009,NONE,999.9,0,0
34.4723,7.6055,6.4783,0.00694765,4.4,0.182502,0.803009,NONE,999.9,0,0
34.477,7.6055,6.4783,0.00694765,4.4,0.182502,0.803009,NONE,999.9,0,0
34.4813,7.6495,6.47859,0.00871233,4.4,0.187218,0.823759,NONE,999.9,0,0
34.485,7.6495,6.47859,0.00871233,4.4,0.187218,0.823759,NONE,999.9,0,0
34.4906,7.69349,6.47895,0.0106679,4.4,0.186813,0.821976,NONE,999.9,0,0
34.4924,7.69349,6.47895,0.0106679,4.4,0.186813,0.821976,NONE,999.9,0,0
34.4963,7.69349,6.47895,0.0106679,4.4,0.186813,0.821976,NONE,999.9,0,0
34.5002,7.73749,6.47934,0.0124675,4.4,0.189956,0.835806,NONE,999.9,0,0
34.5044,7.73749,6.47934,0.0124675,4.4,0.189956,0.835806,NONE,999.9,0,0
34.51,7.78149,6.4798,0.0144443,4.4,0.188391,0.828919,NONE,999.9,0,0
34.5125,7.78149,6.4798,0.0144443,4.4,0.188391,0.828919,NONE,999.9,0,0
34.5159,7.78149,6.4798,0.0144443,4.4,0.188391,0.828919,NONE,999.9,0,0
34.5204,7.82549,6.4803,0.0160963,4.4,0.14384,0.632895,NONE,999.9,0,0
34.5238,7.82549,6.4803,0.0160963,4.4,0.14384,0.632895,NONE,999.9,0,0
34.5292,7.86948,6.48081,0.0171946,4.4,0.0621817,0.273599,NONE,999.9,0,0
34.532,7.86948,6.48081,0.0171946,4.4,0.0621817,0.273599,NONE,999.9,0,0
34.5363,7.86948,6.48081,0.0171946,4.4,0.0621817,0.273599,NONE,999.9,0,0
34.541,7.91348,6.4813,0.0174198,4.4,0.00244422,0.0107546,NONE,999.9,0,0
34.544,7.91348,6.4813,0.0174198,4.4,0.00244422,0.0107546,NONE,999.9,0,0
34.5492,7.95748,6.4818,0.0172687,4.4,-0.0475426,-0.209187,NONE,999.9,0,0
34.5519,7.95748,6.4818,0.0172687,4.4,-0.0475426,-0.209187,NONE,999.9,0,0
34.5559,7.95748,6.4818,0.0172687,4.4,-0.0475426,-0.209187,NONE,999.9,0,0
34.5603,8.00148,6.48227,0.0165265,4.4,-0.0823161,-0.362191,NONE,999.9,0,0
34.5638,8.00148,6.48227,0.0165265,4.4,-0.0823161,-0.362191,NONE,999.9,0,0
34.5689,8.04547,6.48274,0.0156299,4.4,-0.112677,-0.495777,NONE,999.9,0,0
34.5724,8.04547,6.48274,0.0156299,4.4,-0.112677,-0.495777,NONE,999.9,0,0
34.5762,8.04547,6.48274,0.0156299,4.4,-0.112677,-0.495777,NONE,999.9,0,0
34.5804,8.08947,6.48319,0.0143164,4.4,-0.132065,-0.581084,NONE,999.9,0,0
34.5844,8.08947,6.48319,0.0143164,4.4,-0.132065,-0.581084,NONE,999.9,0,0
34.5889,8.13347,6.48363,0.012985,4.4,-0.150402,-0.661771,NONE,999.9,0,0
34.592,8.13347,6.48363,0.012985,4.4,-0.150402,-0.661771,NONE,999.9,0,0
34.5959,8.13347,6.48363,0.012985,4.4,-0.150402,-0.661771,NONE,999.9,0,0
34.6005,8.17747,6.48403,0.011343,4.4,-0.160429,-0.705888,NONE,999.9,0,0
34.6045,8.17747,6.48403,0.011343,4.4,-0.160429,-0.705888,NONE,999.9,0,0
34.6094,8.22147,6.48441,0.00976582,4.4,-0.171508,-0.754635,NONE,999.9,0,0
34.6121,8.22147,6.48441,0.00976582,4.4,-0.171508,-0.754635,NONE,999.9,0,0
34.6158,8.22147,6.48441,0.00976582,4.4,-0.171508,-0.754635,NONE,999.9,0,0
34.6201,8.26547,6.48475,0.00794204,4.4,-0.175932,-0.774101,NONE,999.9,0,0
34.6242,8.26547,6.48475,0.00794204,4.4,-0.175932,-0.774101,NONE,999.9,0,0
34.6286,8.30946,6.48506,0.00623227,4.4,-0.18271,-0.803922,NONE,999.9,0,0
34.6323,8.30946,6.48506,0.00623227,4.4,-0.18271,-0.803922,NONE,999.9,0,0
34.6364,8.30946,6.48506,0.00623227,4.4,-0.18271,-0.803922,NONE,999.9,0,0
34.64,8.35346,6.48531,0.00431363,4.4,-0.183852,-0.808948,NONE,999.9,0,0
34.6446,8.35346,6.48531,0.00431363,4.4,-0.183852,-0.808948,NONE,999.9,0,0
34.6487,8.39746,6.48555,0.00285539,4.4,-0.0944416,-0.415543,NONE,999.9,0,0
34.6519,8.39746,6.48555,0.00285539,4.4,-0.0944416,-0.415543,NONE,999.9,0,0
34.656,8.39746,6.48555,0.00285539,4.4,-0.0944416,-0.415543,NONE,999.9,0,0
34.6604,8.44146,6.48583,0.00234007,4.4,-0.028435,-0.125114,NONE,999.9,0,0
34.6643,8.44146,6.48583,0.00234007,4.4,-0.028435,-0.125114,NONE,999.9,0,0
34.6694,8.48546,6.48612,0.00225747,4.4,0.0266189,0.117123,NONE,999.9,0,0
34.6729,8.48546,6.48612,0.00225747,4.4,0.0266189,0.117123,NONE,999.9,0,0
34.6766,8.48546,6.48612,0.00225747,4.4,0.0266189,0.117123,NONE,999.9,0,0
34.6804,8.52946,6.48644,0.00281167,4.4,0.0654854,0.288136,NONE,999.9,0,0
34.6841,8.52946,6.48644,0.00281167,4.4,0.0654854,0.288136,NONE,999.9,0,0
34.6886,8.57346,6.48676,0.00355703,4.4,0.0991501,0.43626,NONE,999.9,0,0
34.692,8.57346,6.48676,0.00355703,4.4,0.0991501,0.43626,NONE,999.9,0,0
34.6965,8.57346,6.48676,0.00355703,4.4,0.0991501,0.43626,NONE,999.9,0,0
34.7008,8.61746,6.48711,0.00474906,4.4,0.121203,0.533295,NONE,999.9,0,0
34.704,8.61746,6.48711,0.00474906,4.4,0.121203,0.533295,NONE,999.9,0,0
34.7095,8.66146,6.48748,0.00598301,4.4,0.14169,0.623436,NONE,999.9,0,0
34.7121,8.66146,6.48748,0.00598301,4.4,0.14169,0.623436,NONE,999.9,0,0
34.7161,8.66146,6.48748,0.00598301,4.4,0.14169,0.623436,NONE,999.9,0,0
34.7201,8.70545,6.48788,0.00754682,4.4,0.153448,0.675171,NONE,999.9,0,0
34.724,8.70545,6.48788,0.00754682,4.4,0.153448,0.675171,NONE,999.9,0,0
34.7292,8.74945,6.48831,0.00906145,4.4,0.16592,0.730048,NONE,999.9,0,0
34.7321,8.74945,6.48831,0.00906145,4.4,0.16592,0.730048,NONE,999.9,0,0
34.7363,8.74945,6.48831,0.00906145,4.4,0.16592,0.730048,NONE,999.9,0,0
34.7403,8.79345,6.48879,0.0108352,4.4,0.171465,0.754445,NONE,999.9,0,0
34.7443,8.79345,6.48879,0.0108352,4.4,0.171465,0.754445,NONE,999.9,0,0
34.7489,8.83745,6.48929,0.0125049,4.4,0.179143,0.788228,NONE,999.9,0,0
34.7519,8.83745,6.48929,0.0125049,4.4,0.179143,0.788228,NONE,999.9,0,0
34.7559,8.83745,6.48929,0.0125049,4.4,0.179143,0.788228,NONE,999.9,0,0
34.7604,8.88144,6.48985,0.0143916,4.4,0.181008,0.796435,NONE,999.9,0,0
34.7643,8.88144,6.48985,0.0143916,4.4,0.181008,0.796435,NONE,999.9,0,0
34.7696,8.92544,6.49045,0.0161422,4.4,0.18588,0.817872,NONE,999.9,0,0
34.772,8.92544,6.49045,0.0161422,4.4,0.18588,0.817872,NONE,999.9,0,0
34.7767,8.92544,6.49045,0.0161422,4.4,0.18588,0.817872,NONE,999.9,0,0
34.7803,8.96943,6.49111,0.0180851,4.4,0.185621,0.816734,NONE,999.9,0,0
34.7842,8.96943,6.49111,0.0180851,4.4,0.185621,0.816734,NONE,999.9,0,0
34.7892,9.01343,6.49181,0.0197146,4.4,0.142049,0.625015,NONE,999.9,0,0
34.7926,9.01343,6.49181,0.0197146,4.4,0.142049,0.625015,NONE,999.9,0,0
34.7962,9.01343,6.49181,0.0197146,4.4,0.142049,0.625015,NONE,999.9,0,0
34.8005,9.05742,6.49251,0.0207987,4.4,0.0611147,0.268905,NONE,999.9,0,0
34.8042,9.05742,6.49251,0.0207987,4.4,0.0611147,0.268905,NONE,999.9,0,0
34.8095,9.10142,6.49318,0.021016,4.4,0.00190559,0.00838459,NONE,999.9,0,0
34.8123,9.10142,6.49318,0.021016,4.4,0.00190559,0.00838459,NONE,999.9,0,0
34.8159,9.10142,6.49318,0.021016,4.4,0.00190559,0.00838459,NONE,999.9,0,0
34.82,9.14541,6.49386,0.0208616,4.4,-0.0477027,-0.209892,NONE,999.9,0,0
34.8243,9.14541,6.49386,0.0208616,4.4,-0.0477027,-0.209892,NONE,999.9,0,0
34.8289,9.18941,6.49452,0.0201191,4.4,-0.0822118,-0.361732,NONE,999.9,0,0
34.8321,9.18941,6.49452,0.0201191,4.4,-0.0822118,-0.361732,NONE,999.9,0,0
34.8359,9.18941,6.49452,0.0201191,4.4,-0.0822118,-0.361732,NONE,999.9,0,0
34.8401,9.2334,6.49517,0.0192246,4.4,-0.112394,-0.494533,NONE,999.9,0,0
34.8442,9.2334,6.49517,0.0192246,4.4,-0.112394,-0.494533,NONE,999.9,0,0
34.8489,9.2774,6.49579,0.0179145,4.4,-0.131668,-0.579338,NONE,999.9,0,0
34.8519,9.2774,6.49579,0.0179145,4.4,-0.131668,-0.579338,NONE,999.9,0,0
34.8565,9.2774,6.49579,0.0179145,4.4,-0.131668,-0.579338,NONE,999.9,0,0
34.8605,9.32139,6.4964,0.0165874,4.4,-0.149939,-0.659731,NONE,999.9,0,0
34.8643,9.32139,6.4964,0.0165874,4.4,-0.149939,-0.659731,NONE,999.9,0,0
34.8686,9.36539,6.49698,0.0149503,4.4,-0.159933,-0.703707,NONE,999.9,0,0
34.8719,9.36539,6.49698,0.0149503,4.4,-0.159933,-0.703707,NONE,999.9,0,0
34.8761,9.36539,6.49698,0.0149503,4.4,-0.159933,-0.703707,NONE,999.9,0,0
34.8802,9.40939,6.49753,0.0133781,4.4,-0.171005,-0.752421,NONE,999.9,0,0
34.8845,9.40939,6.49753,0.0133781,4.4,-0.171005,-0.752421,NONE,999.9,0,0
34.8892,9.45338,6.49804,0.0115593,4.4,-0.175438,-0.771929,NONE,999.9,0,0
34.8927,9.45338,6.49804,0.0115593,4.4,-0.175438,-0.771929,NONE,999.9,0,0
34.896,9.45338,6.49804,0.0115593,4.4,-0.175438,-0.771929,NONE,999.9,0,0
34.9003,9.49738,6.49851,0.00985437,4.4,-0.182237,-0.801843,NONE,999.9,0,0
34.9039,9.49738,6.49851,0.00985437,4.4,-0.182237,-0.801843,NONE,999.9,0,0
34.9087,9.54138,6.49893,0.00794033,4.4,-0.183408,-0.806995,NONE,999.9,0,0
34.9121,9.54138,6.49893,0.00794033,4.4,-0.183408,-0.806995,NONE,999.9,0,0
34.9159,9.54138,6.49893,0.00794033,4.4,-0.183408,-0.806995,NONE,999.9,0,0
34.9204,9.58538,6.49932,0.00616865,4.4,-0.187733,-0.826024,NONE,999.9,0,0
34.9243,9.58538,6.49932,0.00616865,4.4,-0.187733,-0.826024,NONE,999.9,0,0
34.9289,9.62938,6.49964,0.0042094,4.4,-0.187044,-0.822993,NONE,999.9,0,0
34.9318,9.62938,6.49964,0.0042094,4.4,-0.187044,-0.822993,NONE,999.9,0,0
34.9362,9.62938,6.49964,0.0042094,4.4,-0.187044,-0.822993,NONE,999.9,0,0
34.94,9.67338,6.49991,0.00240862,4.4,-0.189986,-0.835937,NONE,999.9,0,0
34.9446,9.67338,6.49991,0.00240862,4.4,-0.189986,-0.835937,NONE,999.9,0,0
34.9488,9.71737,6.50012,0.000432191,4.4,-0.188281,-0.828438,NONE,999.9,0,0
34.9522,9.71737,6.50012,0.000432191,4.4,-0.188281,-0.828438,NONE,999.9,0,0
34.9562,9.71737,6.50012,0.000432191,4.4,-0.188281,-0.828438,NONE,999.9,0,0
34.9602,9.76137,6.5003,-0.00105936,4.4,-0.0967869,-0.425862,NONE,999.9,0,0
34.9642,9.76137,6.5003,-0.00105936,4.4,-0.0967869,-0.425862,NONE,999.9,0,0
34.9689,9.80537,6.5005,-0.00159021,4.4,-0.0292809,-0.128836,NONE,999.9,0,0
34.972,9.80537,6.5005,-0.00159021,4.4,-0.0292809,-0.128836,NONE,999.9,0,0
34.9773,9.80537,6.5005,-0.00159021,4.4,-0.0292809,-0.128836,NONE,999.9,0,0
34.9807,9.84937,6.5007,-0.00167568,4.4,0.026827,0.118039,NONE,999.9,0,0
34.9845,9.84937,6.5007,-0.00167568,4.4,0.026827,0.118039,NONE,999.9,0,0
34.9895,9.89337,6.50092,-0.00111557,4.4,0.0664108,0.292208,NONE,999.9,0,0
34.9921,9.89337,6.50092,-0.00111557,4.4,0.0664108,0.292208,NONE,999.9,0,0
34.9964,9.89337,6.50092,-0.00111557,4.4,0.0664108,0.292208,NONE,999.9,0,0
35,9.93737,6.50114,-0.000358446,4.4,0.100541,0.442379,NONE,999.9,0,0
35.0046,9.93737,6.50114,-0.000358446,4.4,0.100541,0.442379,NONE,999.9,0,0
35.009,9.98137,6.50138,0.000849019,4.4,0.122872,0.540638,NONE,999.9,0,0
35.0121,9.98137,6.50138,0.000849019,4.4,0.122872,0.540638,NONE,999.9,0,0
35.0162,9.98137,6.50138,0.000849019,4.4,0.122872,0.540638,NONE,999.9,0,0
35.0204,10.0254,6.50163,0.00210046,4.4,0.143501,0.631404,NONE,999.9,0,0
35.024,10.0254,6.50163,0.00210046,4.4,0.143501,0.631404,NONE,999.9,0,0
35.0286,10.0694,6.50191,0.00368267,4.4,0.155303,0.683333,NONE,999.9,0,0
35.0322,10.0694,6.50191,0.00368267,4.4,0.155303,0.683333,NONE,999.9,0,0
35.0359,10.0694,6.50191,0.00368267,4.4,0.155303,0.683333,NONE,999.9,0,0
35.0402,10.1134,6.50221,0.00521577,4.4,0.167751,0.738104,NONE,999.9,0,0
35.0444,10.1134,6.50221,0.00521577,4.4,0.167751,0.738104,NONE,999.9,0,0
35.0491,10.1574,6.50255,0.00700747,4.4,0.173225,0.762191,NONE,999.9,0,0
35.0523,10.1574,6.50255,0.00700747,4.4,0.173225,0.762191,NONE,999.9,0,0
35.056,10.1574,6.50255,0.00700747,4.4,0.173225,0.762191,NONE,999.9,0,0
35.06,10.2014,6.50291,0.00869436,4.4,0.180803,0.795534,NONE,999.9,0,0
35.0639,10.2014,6.50291,0.00869436,4.4,0.180803,0.795534,NONE,999.9,0,0
35.0687,10.2454,6.50334,0.0105971,4.4,0.182551,0.803224,NONE,999.9,0,0
35.0718,10.2454,6.50334,0.0105971,4.4,0.182551,0.803224,NONE,999.9,0,0
35.0761,10.2454,6.50334,0.0105971,4.4,0.182551,0.803224,NONE,999.9,0,0
35.0805,10.2894,6.50379,0.0123624,4.4,0.187297,0.824107,NONE,999.9,0,0
35.0842,10.2894,6.50379,0.0123624,4.4,0.187297,0.824107,NONE,999.9,0,0
35.0887,10.3334,6.50431,0.0143189,4.4,0.18691,0.822405,NONE,999.9,0,0
35.092,10.3334,6.50431,0.0143189,4.4,0.18691,0.822405,NONE,999.9,0,0
35.096,10.3334,6.50431,0.0143189,4.4,0.18691,0.822405,NONE,999.9,0,0
35.1003,10.3774,6.50487,0.0161195,4.4,0.190063,0.836277,NONE,999.9,0,0
35.1039,10.3774,6.50487,0.0161195,4.4,0.190063,0.836277,NONE,999.9,0,0
35.1093,10.4214,6.50549,0.0180975,4.4,0.188501,0.829406,NONE,999.9,0,0
35.1122,10.4214,6.50549,0.0180975,4.4,0.188501,0.829406,NONE,999.9,0,0
35.1164,10.4214,6.50549,0.0180975,4.4,0.188501,0.829406,NONE,999.9,0,0
35.1205,10.4653,6.50614,0.0195917,4.4,0.0970984,0.427233,NONE,999.9,0,0
35.1239,10.4653,6.50614,0.0195917,4.4,0.0970984,0.427233,NONE,999.9,0,0
35.1298,10.5093,6.50677,0.020126,4.4,0.0296459,0.130442,NONE,999.9,0,0
35.132,10.5093,6.50677,0.020126,4.4,0.0296459,0.130442,NONE,999.9,0,0
35.1367,10.5093,6.50677,0.020126,4.4,0.0296459,0.130442,NONE,999.9,0,0
35.1408,10.5533,6.50739,0.0202152,4.4,-0.0264359,-0.116318,NONE,999.9,0,0
35.1451,10.5533,6.50739,0.0202152,4.4,-0.0264359,-0.116318,NONE,999.9,0,0
35.1493,10.5973,6.508,0.0196591,4.4,-0.0660133,-0.290459,NONE,999.9,0,0
35.1527,10.5973,6.508,0.0196591,4.4,-0.0660133,-0.290459,NONE,999.9,0,0
35.1561,10.5973,6.508,0.0196591,4.4,-0.0660133,-0.290459,NONE,999.9,0,0
35.1603,10.6413,6.50861,0.0189059,4.4,-0.10015,-0.440662,NONE,999.9,0,0
35.164,10.6413,6.50861,0.0189059,4.4,-0.10015,-0.440662,NONE,999.9,0,0
35.1691,10.6853,6.50919,0.0177023,4.4,-0.122499,-0.538994,NONE,999.9,0,0
35.1719,10.6853,6.50919,0.0177023,4.4,-0.122499,-0.538994,NONE,999.9,0,0
35.1767,10.6853,6.50919,0.0177023,4.4,-0.122499,-0.538994,NONE,999.9,0,0
35.181,10.7293,6.50976,0.0164544,4.4,-0.14315,-0.629858,NONE,999.9,0,0
35.1844,10.7293,6.50976,0.0164544,4.4,-0.14315,-0.629858,NONE,999.9,0,0
35.1889,10.7733,6.5103,0.0148756,4.4,-0.154977,-0.6819,NONE,999.9,0,0
35.1921,10.7733,6.5103,0.0148756,4.4,-0.154977,-0.6819,NONE,999.9,0,0
35.1961,10.7733,6.5103,0.0148756,4.4,-0.154977,-0.6819,NONE,999.9,0,0
35.2001,10.8173,6.51083,0.0133456,4.4,-0.167452,-0.73679,NONE,999.9,0,0
35.2043,10.8173,6.51083,0.0133456,4.4,-0.167452,-0.73679,NONE,999.9,0,0
35.2098,10.8613,6.5113,0.0115568,4.4,-0.172954,-0.760998,NONE,999.9,0,0
35.2121,10.8613,6.5113,0.0115568,4.4,-0.172954,-0.760998,NONE,999.9,0,0
35.2164,10.8613,6.5113,0.0115568,4.4,-0.172954,-0.760998,NONE,999.9,0,0
35.2204,10.9053,6.51176,0.00987248,4.4,-0.180559,-0.794458,NONE,999.9,0,0
35.2264,10.9053,6.51176,0.00987248,4.4,-0.180559,-0.794458,NONE,999.9,0,0
35.2289,10.9493,6.51216,0.00797206,4.4,-0.182332,-0.802261,NONE,999.9,0,0
35.2322,10.9493,6.51216,0.00797206,4.4,-0.182332,-0.802261,NONE,999.9,0,0
35.2359,10.9493,6.51216,0.00797206,4.4,-0.182332,-0.802261,NONE,999.9,0,0
35.2405,10.9933,6.51252,0.00620879,4.4,-0.187102,-0.823249,NONE,999.9,0,0
35.2459,10.9933,6.51252,0.00620879,4.4,-0.187102,-0.823249,NONE,999.9,0,0
35.2496,11.0373,6.51283,0.00425414,4.4,-0.186738,-0.821645,NONE,999.9,0,0
35.2523,11.0373,6.51283,0.00425414,4.4,-0.186738,-0.821645,NONE,999.9,0,0
35.256,11.0373,6.51283,0.00425414,4.4,-0.186738,-0.821645,NONE,999.9,0,0
35.2604,11.0813,6.51309,0.0024552,4.4,-0.189911,-0.835607,NONE,999.9,0,0
35.2644,11.0813,6.51309,0.0024552,4.4,-0.189911,-0.835607,NONE,999.9,0,0
35.2694,11.1253,6.51328,0.000478664,4.4,-0.188367,-0.828817,NONE,999.9,0,0
35.2722,11.1253,6.51328,0.000478664,4.4,-0.188367,-0.828817,NONE,999.9,0,0
35.2768,11.1253,6.51328,0.000478664,4.4,-0.188367,-0.828817,NONE,999.9,0,0
35.2809,11.1693,6.51345,-0.00101433,4.4,-0.0969811,-0.426717,NONE,999.9,0,0
35.284,11.1693,6.51345,-0.00101433,4.4,-0.0969811,-0.426717,NONE,999.9,0,0
35.2893,11.2133,6.51364,-0.00154749,4.4,-0.0295435,-0.129991,NONE,999.9,0,0
35.2919,11.2133,6.51364,-0.00154749,4.4,-0.0295435,-0.129991,NONE,999.9,0,0
35.2962,11.2133,6.51364,-0.00154749,4.4,-0.0295435,-0.129991,NONE,999.9,0,0
35.3003,11.2573,6.51383,-0.0016358,4.4,0.0265252,0.116711,NONE,999.9,0,0
35.3045,11.2573,6.51383,-0.0016358,4.4,0.0265252,0.116711,NONE,999.9,0,0
35.3095,11.3013,6.51405,-0.00107882,4.4,0.0660909,0.2908,NONE,999.9,0,0
35.3122,11.3013,6.51405,-0.00107882,4.4,0.0660909,0.2908,NONE,999.9,0,0
35.3161,11.3013,6.51405,-0.00107882,4.4,0.0660909,0.2908,NONE,999.9,0,0
35.3202,11.3453,6.51426,-0.000324916,4.4,0.100218,0.440958,NONE,999.9,0,0
35.3243,11.3453,6.51426,-0.000324916,4.4,0.100218,0.440958,NONE,999.9,0,0
35.329,11.3893,6.5145,0.00087935,4.4,0.122557,0.53925,NONE,999.9,0,0
35.332,11.3893,6.5145,0.00087935,4.4,0.122557,0.53925,NONE,999.9,0,0
35.3362,11.3893,6.5145,0.00087935,4.4,0.122557,0.53925,NONE,999.9,0,0
35.341,11.4333,6.51474,0.00212771,4.4,0.1432,0.63008,NONE,999.9,0,0
35.3449,11.4333,6.51474,0.00212771,4.4,0.1432,0.63008,NONE,999.9,0,0
35.3491,11.4773,6.51502,0.003707,4.4,0.155021,0.682091,NONE,999.9,0,0
35.352,11.4773,6.51502,0.003707,4.4,0.155021,0.682091,NONE,999.9,0,0
35.3563,11.4773,6.51502,0.003707,4.4,0.155021,0.682091,NONE,999.9,0,0
35.3601,11.5213,6.51531,0.00523738,4.4,0.16749,0.736955,NONE,999.9,0,0
35.3642,11.5213,6.51531,0.00523738,4.4,0.16749,0.736955,NONE,999.9,0,0
35.3692,11.5653,6.51565,0.00702657,4.4,0.172986,0.761139,NONE,999.9,0,0
35.3724,11.5653,6.51565,0.00702657,4.4,0.172986,0.761139,NONE,999.9,0,0
35.3769,11.5653,6.51565,0.00702657,4.4,0.172986,0.761139,NONE,999.9,0,0
35.3814,11.6093,6.51601,0.00871119,4.4,0.180586,0.79458,NONE,999.9,0,0
35.384,11.6093,6.51601,0.00871119,4.4,0.180586,0.79458,NONE,999.9,0,0
35.3894,11.6533,6.51643,0.0106119,4.4,0.182356,0.802365,NONE,999.9,0,0
35.3921,11.6533,6.51643,0.0106119,4.4,0.182356,0.802365,NONE,999.9,0,0
35.3963,11.6533,6.51643,0.0106119,4.4,0.182356,0.802365,NONE,999.9,0,0
35.4009,11.6973,6.51688,0.0123754,4.4,0.187122,0.823339,NONE,999.9,0,0
35.4052,11.6973,6.51688,0.0123754,4.4,0.187122,0.823339,NONE,999.9,0,0
35.4099,11.7413,6.5174,0.0143302,4.4,0.186755,0.821722,NONE,999.9,0,0
35.4123,11.7413,6.5174,0.0143302,4.4,0.186755,0.821722,NONE,999.9,0,0
35.416,11.7413,6.5174,0.0143302,4.4,0.186755,0.821722,NONE,999.9,0,0
35.4203,11.7853,6.51793,0.0158116,4.4,0.0962229,0.423381,NONE,999.9,0,0
35.424,11.7853,6.51793,0.0158116,4.4,0.0962229,0.423381,NONE,999.9,0,0
35.429,11.8293,6.51843,0.0163404,4.4,0.029394,0.129334,NONE,999.9,0,0
35.4322,11.8293,6.51843,0.0163404,4.4,0.029394,0.129334,NONE,999.9,0,0
35.4366,11.8293,6.51843,0.0163404,4.4,0.029394,0.129334,NONE,999.9,0,0
35.4403,11.8733,6.51893,0.0164294,4.4,-0.0262524,-0.11551,NONE,999.9,0,0
35.4444,11.8733,6.51893,0.0164294,4.4,-0.0262524,-0.11551,NONE,999.9,0,0
35.4491,11.9173,6.5194,0.0158767,4.4,-0.0655364,-0.28836,NONE,999.9,0,0
35.452,11.9173,6.5194,0.0158767,4.4,-0.0655364,-0.28836,NONE,999.9,0,0
35.456,11.9173,6.5194,0.0158767,4.4,-0.0655364,-0.28836,NONE,999.9,0,0
35.4602,11.9613,6.51987,0.0151293,4.4,-0.0994861,-0.437739,NONE,999.9,0,0
35.4643,11.9613,6.51987,0.0151293,4.4,-0.0994861,-0.437739,NONE,999.9,0,0
35.4692,12.0053,6.52031,0.0139329,4.4,-0.121725,-0.535591,NONE,999.9,0,0
35.4727,12.0053,6.52031,0.0139329,4.4,-0.121725,-0.535591,NONE,999.9,0,0
35.4778,12.0053,6.52031,0.0139329,4.4,-0.121725,-0.535591,NONE,999.9,0,0
35.4812,12.0493,6.52075,0.0126931,4.4,-0.142324,-0.626226,NONE,999.9,0,0
35.4842,12.0493,6.52075,0.0126931,4.4,-0.142324,-0.626226,NONE,999.9,0,0
35.4894,12.0933,6.52114,0.0111226,4.4,-0.15414,-0.678217,NONE,999.9,0,0
35.4922,12.0933,6.52114,0.0111226,4.4,-0.15414,-0.678217,NONE,999.9,0,0
35.4961,12.0933,6.52114,0.0111226,4.4,-0.15414,-0.678217,NONE,999.9,0,0
35.5006,12.1373,6.52152,0.00960097,4.4,-0.166632,-0.733181,NONE,999.9,0,0
35.5041,12.1373,6.52152,0.00960097,4.4,-0.166632,-0.733181,NONE,999.9,0,0
35.511,12.1813,6.52185,0.00782016,4.4,-0.172169,-0.757545,NONE,999.9,0,0
35.5129,12.1813,6.52185,0.00782016,4.4,-0.172169,-0.757545,NONE,999.9,0,0
35.5159,12.1813,6.52185,0.00782016,4.4,-0.172169,-0.757545,NONE,999.9,0,0
35.52,12.2253,6.52215,0.00614346,4.4,-0.179821,-0.791214,NONE,999.9,0,0
35.524,12.2253,6.52215,0.00614346,4.4,-0.179821,-0.791214,NONE,999.9,0,0
35.5293,12.2693,6.5224,0.00425014,4.4,-0.181649,-0.799256,NONE,999.9,0,0
35.5323,12.2693,6.5224,0.00425014,4.4,-0.181649,-0.799256,NONE,999.9,0,0
35.5364,12.2693,6.5224,0.00425014,4.4,-0.181649,-0.799256,NONE,999.9,0,0
35.5401,12.3133,6.52261,0.00249342,4.4,-0.186476,-0.820497,NONE,999.9,0,0
35.5444,12.3133,6.52261,0.00249342,4.4,-0.186476,-0.820497,NONE,999.9,0,0
35.5493,12.3573,6.52275,0.000544733,4.4,-0.18617,-0.819146,NONE,999.9,0,0
35.552,12.3573,6.52275,0.000544733,4.4,-0.18617,-0.819146,NONE,999.9,0,0
35.5562,12.3573,6.52275,0.000544733,4.4,-0.18617,-0.819146,NONE,999.9,0,0
35.5601,12.4013,6.52289,-0.000931085,4.4,-0.0956965,-0.421065,NONE,999.9,0,0
35.5645,12.4013,6.52289,-0.000931085,4.4,-0.0956965,-0.421065,NONE,999.9,0,0
35.5694,12.4453,6.52305,-0.00145491,4.4,-0.0289235,-0.127263,NONE,999.9,0,0
35.572,12.4453,6.52305,-0.00145491,4.4,-0.0289235,-0.127263,NONE,999.9,0,0
35.5763,12.4453,6.52305,-0.00145491,4.4,-0.0289235,-0.127263,NONE,999.9,0,0
35.5803,12.4893,6.52321,-0.00153953,4.4,0.0266708,0.117351,NONE,999.9,0,0
35.5841,12.4893,6.52321,-0.00153953,4.4,0.0266708,0.117351,NONE,999.9,0,0
35.5898,12.5333,6.5234,-0.000982843,4.4,0.0659067,0.289989,NONE,999.9,0,0
35.5923,12.5333,6.5234,-0.000982843,4.4,0.0659067,0.289989,NONE,999.9,0,0
35.5966,12.5333,6.5234,-0.000982843,4.4,0.0659067,0.289989,NONE,999.9,0,0
35.6003,12.5773,6.52359,-0.000231968,4.4,0.0998125,0.439175,NONE,999.9,0,0
35.6041,12.5773,6.52359,-0.000231968,4.4,0.0998125,0.439175,NONE,999.9,0,0
35.6095,12.6213,6.5238,0.000967487,4.4,0.122012,0.536852,NONE,999.9,0,0
35.6126,12.6213,6.5238,0.000967487,4.4,0.122012,0.536852,NONE,999.9,0,0
35.616,12.6213,6.5238,0.000967487,4.4,0.122012,0.536852,NONE,999.9,0,0
35.6201,12.6653,6.52403,0.00220995,4.4,0.142575,0.62733,NONE,999.9,0,0
35.6248,12.6653,6.52403,0.00220995,4.4,0.142575,0.62733,NONE,999.9,0,0
35.6302,12.7093,6.52429,0.00378278,4.4,0.154359,0.679181,NONE,999.9,0,0
35.6327,12.7093,6.52429,0.00378278,4.4,0.154359,0.679181,NONE,999.9,0,0
35.636,12.7093,6.52429,0.00378278,4.4,0.154359,0.679181,NONE,999.9,0,0
35.6402,12.7533,6.52457,0.0053065,4.4,0.166823,0.73402,NONE,999.9,0,0
35.6443,12.7533,6.52457,0.0053065,4.4,0.166823,0.73402,NONE,999.9,0,0
35.6488,12.7973,6.5249,0.00708909,4.4,0.172335,0.758274,NONE,999.9,0,0
35.6521,12.7973,6.5249,0.00708909,4.4,0.172335,0.758274,NONE,999.9,0,0
35.6564,12.7973,6.5249,0.00708909,4.4,0.172335,0.758274,NONE,999.9,0,0
35.6602,12.8413,6.52526,0.00876733,4.4,0.179965,0.791846,NONE,999.9,0,0
35.6641,12.8413,6.52526,0.00876733,4.4,0.179965,0.791846,NONE,999.9,0,0
35.6692,12.8853,6.52567,0.010662,4.4,0.181773,0.799803,NONE,999.9,0,0
35.6719,12.8853,6.52567,0.010662,4.4,0.181773,0.799803,NONE,999.9,0,0
35.6761,12.8853,6.52567,0.010662,4.4,0.181773,0.799803,NONE,999.9,0,0
35.68,12.9293,6.52611,0.0124199,4.4,0.186584,0.820969,NONE,999.9,0,0
35.6842,12.9293,6.52611,0.0124199,4.4,0.186584,0.820969,NONE,999.9,0,0
35.6892,12.9732,6.52662,0.0143695,4.4,0.186262,0.819554,NONE,999.9,0,0
35.6924,12.9732,6.52662,0.0143695,4.4,0.186262,0.819554,NONE,999.9,0,0
35.6961,12.9732,6.52662,0.0143695,4.4,0.186262,0.819554,NONE,999.9,0,0
35.7004,13.0172,6.52715,0.0158462,4.4,0.0957762,0.421415,NONE,999.9,0,0
35.704,13.0172,6.52715,0.0158462,4.4,0.0957762,0.421415,NONE,999.9,0,0
35.7091,13.0612,6.52764,0.0163708,4.4,0.028992,0.127565,NONE,999.9,0,0
35.7122,13.0612,6.52764,0.0163708,4.4,0.028992,0.127565,NONE,999.9,0,0
35.7159,13.0612,6.52764,0.0163708,4.4,0.028992,0.127565,NONE,999.9,0,0
35.7206,13.1052,6.52814,0.016456,4.4,-0.026612,-0.117093,NONE,999.9,0,0
35.7247,13.1052,6.52814,0.016456,4.4,-0.026612,-0.117093,NONE,999.9,0,0
35.7286,13.1492,6.52861,0.0158999,4.4,-0.0658562,-0.289767,NONE,999.9,0,0
35.7319,13.1492,6.52861,0.0158999,4.4,-0.0658562,-0.289767,NONE,999.9,0,0
35.736,13.1492,6.52861,0.0158999,4.4,-0.0658562,-0.289767,NONE,999.9,0,0
35.7402,13.1932,6.52908,0.0151495,4.4,-0.0997693,-0.438985,NONE,999.9,0,0
35.7445,13.1932,6.52908,0.0151495,4.4,-0.0997693,-0.438985,NONE,999.9,0,0
35.7488,13.2372,6.52952,0.0139504,4.4,-0.121975,-0.53669,NONE,999.9,0,0
35.7521,13.2372,6.52952,0.0139504,4.4,-0.121975,-0.53669,NONE,999.9,0,0
35.7565,13.2372,6.52952,0.0139504,4.4,-0.121975,-0.53669,NONE,999.9,0,0
35.7601,13.2812,6.52995,0.0127083,4.4,-0.142543,-0.627191,NONE,999.9,0,0
35.7642,13.2812,6.52995,0.0127083,4.4,-0.142543,-0.627191,NONE,999.9,0,0
35.769,13.3252,6.53034,0.0111358,4.4,-0.154332,-0.679062,NONE,999.9,0,0
35.7721,13.3252,6.53034,0.0111358,4.4,-0.154332,-0.679062,NONE,999.9,0,0
35.7763,13.3252,6.53034,0.0111358,4.4,-0.154332,-0.679062,NONE,999.9,0,0
35.7804,13.3692,6.53072,0.00961231,4.4,-0.1668,-0.733919,NONE,999.9,0,0
35.7841,13.3692,6.53072,0.00961231,4.4,-0.1668,-0.733919,NONE,999.9,0,0
35.7894,13.4132,6.53104,0.00782994,4.4,-0.172315,-0.758187,NONE,999.9,0,0
35.7921,13.4132,6.53104,0.00782994,4.4,-0.172315,-0.758187,NONE,999.9,0,0
35.797,13.4132,6.53104,0.00782994,4.4,-0.172315,-0.758187,NONE,999.9,0,0
35.8008,13.4572,6.53137,0.0064696,4.4,-0.0862458,-0.379482,NONE,999.9,0,0
35.8039,13.4572,6.53137,0.0064696,4.4,-0.0862458,-0.379482,NONE,999.9,0,0
35.8096,13.5012,6.53175,0.00602297,4.4,-0.0227731,-0.100201,NONE,999.9,0,0
35.812,13.5012,6.53175,0.00602297,4.4,-0.0227731,-0.100201,NONE,999.9,0,0
35.8162,13.5012,6.53175,0.00602297,4.4,-0.0227731,-0.100201,NONE,999.9,0,0
35.8204,13.5452,6.53211,0.00566927,4.4,-0.0633274,-0.278641,NONE,999.9,0,0
35.8241,13.5452,6.53211,0.00566927,4.4,-0.0633274,-0.278641,NONE,999.9,0,0
35.8292,13.5892,6.5324,0.00480571,4.4,-0.0911628,-0.401116,NONE,999.9,0,0
35.8323,13.5892,6.5324,0.00480571,4.4,-0.0911628,-0.401116,NONE,999.9,0,0
35.8362,13.5892,6.5324,0.00480571,4.4,-0.0911628,-0.401116,NONE,999.9,0,0
35.8403,13.6332,6.53266,0.00384719,4.4,-0.116501,-0.512605,NONE,999.9,0,0
35.8443,13.6332,6.53266,0.00384719,4.4,-0.116501,-0.512605,NONE,999.9,0,0
35.8495,13.6772,6.53286,0.00251432,4.4,-0.13233,-0.58225,NONE,999.9,0,0
35.8521,13.6772,6.53286,0.00251432,4.4,-0.13233,-0.58225,NONE,999.9,0,0
35.8559,13.6772,6.53286,0.00251432,4.4,-0.13233,-0.58225,NONE,999.9,0,0
35.8604,13.7212,6.53303,0.00135217,4.4,-0.101365,-0.446007,NONE,999.9,0,0
35.8642,13.7212,6.53303,0.00135217,4.4,-0.101365,-0.446007,NONE,999.9,0,0
35.869,13.7652,6.53321,0.000623549,4.4,-0.0302811,-0.133237,NONE,999.9,0,0
35.8719,13.7652,6.53321,0.000623549,4.4,-0.0302811,-0.133237,NONE,999.9,0,0
35.8763,13.7652,6.53321,0.000623549,4.4,-0.0302811,-0.133237,NONE,999.9,0,0
35.8806,13.8092,6.53341,0.000674628,4.4,0.0212609,0.0935479,NONE,999.9,0,0
35.8846,13.8092,6.53341,0.000674628,4.4,0.0212609,0.0935479,NONE,999.9,0,0
35.8893,13.8532,6.53363,0.00102974,4.4,0.0649257,0.285673,NONE,999.9,0,0
35.892,13.8532,6.53363,0.00102974,4.4,0.0649257,0.285673,NONE,999.9,0,0
35.8962,13.8532,6.53363,0.00102974,4.4,0.0649257,0.285673,NONE,999.9,0,0
35.8999,13.8972,6.53387,0.00192047,4.4,0.094849,0.417336,NONE,999.9,0,0
35.9044,13.8972,6.53387,0.00192047,4.4,0.094849,0.417336,NONE,999.9,0,0
35.9091,13.9412,6.53413,0.00292302,4.4,0.121512,0.534653,NONE,999.9,0,0
35.9126,13.9412,6.53413,0.00292302,4.4,0.121512,0.534653,NONE,999.9,0,0
35.9167,13.9412,6.53413,0.00292302,4.4,0.121512,0.534653,NONE,999.9,0,0
35.9209,13.9852,6.53442,0.00431021,4.4,0.138102,0.60765,NONE,999.9,0,0
35.9244,13.9852,6.53442,0.00431021,4.4,0.138102,0.60765,NONE,999.9,0,0
35.9291,14.0292,6.53473,0.00569101,4.4,0.154343,0.679107,NONE,999.9,0,0
35.9319,14.0292,6.53473,0.00569101,4.4,0.154343,0.679107,NONE,999.9,0,0
35.9362,14.0292,6.53473,0.00569101,4.4,0.154343,0.679107,NONE,999.9,0,0
35.94,14.0732,6.53508,0.0073642,4.4,0.162814,0.716381,NONE,999.9,0,0
35.9447,14.0732,6.53508,0.0073642,4.4,0.162814,0.716381,NONE,999.9,0,0
35.949,14.1172,6.53546,0.00895927,4.4,0.172755,0.760121,NONE,999.9,0,0
35.9522,14.1172,6.53546,0.00895927,4.4,0.172755,0.760121,NONE,999.9,0,0
35.9562,14.1172,6.53546,0.00895927,4.4,0.172755,0.760121,NONE,999.9,0,0
35.9602,14.1612,6.5359,0.0107912,4.4,0.176361,0.775989,NONE,999.9,0,0
35.9641,14.1612,6.5359,0.0107912,4.4,0.176361,0.775989,NONE,999.9,0,0
35.9689,14.2052,6.53636,0.0125022,4.4,0.182565,0.803285,NONE,999.9,0,0
35.972,14.2052,6.53636,0.0125022,4.4,0.182565,0.803285,NONE,999.9,0,0
35.9772,14.2052,6.53636,0.0125022,4.4,0.182565,0.803285,NONE,999.9,0,0
35.9815,14.2492,6.53689,0.0144173,4.4,0.183318,0.806598,NONE,999.9,0,0
35.9842,14.2492,6.53689,0.0144173,4.4,0.183318,0.806598,NONE,999.9,0,0
35.9898,14.2932,6.53744,0.0158689,4.4,0.0936557,0.412085,NONE,999.9,0,0
35.9923,14.2932,6.53744,0.0158689,4.4,0.0936557,0.412085,NONE,999.9,0,0
35.9963,14.2932,6.53744,0.0158689,4.4,0.0936557,0.412085,NONE,999.9,0,0
36.0003,14.3372,6.53795,0.0163755,4.4,0.0274994,0.120997,NONE,999.9,0,0
36.0041,14.3372,6.53795,0.0163755,4.4,0.0274994,0.120997,NONE,999.9,0,0
36.0101,14.3812,6.53845,0.0164483,4.4,-0.0276296,-0.12157,NONE,999.9,0,0
36.0122,14.3812,6.53845,0.0164483,4.4,-0.0276296,-0.12157,NONE,999.9,0,0
36.0162,14.3812,6.53845,0.0164483,4.4,-0.0276296,-0.12157,NONE,999.9,0,0
36.0204,14.4252,6.53894,0.0158839,4.4,-0.0665181,-0.29268,NONE,999.9,0,0
36.0242,14.4252,6.53894,0.0158839,4.4,-0.0665181,-0.29268,NONE,999.9,0,0
36.0288,14.4692,6.53941,0.0151282,4.4,-0.100167,-0.440737,NONE,999.9,0,0
36.0319,14.4692,6.53941,0.0151282,4.4,-0.100167,-0.440737,NONE,999.9,0,0
36.0364,14.4692,6.53941,0.0151282,4.4,-0.100167,-0.440737,NONE,999.9,0,0
36.0404,14.5132,6.53986,0.0139262,4.4,-0.12218,-0.537594,NONE,999.9,0,0
36.0447,14.5132,6.53986,0.0139262,4.4,-0.12218,-0.537594,NONE,999.9,0,0
36.0494,14.5572,6.5403,0.0126828,4.4,-0.142611,-0.627486,NONE,999.9,0,0
36.0521,14.5572,6.5403,0.0126828,4.4,-0.142611,-0.627486,NONE,999.9,0,0
36.0565,14.5572,6.5403,0.0126828,4.4,-0.142611,-0.627486,NONE,999.9,0,0
36.0601,14.6012,6.5407,0.0111101,4.4,-0.154303,-0.678931,NONE,999.9,0,0
36.064,14.6012,6.5407,0.0111101,4.4,-0.154303,-0.678931,NONE,999.9,0,0
36.0696,14.6452,6.54108,0.00958725,4.4,-0.166704,-0.733499,NONE,999.9,0,0
36.0728,14.6452,6.54108,0.00958725,4.4,-0.166704,-0.733499,NONE,999.9,0,0
36.0768,14.6452,6.54108,0.00958725,4.4,-0.166704,-0.733499,NONE,999.9,0,0
36.0807,14.6892,6.54142,0.00780605,4.4,-0.172178,-0.757582,NONE,999.9,0,0
36.084,14.6892,6.54142,0.00780605,4.4,-0.172178,-0.757582,NONE,999.9,0,0
36.09,14.7332,6.54172,0.0061295,4.4,-0.179786,-0.791057,NONE,999.9,0,0
36.0919,14.7332,6.54172,0.0061295,4.4,-0.179786,-0.791057,NONE,999.9,0,0
36.0959,14.7332,6.54172,0.0061295,4.4,-0.179786,-0.791057,NONE,999.9,0,0
36.1003,14.7772,6.54197,0.0042367,4.4,-0.181584,-0.798971,NONE,999.9,0,0
36.1043,14.7772,6.54197,0.0042367,4.4,-0.181584,-0.798971,NONE,999.9,0,0
36.1099,14.8212,6.5422,0.00263959,4.4,-0.139542,-0.613985,NONE,999.9,0,0
36.112,14.8212,6.5422,0.00263959,4.4,-0.139542,-0.613985,NONE,999.9,0,0
36.1169,14.8212,6.5422,0.00263959,4.4,-0.139542,-0.613985,NONE,999.9,0,0
36.1205,14.8652,6.54243,0.00157458,4.4,-0.0597323,-0.262822,NONE,999.9,0,0
36.1239,14.8652,6.54243,0.00157458,4.4,-0.0597323,-0.262822,NONE,999.9,0,0
36.1288,14.9092,6.54269,0.00136682,4.4,-0.00133542,-0.00587585,NONE,999.9,0,0
36.1319,14.9092,6.54269,0.00136682,4.4,-0.00133542,-0.00587585,NONE,999.9,0,0
36.1367,14.9092,6.54269,0.00136682,4.4,-0.00133542,-0.00587585,NONE,999.9,0,0
36.1403,14.9532,6.54295,0.00152392,4.4,0.0476986,0.209874,NONE,999.9,0,0
36.1447,14.9532,6.54295,0.00152392,4.4,0.0476986,0.209874,NONE,999.9,0,0
36.149,14.9972,6.54324,0.00226422,4.4,0.0818137,0.35998,NONE,999.9,0,0
36.1524,14.9972,6.54324,0.00226422,4.4,0.0818137,0.35998,NONE,999.9,0,0
36.1566,14.9972,6.54324,0.00226422,4.4,0.0818137,0.35998,NONE,999.9,0,0
36.16,15.0412,6.54354,0.0031534,4.4,0.111737,0.491643,NONE,999.9,0,0
36.164,15.0412,6.54354,0.0031534,4.4,0.111737,0.491643,NONE,999.9,0,0
36.1691,15.0852,6.54387,0.00445602,4.4,0.130852,0.575751,NONE,999.9,0,0
36.1722,15.0852,6.54387,0.00445602,4.4,0.130852,0.575751,NONE,999.9,0,0
36.1765,15.0852,6.54387,0.00445602,4.4,0.130852,0.575751,NONE,999.9,0,0
36.1803,15.1292,6.54421,0.00577448,4.4,0.149039,0.655771,NONE,999.9,0,0
36.1839,15.1292,6.54421,0.00577448,4.4,0.149039,0.655771,NONE,999.9,0,0
36.1892,15.1732,6.5446,0.00740243,4.4,0.159002,0.699608,NONE,999.9,0,0
36.1924,15.1732,6.5446,0.00740243,4.4,0.159002,0.699608,NONE,999.9,0,0
36.1959,15.1732,6.5446,0.00740243,4.4,0.159002,0.699608,NONE,999.9,0,0
36.2004,15.2172,6.545,0.00880646,4.4,0.123228,0.542202,NONE,999.9,0,0
36.2045,15.2172,6.545,0.00880646,4.4,0.123228,0.542202,NONE,999.9,0,0
36.2094,15.2612,6.54538,0.00973333,4.4,0.0481994,0.212077,NONE,999.9,0,0
36.2122,15.2612,6.54538,0.00973333,4.4,0.0481994,0.212077,NONE,999.9,0,0
36.216,15.2612,6.54538,0.00973333,4.4,0.0481994,0.212077,NONE,999.9,0,0
36.2203,15.3052,6.54571,0.00984472,4.4,-0.00657651,-0.0289366,NONE,999.9,0,0
36.2245,15.3052,6.54571,0.00984472,4.4,-0.00657651,-0.0289366,NONE,999.9,0,0
36.2292,15.3492,6.54604,0.00962275,4.4,-0.0528926,-0.232728,NONE,999.9,0,0
36.2323,15.3492,6.54604,0.00962275,4.4,-0.0528926,-0.232728,NONE,999.9,0,0
36.2366,15.3492,6.54604,0.00962275,4.4,-0.0528926,-0.232728,NONE,999.9,0,0
36.2404,15.3932,6.54632,0.00884113,4.4,-0.0849895,-0.373954,NONE,999.9,0,0
36.2443,15.3932,6.54632,0.00884113,4.4,-0.0849895,-0.373954,NONE,999.9,0,0
36.2487,15.4372,6.54658,0.00792797,4.4,-0.113434,-0.499111,NONE,999.9,0,0
36.2522,15.4372,6.54658,0.00792797,4.4,-0.113434,-0.499111,NONE,999.9,0,0
36.2565,15.4372,6.54658,0.00792797,4.4,-0.113434,-0.499111,NONE,999.9,0,0
36.26,15.4812,6.54681,0.00661401,4.4,-0.131485,-0.578534,NONE,999.9,0,0
36.2642,15.4812,6.54681,0.00661401,4.4,-0.131485,-0.578534,NONE,999.9,0,0
36.269,15.5252,6.54701,0.0052932,4.4,-0.148922,-0.655257,NONE,999.9,0,0
36.2722,15.5252,6.54701,0.0052932,4.4,-0.148922,-0.655257,NONE,999.9,0,0
36.2763,15.5252,6.54701,0.0052932,4.4,-0.148922,-0.655257,NONE,999.9,0,0
36.2804,15.5692,6.54717,0.00366915,4.4,-0.158374,-0.696846,NONE,999.9,0,0
36.2845,15.5692,6.54717,0.00366915,4.4,-0.158374,-0.696846,NONE,999.9,0,0
36.2897,15.6132,6.54731,0.00227318,4.4,-0.122268,-0.537978,NONE,999.9,0,0
36.2994,15.6132,6.54731,0.00227318,4.4,-0.122268,-0.537978,NONE,999.9,0,0
36.3029,15.6572,6.54746,0.00135701,4.4,-0.0470396,-0.206974,NONE,999.9,0,0
36.3054,15.6572,6.54746,0.00135701,4.4,-0.0470396,-0.206974,NONE,999.9,0,0
36.3151,15.7012,6.54764,0.0012578,4.4,0.00783934,0.0344931,NONE,999.9,0,0
36.3173,15.7012,6.54764,0.0012578,4.4,0.00783934,0.0344931,NONE,999.9,0,0
36.3211,15.7452,6.54784,0.00149261,4.4,0.0541891,0.238432,NONE,999.9,0,0
36.3242,15.7452,6.54784,0.00149261,4.4,0.0541891,0.238432,NONE,999.9,0,0
36.3293,15.7892,6.54808,0.00228716,4.4,0.0862709,0.379592,NONE,999.9,0,0
36.3327,15.7892,6.54808,0.00228716,4.4,0.0862709,0.379592,NONE,999.9,0,0
36.3367,15.7892,6.54808,0.00228716,4.4,0.0862709,0.379592,NONE,999.9,0,0
36.3406,15.8332,6.54833,0.00321291,4.4,0.114668,0.504538,NONE,999.9,0,0
36.3442,15.8332,6.54833,0.00321291,4.4,0.114668,0.504538,NONE,999.9,0,0
36.3493,15.8772,6.54861,0.00453887,4.4,0.132649,0.583656,NONE,999.9,0,0
36.3523,15.8772,6.54861,0.00453887,4.4,0.132649,0.583656,NONE,999.9,0,0
36.3563,15.8772,6.54861,0.00453887,4.4,0.132649,0.583656,NONE,999.9,0,0
36.3606,15.9212,6.54892,0.00587092,4.4,0.150004,0.66002,NONE,999.9,0,0
36.3647,15.9212,6.54892,0.00587092,4.4,0.150004,0.66002,NONE,999.9,0,0
36.3696,15.9652,6.54927,0.00750537,4.4,0.159369,0.701222,NONE,999.9,0,0
36.3722,15.9652,6.54927,0.00750537,4.4,0.159369,0.701222,NONE,999.9,0,0
36.3771,15.9652,6.54927,0.00750537,4.4,0.159369,0.701222,NONE,999.9,0,0
36.382,16.0092,6.54965,0.00906969,4.4,0.170024,0.748105,NONE,999.9,0,0
36.3844,16.0092,6.54965,0.00906969,4.4,0.170024,0.748105,NONE,999.9,0,0
36.3895,16.0532,6.55008,0.0108773,4.4,0.174201,0.766483,NONE,999.9,0,0
36.3922,16.0532,6.55008,0.0108773,4.4,0.174201,0.766483,NONE,999.9,0,0
36.3965,16.0532,6.55008,0.0108773,4.4,0.174201,0.766483,NONE,999.9,0,0
36.4012,16.0971,6.55052,0.0122513,4.4,0.0871569,0.38349,NONE,999.9,0,0
36.4044,16.0971,6.55052,0.0122513,4.4,0.0871569,0.38349,NONE,999.9,0,0
36.4094,16.1411,6.55093,0.0127034,4.4,0.0229887,0.10115,NONE,999.9,0,0
36.4121,16.1411,6.55093,0.0127034,4.4,0.0229887,0.10115,NONE,999.9,0,0
36.4161,16.1411,6.55093,0.0127034,4.4,0.0229887,0.10115,NONE,999.9,0,0
36.4203,16.1851,6.55132,0.0127389,4.4,-0.0306432,-0.13483,NONE,999.9,0,0
36.4246,16.1851,6.55132,0.0127389,4.4,-0.0306432,-0.13483,NONE,999.9,0,0
36.4295,16.2291,6.55168,0.0121502,4.4,-0.0684154,-0.301028,NONE,999.9,0,0
36.432,16.2291,6.55168,0.0121502,4.4,-0.0684154,-0.301028,NONE,999.9,0,0
36.4362,16.2291,6.55168,0.0121502,4.4,-0.0684154,-0.301028,NONE,999.9,0,0
36.4405,16.2731,6.55203,0.0113799,4.4,-0.101243,-0.445469,NONE,999.9,0,0
36.4445,16.2731,6.55203,0.0113799,4.4,-0.101243,-0.445469,NONE,999.9,0,0
36.4489,16.3171,6.55235,0.0101703,4.4,-0.12266,-0.539704,NONE,999.9,0,0
36.4522,16.3171,6.55235,0.0101703,4.4,-0.12266,-0.539704,NONE,999.9,0,0
36.4565,16.3171,6.55235,0.0101703,4.4,-0.12266,-0.539704,NONE,999.9,0,0
36.4607,16.3611,6.55266,0.00892429,4.4,-0.142667,-0.627736,NONE,999.9,0,0
36.464,16.3611,6.55266,0.00892429,4.4,-0.142667,-0.627736,NONE,999.9,0,0
36.469,16.4051,6.55292,0.00735259,4.4,-0.154067,-0.677896,NONE,999.9,0,0
36.4719,16.4051,6.55292,0.00735259,4.4,-0.154067,-0.677896,NONE,999.9,0,0
36.4766,16.4051,6.55292,0.00735259,4.4,-0.154067,-0.677896,NONE,999.9,0,0
36.4806,16.4491,6.55319,0.00615088,4.4,-0.0725731,-0.319322,NONE,999.9,0,0
36.4842,16.4491,6.55319,0.00615088,4.4,-0.0725731,-0.319322,NONE,999.9,0,0
36.4897,16.4931,6.55351,0.0058225,4.4,-0.0126427,-0.0556278,NONE,999.9,0,0
36.4924,16.4931,6.55351,0.0058225,4.4,-0.0126427,-0.0556278,NONE,999.9,0,0
36.4965,16.4931,6.55351,0.0058225,4.4,-0.0126427,-0.0556278,NONE,999.9,0,0
36.5007,16.5371,6.55384,0.00587358,4.4,0.0377764,0.166216,NONE,999.9,0,0
36.5041,16.5371,6.55384,0.00587358,4.4,0.0377764,0.166216,NONE,999.9,0,0
36.5091,16.5811,6.55422,0.00652097,4.4,0.0731337,0.321788,NONE,999.9,0,0
36.5124,16.5811,6.55422,0.00652097,4.4,0.0731337,0.321788,NONE,999.9,0,0
36.5162,16.5811,6.55422,0.00652097,4.4,0.0731337,0.321788,NONE,999.9,0,0
36.5204,16.6251,6.55462,0.00732901,4.4,0.104165,0.458326,NONE,999.9,0,0
36.5243,16.6251,6.55462,0.00732901,4.4,0.104165,0.458326,NONE,999.9,0,0
36.5289,16.6691,6.55506,0.00856092,4.4,0.124263,0.546759,NONE,999.9,0,0
36.5321,16.6691,6.55506,0.00856092,4.4,0.124263,0.546759,NONE,999.9,0,0
36.5362,16.6691,6.55506,0.00856092,4.4,0.124263,0.546759,NONE,999.9,0,0
36.5407,16.7131,6.55552,0.00981792,4.4,0.143318,0.630601,NONE,999.9,0,0
36.5443,16.7131,6.55552,0.00981792,4.4,0.143318,0.630601,NONE,999.9,0,0
36.549,16.7571,6.55603,0.0113926,4.4,0.154046,0.6778,NONE,999.9,0,0
36.5525,16.7571,6.55603,0.0113926,4.4,0.154046,0.6778,NONE,999.9,0,0
36.5563,16.7571,6.55603,0.0113926,4.4,0.154046,0.6778,NONE,999.9,0,0
36.5601,16.8011,6.55656,0.0129093,4.4,0.165793,0.729488,NONE,999.9,0,0
36.5639,16.8011,6.55656,0.0129093,4.4,0.165793,0.729488,NONE,999.9,0,0
36.5689,16.8451,6.55716,0.0146791,4.4,0.170844,0.751712,NONE,999.9,0,0
36.572,16.8451,6.55716,0.0146791,4.4,0.170844,0.751712,NONE,999.9,0,0
36.5761,16.8451,6.55716,0.0146791,4.4,0.170844,0.751712,NONE,999.9,0,0
36.5805,16.8891,6.55778,0.016341,4.4,0.178201,0.784084,NONE,999.9,0,0
36.5845,16.8891,6.55778,0.016341,4.4,0.178201,0.784084,NONE,999.9,0,0
36.5895,16.9331,6.55847,0.0182172,4.4,0.179874,0.791445,NONE,999.9,0,0
36.5923,16.9331,6.55847,0.0182172,4.4,0.179874,0.791445,NONE,999.9,0,0
36.5964,16.9331,6.55847,0.0182172,4.4,0.179874,0.791445,NONE,999.9,0,0
36.6003,16.9771,6.55918,0.0196381,4.4,0.0909446,0.400156,NONE,999.9,0,0
36.6043,16.9771,6.55918,0.0196381,4.4,0.0909446,0.400156,NONE,999.9,0,0
36.6091,17.0211,6.55985,0.0201207,4.4,0.025371,0.111632,NONE,999.9,0,0
36.6122,17.0211,6.55985,0.0201207,4.4,0.025371,0.111632,NONE,999.9,0,0
36.6164,17.0211,6.55985,0.0201207,4.4,0.025371,0.111632,NONE,999.9,0,0
36.6204,17.0651,6.56052,0.0201746,4.4,-0.0292956,-0.128901,NONE,999.9,0,0
36.6241,17.0651,6.56052,0.0201746,4.4,-0.0292956,-0.128901,NONE,999.9,0,0
36.6286,17.1091,6.56116,0.0195954,4.4,-0.0678176,-0.298398,NONE,999.9,0,0
36.632,17.1091,6.56116,0.0195954,4.4,-0.0678176,-0.298398,NONE,999.9,0,0
36.6363,17.1091,6.56116,0.0195954,4.4,-0.0678176,-0.298398,NONE,999.9,0,0
36.6405,17.1531,6.5618,0.0188283,4.4,-0.101177,-0.44518,NONE,999.9,0,0
36.6443,17.1531,6.5618,0.0188283,4.4,-0.101177,-0.44518,NONE,999.9,0,0
36.6492,17.1971,6.56241,0.0176173,4.4,-0.122962,-0.541031,NONE,999.9,0,0
36.6523,17.1971,6.56241,0.0176173,4.4,-0.122962,-0.541031,NONE,999.9,0,0
36.656,17.1971,6.56241,0.0176173,4.4,-0.122962,-0.541031,NONE,999.9,0,0
36.6602,17.2411,6.56302,0.016367,4.4,-0.143212,-0.630133,NONE,999.9,0,0
36.6639,17.2411,6.56302,0.016367,4.4,-0.143212,-0.630133,NONE,999.9,0,0
36.6687,17.2851,6.56358,0.014789,4.4,-0.154763,-0.680957,NONE,999.9,0,0
36.6722,17.2851,6.56358,0.014789,4.4,-0.154763,-0.680957,NONE,999.9,0,0
36.6763,17.2851,6.56358,0.014789,4.4,-0.154763,-0.680957,NONE,999.9,0,0
36.6802,17.3291,6.56412,0.0132622,4.4,-0.167054,-0.735039,NONE,999.9,0,0
36.6847,17.3291,6.56412,0.0132622,4.4,-0.167054,-0.735039,NONE,999.9,0,0
36.6888,17.3731,6.56462,0.0114779,4.4,-0.172442,-0.758743,NONE,999.9,0,0
36.692,17.3731,6.56462,0.0114779,4.4,-0.172442,-0.758743,NONE,999.9,0,0
36.6961,17.3731,6.56462,0.0114779,4.4,-0.172442,-0.758743,NONE,999.9,0,0
36.7001,17.4171,6.56509,0.00979909,4.4,-0.179983,-0.791925,NONE,999.9,0,0
36.7042,17.4171,6.56509,0.00979909,4.4,-0.179983,-0.791925,NONE,999.9,0,0
36.7088,17.4611,6.5655,0.00790458,4.4,-0.18173,-0.799611,NONE,999.9,0,0
36.7124,17.4611,6.5655,0.00790458,4.4,-0.18173,-0.799611,NONE,999.9,0,0
36.7164,17.4611,6.5655,0.00790458,4.4,-0.18173,-0.799611,NONE,999.9,0,0
36.7206,17.5051,6.56588,0.00614736,4.4,-0.186499,-0.820596,NONE,999.9,0,0
36.7239,17.5051,6.56588,0.00614736,4.4,-0.186499,-0.820596,NONE,999.9,0,0
36.7292,17.5491,6.56619,0.00419866,4.4,-0.186152,-0.819068,NONE,999.9,0,0
36.7323,17.5491,6.56619,0.00419866,4.4,-0.186152,-0.819068,NONE,999.9,0,0
36.7363,17.5491,6.56619,0.00419866,4.4,-0.186152,-0.819068,NONE,999.9,0,0
36.7406,17.5931,6.56646,0.00240545,4.4,-0.189354,-0.833158,NONE,999.9,0,0
36.7452,17.5931,6.56646,0.00240545,4.4,-0.189354,-0.833158,NONE,999.9,0,0
36.7491,17.6371,6.56665,0.000434295,4.4,-0.187847,-0.826528,NONE,999.9,0,0
36.7523,17.6371,6.56665,0.000434295,4.4,-0.187847,-0.826528,NONE,999.9,0,0
36.756,17.6371,6.56665,0.000434295,4.4,-0.187847,-0.826528,NONE,999.9,0,0
36.7601,17.6811,6.56683,-0.0010537,4.4,-0.0965012,-0.424605,NONE,999.9,0,0
36.7639,17.6811,6.56683,-0.0010537,4.4,-0.0965012,-0.424605,NONE,999.9,0,0
36.7691,17.7251,6.56703,-0.00158227,4.4,-0.0291053,-0.128063,NONE,999.9,0,0
36.7719,17.7251,6.56703,-0.00158227,4.4,-0.0291053,-0.128063,NONE,999.9,0,0
36.7767,17.7251,6.56703,-0.00158227,4.4,-0.0291053,-0.128063,NONE,999.9,0,0
36.7807,17.7691,6.56723,-0.00166641,4.4,0.0269218,0.118456,NONE,999.9,0,0
36.7842,17.7691,6.56723,-0.00166641,4.4,0.0269218,0.118456,NONE,999.9,0,0
36.7887,17.8131,6.56744,-0.00110566,4.4,0.0664474,0.292369,NONE,999.9,0,0
36.7922,17.8131,6.56744,-0.00110566,4.4,0.0664474,0.292369,NONE,999.9,0,0
36.7965,17.8131,6.56744,-0.00110566,4.4,0.0664474,0.292369,NONE,999.9,0,0
36.8,17.8571,6.56763,-0.000666103,4.4,0.0068336,0.0300678,NONE,999.9,0,0
36.8038,17.8571,6.56763,-0.000666103,4.4,0.0068336,0.0300678,NONE,999.9,0,0
36.8094,17.9011,6.56774,-0.000906706,4.4,-0.0361462,-0.159043,NONE,999.9,0,0
36.8124,17.9011,6.56774,-0.000906706,4.4,-0.0361462,-0.159043,NONE,999.9,0,0
36.816,17.9011,6.56774,-0.000906706,4.4,-0.0361462,-0.159043,NONE,999.9,0,0
36.8202,17.9451,6.56784,-0.00105973,4.4,0.0202059,0.0889061,NONE,999.9,0,0
36.8243,17.9451,6.56784,-0.00105973,4.4,0.0202059,0.0889061,NONE,999.9,0,0
36.8287,17.9891,6.56797,-0.000564099,4.4,0.0601521,0.264669,NONE,999.9,0,0
36.8319,17.9891,6.56797,-0.000564099,4.4,0.0601521,0.264669,NONE,999.9,0,0
36.8364,17.9891,6.56797,-0.000564099,4.4,0.0601521,0.264669,NONE,999.9,0,0
36.8401,18.0331,6.56811,0.000132559,4.4,0.0947146,0.416744,NONE,999.9,0,0
36.8443,18.0331,6.56811,0.000132559,4.4,0.0947146,0.416744,NONE,999.9,0,0
36.8489,18.0771,6.56829,0.00128409,4.4,0.117515,0.517064,NONE,999.9,0,0
36.8521,18.0771,6.56829,0.00128409,4.4,0.117515,0.517064,NONE,999.9,0,0
36.8562,18.0771,6.56829,0.00128409,4.4,0.117515,0.517064,NONE,999.9,0,0
36.8603,18.1211,6.56848,0.00248434,4.4,0.138622,0.609937,NONE,999.9,0,0
36.8643,18.1211,6.56848,0.00248434,4.4,0.138622,0.609937,NONE,999.9,0,0
36.8692,18.1651,6.56871,0.00402014,4.4,0.150896,0.663944,NONE,999.9,0,0
36.8721,18.1651,6.56871,0.00402014,4.4,0.150896,0.663944,NONE,999.9,0,0
36.8764,18.1651,6.56871,0.00402014,4.4,0.150896,0.663944,NONE,999.9,0,0
36.8801,18.2091,6.56897,0.00551146,4.4,0.163798,0.720711,NONE,999.9,0,0
36.8839,18.2091,6.56897,0.00551146,4.4,0.163798,0.720711,NONE,999.9,0,0
36.8888,18.253,6.56927,0.00726579,4.4,0.1697,0.746678,NONE,999.9,0,0
36.8924,18.253,6.56927,0.00726579,4.4,0.1697,0.746678,NONE,999.9,0,0
36.8962,18.253,6.56927,0.00726579,4.4,0.1697,0.746678,NONE,999.9,0,0
36.9001,18.297,6.56961,0.00891944,4.4,0.177675,0.781768,NONE,999.9,0,0
36.9044,18.297,6.56961,0.00891944,4.4,0.177675,0.781768,NONE,999.9,0,0
36.9113,18.341,6.57,0.0107927,4.4,0.179787,0.791063,NONE,999.9,0,0
36.9134,18.341,6.57,0.0107927,4.4,0.179787,0.791063,NONE,999.9,0,0
36.9161,18.341,6.57,0.0107927,4.4,0.179787,0.791063,NONE,999.9,0,0
36.9202,18.385,6.57044,0.0125321,4.4,0.184865,0.813404,NONE,999.9,0,0
36.924,18.385,6.57044,0.0125321,4.4,0.184865,0.813404,NONE,999.9,0,0
36.9286,18.429,6.57094,0.0144658,4.4,0.184777,0.813018,NONE,999.9,0,0
36.9319,18.429,6.57094,0.0144658,4.4,0.184777,0.813018,NONE,999.9,0,0
36.9363,18.429,6.57094,0.0144658,4.4,0.184777,0.813018,NONE,999.9,0,0
36.9404,18.473,6.57145,0.0159287,4.4,0.094495,0.415778,NONE,999.9,0,0
36.9446,18.473,6.57145,0.0159287,4.4,0.094495,0.415778,NONE,999.9,0,0
36.9488,18.517,6.57194,0.0164413,4.4,0.0278886,0.12271,NONE,999.9,0,0
36.9519,18.517,6.57194,0.0164413,4.4,0.0278886,0.12271,NONE,999.9,0,0
36.9559,18.517,6.57194,0.0164413,4.4,0.0278886,0.12271,NONE,999.9,0,0
36.96,18.561,6.57243,0.0165163,4.4,-0.0275609,-0.121268,NONE,999.9,0,0
36.9642,18.561,6.57243,0.0165163,4.4,-0.0275609,-0.121268,NONE,999.9,0,0
36.9689,18.605,6.57289,0.0159514,4.4,-0.0666712,-0.293353,NONE,999.9,0,0
36.9725,18.605,6.57289,0.0159514,4.4,-0.0666712,-0.293353,NONE,999.9,0,0
36.9767,18.605,6.57289,0.0159514,4.4,-0.0666712,-0.293353,NONE,999.9,0,0
36.9822,18.649,6.57335,0.0151934,4.4,-0.100468,-0.442061,NONE,999.9,0,0
36.9862,18.649,6.57335,0.0151934,4.4,-0.100468,-0.442061,NONE,999.9,0,0
36.9896,18.693,6.57379,0.0139879,4.4,-0.122574,-0.539325,NONE,999.9,0,0
36.9946,18.693,6.57379,0.0139879,4.4,-0.122574,-0.539325,NONE,999.9,0,0
36.9968,18.693,6.57379,0.0139879,4.4,-0.122574,-0.539325,NONE,999.9,0,0
37.0009,18.737,6.57422,0.0127402,4.4,-0.143056,-0.629447,NONE,999.9,0,0
37.005,18.737,6.57422,0.0127402,4.4,-0.143056,-0.629447,NONE,999.9,0,0
37.0095,18.781,6.57461,0.011163,4.4,-0.154771,-0.680991,NONE,999.9,0,0
37.0123,18.781,6.57461,0.011163,4.4,-0.154771,-0.680991,NONE,999.9,0,0
37.0162,18.781,6.57461,0.011163,4.4,-0.154771,-0.680991,NONE,999.9,0,0
37.0217,18.825,6.57498,0.00963543,4.4,-0.167174,-0.735567,NONE,999.9,0,0
37.0249,18.825,6.57498,0.00963543,4.4,-0.167174,-0.735567,NONE,999.9,0,0
37.0294,18.869,6.5753,0.00784959,4.4,-0.172635,-0.759594,NONE,999.9,0,0
37.032,18.869,6.5753,0.00784959,4.4,-0.172635,-0.759594,NONE,999.9,0,0
37.0366,18.869,6.5753,0.00784959,4.4,-0.172635,-0.759594,NONE,999.9,0,0
37.0413,18.913,6.57561,0.00616857,4.4,-0.180221,-0.792972,NONE,999.9,0,0
37.0446,18.913,6.57561,0.00616857,4.4,-0.180221,-0.792972,NONE,999.9,0,0
37.0492,18.957,6.57585,0.00427155,4.4,-0.181991,-0.800762,NONE,999.9,0,0
37.0526,18.957,6.57585,0.00427155,4.4,-0.181991,-0.800762,NONE,999.9,0,0
37.0567,18.957,6.57585,0.00427155,4.4,-0.181991,-0.800762,NONE,999.9,0,0
37.0601,19.001,6.57606,0.00251166,4.4,-0.186769,-0.821786,NONE,999.9,0,0
37.0644,19.001,6.57606,0.00251166,4.4,-0.186769,-0.821786,NONE,999.9,0,0
37.0697,19.045,6.5762,0.000560259,4.4,-0.18642,-0.820249,NONE,999.9,0,0
37.072,19.045,6.5762,0.000560259,4.4,-0.18642,-0.820249,NONE,999.9,0,0
37.0764,19.045,6.5762,0.000560259,4.4,-0.18642,-0.820249,NONE,999.9,0,0
37.0806,19.089,6.57633,-0.000917878,4.4,-0.0959105,-0.422006,NONE,999.9,0,0
37.0839,19.089,6.57633,-0.000917878,4.4,-0.0959105,-0.422006,NONE,999.9,0,0
37.09,19.133,6.5765,-0.00144368,4.4,-0.0291061,-0.128067,NONE,999.9,0,0
37.0918,19.133,6.5765,-0.00144368,4.4,-0.0291061,-0.128067,NONE,999.9,0,0
37.0962,19.133,6.5765,-0.00144368,4.4,-0.0291061,-0.128067,NONE,999.9,0,0
37.1008,19.177,6.57666,-0.00152999,4.4,0.026515,0.116666,NONE,999.9,0,0
37.1041,19.177,6.57666,-0.00152999,4.4,0.026515,0.116666,NONE,999.9,0,0
37.1095,19.221,6.57684,-0.000974743,4.4,0.0657739,0.289405,NONE,999.9,0,0
37.1119,19.221,6.57684,-0.000974743,4.4,0.0657739,0.289405,NONE,999.9,0,0
37.116,19.221,6.57684,-0.000974743,4.4,0.0657739,0.289405,NONE,999.9,0,0
37.1206,19.265,6.57703,-0.000225094,4.4,0.0996994,0.438678,NONE,999.9,0,0
37.1245,19.265,6.57703,-0.000225094,4.4,0.0996994,0.438678,NONE,999.9,0,0
37.1293,19.309,6.57725,0.000973318,4.4,0.121916,0.536429,NONE,999.9,0,0
37.1323,19.309,6.57725,0.000973318,4.4,0.121916,0.536429,NONE,999.9,0,0
37.1364,19.309,6.57725,0.000973318,4.4,0.121916,0.536429,NONE,999.9,0,0
37.1402,19.353,6.57745,0.00189717,4.4,0.0487907,0.214679,NONE,999.9,0,0
37.1444,19.353,6.57745,0.00189717,4.4,0.0487907,0.214679,NONE,999.9,0,0
37.149,19.397,6.57758,0.00202137,4.4,-0.00469629,-0.0206637,NONE,999.9,0,0
37.1525,19.397,6.57758,0.00202137,4.4,-0.00469629,-0.0206637,NONE,999.9,0,0
37.1568,19.397,6.57758,0.00202137,4.4,-0.00469629,-0.0206637,NONE,999.9,0,0
37.1619,19.441,6.57769,0.00182268,4.4,-0.050183,-0.220805,NONE,999.9,0,0
37.1644,19.441,6.57769,0.00182268,4.4,-0.050183,-0.220805,NONE,999.9,0,0
37.1698,19.485,6.57771,0.000753125,4.4,-0.175493,-0.772169,NONE,999.9,0,0
37.1721,19.485,6.57771,0.000753125,4.4,-0.175493,-0.772169,NONE,999.9,0,0
37.1762,19.485,6.57771,0.000753125,4.4,-0.175493,-0.772169,NONE,999.9,0,0
37.1802,19.529,6.57761,-0.00157453,4.4,-0.268979,-1.18351,NONE,999.9,0,0
37.184,19.529,6.57761,-0.00157453,4.4,-0.268979,-1.18351,NONE,999.9,0,0
37.1895,19.573,6.5774,-0.00457539,4.4,-0.344926,-1.51767,NONE,999.9,0,0
37.1924,19.573,6.5774,-0.00457539,4.4,-0.344926,-1.51767,NONE,999.9,0,0
37.1963,19.573,6.5774,-0.00457539,4.4,-0.344926,-1.51767,NONE,999.9,0,0
37.2006,19.617,6.57706,-0.00839523,4.4,-0.39955,-1.75802,NONE,999.9,0,0
37.2043,19.617,6.57706,-0.00839523,4.4,-0.39955,-1.75802,NONE,999.9,0,0
37.2091,19.661,6.57661,-0.012543,4.4,-0.444984,-1.95793,NONE,999.9,0,0
37.212,19.661,6.57661,-0.012543,4.4,-0.444984,-1.95793,NONE,999.9,0,0
37.2159,19.661,6.57661,-0.012543,4.4,-0.444984,-1.95793,NONE,999.9,0,0
37.2203,19.705,6.57602,-0.0172391,4.4,-0.475723,-2.09318,NONE,999.9,0,0
37.2248,19.705,6.57602,-0.0172391,4.4,-0.475723,-2.09318,NONE,999.9,0,0
37.2291,19.749,6.5753,-0.0220515,4.4,-0.502525,-2.21111,NONE,999.9,0,0
37.2322,19.749,6.5753,-0.0220515,4.4,-0.502525,-2.21111,NONE,999.9,0,0
37.2363,19.749,6.5753,-0.0220515,4.4,-0.502525,-2.21111,NONE,999.9,0,0
37.2399,19.793,6.57442,-0.0272475,4.4,-0.518784,-2.28265,NONE,999.9,0,0
37.2443,19.793,6.57442,-0.0272475,4.4,-0.518784,-2.28265,NONE,999.9,0,0
37.2487,19.837,6.5734,-0.0324321,4.4,-0.53438,-2.35127,NONE,999.9,0,0
37.2522,19.837,6.5734,-0.0324321,4.4,-0.53438,-2.35127,NONE,999.9,0,0
37.2567,19.837,6.5734,-0.0324321,4.4,-0.53438,-2.35127,NONE,999.9,0,0
37.2613,19.881,6.57219,-0.0379016,4.4,-0.542012,-2.38485,NONE,999.9,0,0
37.264,19.881,6.57219,-0.0379016,4.4,-0.542012,-2.38485,NONE,999.9,0,0
37.2693,19.9249,6.57083,-0.043284,4.4,-0.551005,-2.42442,NONE,999.9,0,0
37.2719,19.9249,6.57083,-0.043284,4.4,-0.551005,-2.42442,NONE,999.9,0,0
37.2764,19.9249,6.57083,-0.043284,4.4,-0.551005,-2.42442,NONE,999.9,0,0
37.2801,19.9689,6.56927,-0.0488935,4.4,-0.553615,-2.43591,NONE,999.9,0,0
37.2839,19.9689,6.56927,-0.0488935,4.4,-0.553615,-2.43591,NONE,999.9,0,0
37.29,20.0129,6.56753,-0.054372,4.4,-0.558819,-2.4588,NONE,999.9,0,0
37.2922,20.0129,6.56753,-0.054372,4.4,-0.558819,-2.4588,NONE,999.9,0,0
37.2962,20.0129,6.56753,-0.054372,4.4,-0.558819,-2.4588,NONE,999.9,0,0
37.3001,20.0568,6.56559,-0.0600448,4.4,-0.5586,-2.45784,NONE,999.9,0,0
37.3043,20.0568,6.56559,-0.0600448,4.4,-0.5586,-2.45784,NONE,999.9,0,0
37.3096,20.1008,6.56346,-0.0655622,4.4,-0.561716,-2.47155,NONE,999.9,0,0
37.3122,20.1008,6.56346,-0.0655622,4.4,-0.561716,-2.47155,NONE,999.9,0,0
37.316,20.1008,6.56346,-0.0655622,4.4,-0.561716,-2.47155,NONE,999.9,0,0
37.3206,20.1447,6.56111,-0.0712559,4.4,-0.559978,-2.4639,NONE,999.9,0,0
37.3243,20.1447,6.56111,-0.0712559,4.4,-0.559978,-2.4639,NONE,999.9,0,0
37.3289,20.1886,6.55856,-0.0767814,4.4,-0.562011,-2.47285,NONE,999.9,0,0
37.3319,20.1886,6.55856,-0.0767814,4.4,-0.562011,-2.47285,NONE,999.9,0,0
37.3364,20.1886,6.55856,-0.0767814,4.4,-0.562011,-2.47285,NONE,999.9,0,0
37.34,20.2326,6.55579,-0.082474,4.4,-0.559521,-2.46189,NONE,999.9,0,0
37.3445,20.2326,6.55579,-0.082474,4.4,-0.559521,-2.46189,NONE,999.9,0,0
37.3486,20.2765,6.55281,-0.0879922,4.4,-0.561051,-2.46862,NONE,999.9,0,0
37.3524,20.2765,6.55281,-0.0879922,4.4,-0.561051,-2.46862,NONE,999.9,0,0
37.3571,20.2765,6.55281,-0.0879922,4.4,-0.561051,-2.46862,NONE,999.9,0,0
37.361,20.3203,6.5496,-0.0936736,4.4,-0.558244,-2.45627,NONE,999.9,0,0
37.3639,20.3203,6.5496,-0.0936736,4.4,-0.558244,-2.45627,NONE,999.9,0,0
37.3688,20.3642,6.54618,-0.099178,4.4,-0.559594,-2.46222,NONE,999.9,0,0
37.3719,20.3642,6.54618,-0.099178,4.4,-0.559594,-2.46222,NONE,999.9,0,0
37.3764,20.3642,6.54618,-0.099178,4.4,-0.559594,-2.46222,NONE,999.9,0,0
37.3802,20.4081,6.54252,-0.104844,4.4,-0.556707,-2.44951,NONE,999.9,0,0
37.3846,20.4081,6.54252,-0.104844,4.4,-0.556707,-2.44951,NONE,999.9,0,0
37.3893,20.4519,6.53865,-0.110333,4.4,-0.558047,-2.45541,NONE,999.9,0,0
37.392,20.4519,6.53865,-0.110333,4.4,-0.558047,-2.45541,NONE,999.9,0,0
37.396,20.4519,6.53865,-0.110333,4.4,-0.558047,-2.45541,NONE,999.9,0,0
37.4001,20.4957,6.53453,-0.115984,4.4,-0.555198,-2.44287,NONE,999.9,0,0
37.4045,20.4957,6.53453,-0.115984,4.4,-0.555198,-2.44287,NONE,999.9,0,0
37.4095,20.5395,6.5302,-0.121458,4.4,-0.556609,-2.44908,NONE,999.9,0,0
37.4124,20.5395,6.5302,-0.121458,4.4,-0.556609,-2.44908,NONE,999.9,0,0
37.4162,20.5395,6.5302,-0.121458,4.4,-0.556609,-2.44908,NONE,999.9,0,0
37.4206,20.5832,6.52562,-0.127095,4.4,-0.553851,-2.43694,NONE,999.9,0,0
37.4241,20.5832,6.52562,-0.127095,4.4,-0.553851,-2.43694,NONE,999.9,0,0
37.429,20.627,6.52082,-0.132557,4.4,-0.555364,-2.4436,NONE,999.9,0,0
37.4321,20.627,6.52082,-0.132557,4.4,-0.555364,-2.4436,NONE,999.9,0,0
37.4359,20.627,6.52082,-0.132557,4.4,-0.555364,-2.4436,NONE,999.9,0,0
37.4413,20.6707,6.51577,-0.138182,4.4,-0.552713,-2.43194,NONE,999.9,0,0
37.4448,20.6707,6.51577,-0.138182,4.4,-0.552713,-2.43194,NONE,999.9,0,0
37.4491,20.7144,6.5105,-0.143632,4.4,-0.554332,-2.43906,NONE,999.9,0,0
37.4524,20.7144,6.5105,-0.143632,4.4,-0.554332,-2.43906,NONE,999.9,0,0
37.4564,20.7144,6.5105,-0.143632,4.4,-0.554332,-2.43906,NONE,999.9,0,0
37.4601,20.758,6.50496,-0.149565,4.4,-0.645487,-2.84014,NONE,999.9,0,0
37.4641,20.758,6.50496,-0.149565,4.4,-0.645487,-2.84014,NONE,999.9,0,0
37.4691,20.8016,6.49909,-0.156455,4.4,-0.712488,-3.13495,NONE,999.9,0,0
37.472,20.8016,6.49909,-0.156455,4.4,-0.712488,-3.13495,NONE,999.9,0,0
37.4764,20.8016,6.49909,-0.156455,4.4,-0.712488,-3.13495,NONE,999.9,0,0
37.4814,20.8452,6.49292,-0.163784,4.4,-0.767993,-3.37917,NONE,999.9,0,0
37.4842,20.8452,6.49292,-0.163784,4.4,-0.767993,-3.37917,NONE,999.9,0,0
37.4892,20.8887,6.48643,-0.171753,4.4,-0.806924,-3.55046,NONE,999.9,0,0
37.4919,20.8887,6.48643,-0.171753,4.4,-0.806924,-3.55046,NONE,999.9,0,0
37.4959,20.8887,6.48643,-0.171753,4.4,-0.806924,-3.55046,NONE,999.9,0,0
37.5001,20.9322,6.47964,-0.179911,4.4,-0.840386,-3.6977,NONE,999.9,0,0
37.5046,20.9322,6.47964,-0.179911,4.4,-0.840386,-3.6977,NONE,999.9,0,0
37.5088,20.9756,6.47252,-0.188514,4.4,-0.862059,-3.79306,NONE,999.9,0,0
37.5128,20.9756,6.47252,-0.188514,4.4,-0.862059,-3.79306,NONE,999.9,0,0
37.5167,20.9756,6.47252,-0.188514,4.4,-0.862059,-3.79306,NONE,999.9,0,0
37.5201,21.019,6.46508,-0.197154,4.4,-0.882055,-3.88104,NONE,999.9,0,0
37.524,21.019,6.46508,-0.197154,4.4,-0.882055,-3.88104,NONE,999.9,0,0
37.5287,21.0623,6.4573,-0.206119,4.4,-0.89326,-3.93035,NONE,999.9,0,0
37.5319,21.0623,6.4573,-0.206119,4.4,-0.89326,-3.93035,NONE,999.9,0,0
37.5358,21.0623,6.4573,-0.206119,4.4,-0.89326,-3.93035,NONE,999.9,0,0
37.5401,21.1055,6.44919,-0.215029,4.4,-0.905154,-3.98268,NONE,999.9,0,0
37.5455,21.1055,6.44919,-0.215029,4.4,-0.905154,-3.98268,NONE,999.9,0,0
37.5495,21.1487,6.44073,-0.224192,4.4,-0.91012,-4.00453,NONE,999.9,0,0
37.5521,21.1487,6.44073,-0.224192,4.4,-0.91012,-4.00453,NONE,999.9,0,0
37.5559,21.1487,6.44073,-0.224192,4.4,-0.91012,-4.00453,NONE,999.9,0,0
37.5601,21.1918,6.43194,-0.233245,4.4,-0.917235,-4.03584,NONE,999.9,0,0
37.564,21.1918,6.43194,-0.233245,4.4,-0.917235,-4.03584,NONE,999.9,0,0
37.5687,21.2348,6.42278,-0.24251,4.4,-0.918566,-4.04169,NONE,999.9,0,0
37.5718,21.2348,6.42278,-0.24251,4.4,-0.918566,-4.04169,NONE,999.9,0,0
37.5766,21.2348,6.42278,-0.24251,4.4,-0.918566,-4.04169,NONE,999.9,0,0
37.5807,21.2778,6.41327,-0.251634,4.4,-0.922938,-4.06093,NONE,999.9,0,0
37.5842,21.2778,6.41327,-0.251634,4.4,-0.922938,-4.06093,NONE,999.9,0,0
37.5886,21.3207,6.40337,-0.261263,4.4,-1.01592,-4.47005,NONE,999.9,0,0
37.5921,21.3207,6.40337,-0.261263,4.4,-1.01592,-4.47005,NONE,999.9,0,0
37.5961,21.3207,6.40337,-0.261263,4.4,-1.01592,-4.47005,NONE,999.9,0,0
37.6005,21.3634,6.39302,-0.271863,4.4,-1.08406,-4.76987,NONE,999.9,0,0
37.6041,21.3634,6.39302,-0.271863,4.4,-1.08406,-4.76987,NONE,999.9,0,0
37.6095,21.4061,6.38224,-0.282911,4.4,-1.1402,-5.01688,NONE,999.9,0,0
37.6124,21.4061,6.38224,-0.282911,4.4,-1.1402,-5.01688,NONE,999.9,0,0
37.6164,21.4061,6.38224,-0.282911,4.4,-1.1402,-5.01688,NONE,999.9,0,0
37.6203,21.4486,6.37098,-0.294921,4.4,-1.2731,-5.60165,NONE,999.9,0,0
37.6241,21.4486,6.37098,-0.294921,4.4,-1.2731,-5.60165,NONE,999.9,0,0
37.6288,21.491,6.35919,-0.308253,4.4,-1.37186,-6.03616,NONE,999.9,0,0
37.632,21.491,6.35919,-0.308253,4.4,-1.37186,-6.03616,NONE,999.9,0,0
37.6361,21.491,6.35919,-0.308253,4.4,-1.37186,-6.03616,NONE,999.9,0,0
37.6402,21.5333,6.34689,-0.322302,4.4,-1.45132,-6.38581,NONE,999.9,0,0
37.6444,21.5333,6.34689,-0.322302,4.4,-1.45132,-6.38581,NONE,999.9,0,0
37.6504,21.5754,6.33405,-0.337197,4.4,-1.50816,-6.63589,NONE,999.9,0,0
37.6525,21.5754,6.33405,-0.337197,4.4,-1.50816,-6.63589,NONE,999.9,0,0
37.6562,21.5754,6.33405,-0.337197,4.4,-1.50816,-6.63589,NONE,999.9,0,0
37.6601,21.6173,6.32068,-0.352438,4.4,-1.55484,-6.84132,NONE,999.9,0,0
37.6642,21.6173,6.32068,-0.352438,4.4,-1.55484,-6.84132,NONE,999.9,0,0
37.6692,21.659,6.30674,-0.368236,4.4,-1.58614,-6.97902,NONE,999.9,0,0
37.6727,21.659,6.30674,-0.368236,4.4,-1.58614,-6.97902,NONE,999.9,0,0
37.6767,21.659,6.30674,-0.368236,4.4,-1.58614,-6.97902,NONE,999.9,0,0
37.6806,21.7006,6.29226,-0.384153,4.4,-1.61301,-7.09723,NONE,999.9,0,0
37.6842,21.7006,6.29226,-0.384153,4.4,-1.61301,-7.09723,NONE,999.9,0,0
37.6893,21.7419,6.2772,-0.400453,4.4,-1.62899,-7.16755,NONE,999.9,0,0
37.6919,21.7419,6.2772,-0.400453,4.4,-1.62899,-7.16755,NONE,999.9,0,0
37.6959,21.7419,6.2772,-0.400453,4.4,-1.62899,-7.16755,NONE,999.9,0,0
37.7003,21.783,6.26157,-0.416737,4.4,-1.64408,-7.23395,NONE,999.9,0,0
37.7046,21.783,6.26157,-0.416737,4.4,-1.64408,-7.23395,NONE,999.9,0,0
37.7099,21.8239,6.24534,-0.433301,4.4,-1.65107,-7.2647,NONE,999.9,0,0
37.7137,21.8239,6.24534,-0.433301,4.4,-1.65107,-7.2647,NONE,999.9,0,0
37.7163,21.8239,6.24534,-0.433301,4.4,-1.65107,-7.2647,NONE,999.9,0,0
37.7206,21.8646,6.22854,-0.44977,4.4,-1.65934,-7.30109,NONE,999.9,0,0
37.724,21.8646,6.22854,-0.44977,4.4,-1.65934,-7.30109,NONE,999.9,0,0
37.7289,21.905,6.21112,-0.466459,4.4,-1.6612,-7.30927,NONE,999.9,0,0
37.732,21.905,6.21112,-0.466459,4.4,-1.6612,-7.30927,NONE,999.9,0,0
37.7364,21.905,6.21112,-0.466459,4.4,-1.6612,-7.30927,NONE,999.9,0,0
37.7423,21.9451,6.19311,-0.48301,4.4,-1.66565,-7.32885,NONE,999.9,0,0
37.7456,21.9451,6.19311,-0.48301,4.4,-1.66565,-7.32885,NONE,999.9,0,0
37.7495,21.985,6.17449,-0.499747,4.4,-1.6647,-7.32467,NONE,999.9,0,0
37.7536,21.985,6.17449,-0.499747,4.4,-1.6647,-7.32467,NONE,999.9,0,0
37.7572,21.985,6.17449,-0.499747,4.4,-1.6647,-7.32467,NONE,999.9,0,0
37.7607,22.0246,6.15526,-0.516322,4.4,-1.66712,-7.33533,NONE,999.9,0,0
37.764,22.0246,6.15526,-0.516322,4.4,-1.66712,-7.33533,NONE,999.9,0,0
37.7705,22.0639,6.13542,-0.533067,4.4,-1.66473,-7.32483,NONE,999.9,0,0
37.7729,22.0639,6.13542,-0.533067,4.4,-1.66473,-7.32483,NONE,999.9,0,0
37.7784,22.0639,6.13542,-0.533067,4.4,-1.66473,-7.32483,NONE,999.9,0,0
37.7813,22.1028,6.11497,-0.549637,4.4,-1.66617,-7.33115,NONE,999.9,0,0
37.7842,22.1028,6.11497,-0.549637,4.4,-1.66617,-7.33115,NONE,999.9,0,0
37.7892,22.1414,6.09391,-0.566368,4.4,-1.66313,-7.31779,NONE,999.9,0,0
37.7919,22.1414,6.09391,-0.566368,4.4,-1.66313,-7.31779,NONE,999.9,0,0
37.7961,22.1414,6.09391,-0.566368,4.4,-1.66313,-7.31779,NONE,999.9,0,0
37.8003,22.1797,6.07225,-0.58292,4.4,-1.66417,-7.32235,NONE,999.9,0,0
37.8043,22.1797,6.07225,-0.58292,4.4,-1.66417,-7.32235,NONE,999.9,0,0
37.8092,22.2177,6.04994,-0.599948,4.4,-1.75462,-7.72034,NONE,999.9,0,0
37.8124,22.2177,6.04994,-0.599948,4.4,-1.75462,-7.72034,NONE,999.9,0,0
37.8162,22.2177,6.04994,-0.599948,4.4,-1.75462,-7.72034,NONE,999.9,0,0
37.8203,22.2552,6.02696,-0.617925,4.4,-1.82086,-8.01179,NONE,999.9,0,0
37.8239,22.2552,6.02696,-0.617925,4.4,-1.82086,-8.01179,NONE,999.9,0,0
37.8294,22.2923,6.00333,-0.636334,4.4,-1.87558,-8.25256,NONE,999.9,0,0
37.8322,22.2923,6.00333,-0.636334,4.4,-1.87558,-8.25256,NONE,999.9,0,0
37.8364,22.2923,6.00333,-0.636334,4.4,-1.87558,-8.25256,NONE,999.9,0,0
37.8402,22.329,5.97902,-0.655375,4.4,-1.91374,-8.42045,NONE,999.9,0,0
37.8442,22.329,5.97902,-0.655375,4.4,-1.91374,-8.42045,NONE,999.9,0,0
37.8485,22.3652,5.95407,-0.674598,4.4,-1.94646,-8.56441,NONE,999.9,0,0
37.8521,22.3652,5.95407,-0.674598,4.4,-1.94646,-8.56441,NONE,999.9,0,0
37.8558,22.3652,5.95407,-0.674598,4.4,-1.94646,-8.56441,NONE,999.9,0,0
37.8606,22.401,5.92846,-0.694258,4.4,-1.96743,-8.65668,NONE,999.9,0,0
37.8642,22.401,5.92846,-0.694258,4.4,-1.96743,-8.65668,NONE,999.9,0,0
37.8692,22.4363,5.90221,-0.713948,4.4,-1.98677,-8.74179,NONE,999.9,0,0
37.8721,22.4363,5.90221,-0.713948,4.4,-1.98677,-8.74179,NONE,999.9,0,0
37.8764,22.4363,5.90221,-0.713948,4.4,-1.98677,-8.74179,NONE,999.9,0,0
37.8802,22.4711,5.8753,-0.733957,4.4,-1.99738,-8.78846,NONE,999.9,0,0
37.884,22.4711,5.8753,-0.733957,4.4,-1.99738,-8.78846,NONE,999.9,0,0
37.8889,22.5054,5.84776,-0.753905,4.4,-2.00872,-8.83839,NONE,999.9,0,0
37.8919,22.5054,5.84776,-0.753905,4.4,-2.00872,-8.83839,NONE,999.9,0,0
37.8962,22.5054,5.84776,-0.753905,4.4,-2.00872,-8.83839,NONE,999.9,0,0
37.9004,22.5392,5.81956,-0.774102,4.4,-2.0132,-8.85807,NONE,999.9,0,0
37.9041,22.5392,5.81956,-0.774102,4.4,-2.0132,-8.85807,NONE,999.9,0,0
37.9088,22.5725,5.79074,-0.794184,4.4,-2.01987,-8.88743,NONE,999.9,0,0
37.9124,22.5725,5.79074,-0.794184,4.4,-2.01987,-8.88743,NONE,999.9,0,0
37.916,22.5725,5.79074,-0.794184,4.4,-2.01987,-8.88743,NONE,999.9,0,0
37.92,22.6051,5.76129,-0.814473,4.4,-2.02081,-8.89156,NONE,999.9,0,0
37.9242,22.6051,5.76129,-0.814473,4.4,-2.02081,-8.89156,NONE,999.9,0,0
37.9289,22.6373,5.73122,-0.834617,4.4,-2.02483,-8.90926,NONE,999.9,0,0
37.9323,22.6373,5.73122,-0.834617,4.4,-2.02483,-8.90926,NONE,999.9,0,0
37.936,22.6373,5.73122,-0.834617,4.4,-2.02483,-8.90926,NONE,999.9,0,0
37.94,22.6688,5.70052,-0.854946,4.4,-2.0238,-8.90474,NONE,999.9,0,0
37.9443,22.6688,5.70052,-0.854946,4.4,-2.0238,-8.90474,NONE,999.9,0,0
37.9491,22.6997,5.66923,-0.875112,4.4,-2.02639,-8.91611,NONE,999.9,0,0
37.9519,22.6997,5.66923,-0.875112,4.4,-2.02639,-8.91611,NONE,999.9,0,0
37.956,22.6997,5.66923,-0.875112,4.4,-2.02639,-8.91611,NONE,999.9,0,0
37.9603,22.73,5.63733,-0.895451,4.4,-2.02433,-8.90705,NONE,999.9,0,0
37.9646,22.73,5.63733,-0.895451,4.4,-2.02433,-8.90705,NONE,999.9,0,0
37.969,22.7597,5.60485,-0.915619,4.4,-2.02619,-8.91524,NONE,999.9,0,0
37.972,22.7597,5.60485,-0.915619,4.4,-2.02619,-8.91524,NONE,999.9,0,0
37.977,22.7597,5.60485,-0.915619,4.4,-2.02619,-8.91524,NONE,999.9,0,0
37.981,22.7887,5.57178,-0.935953,4.4,-2.02364,-8.90402,NONE,999.9,0,0
37.9841,22.7887,5.57178,-0.935953,4.4,-2.02364,-8.90402,NONE,999.9,0,0
37.9892,22.8171,5.53816,-0.956112,4.4,-2.02519,-8.91082,NONE,999.9,0,0
37.992,22.8171,5.53816,-0.956112,4.4,-2.02519,-8.91082,NONE,999.9,0,0
37.9964,22.8171,5.53816,-0.956112,4.4,-2.02519,-8.91082,NONE,999.9,0,0
38,22.8448,5.50397,-0.976435,4.4,-2.02245,-8.89877,NONE,999.9,0,0
38.0039,22.8448,5.50397,-0.976435,4.4,-2.02245,-8.89877,NONE,999.9,0,0
38.0089,22.8718,5.46925,-0.996582,4.4,-2.0239,-8.90516,NONE,999.9,0,0
38.0121,22.8718,5.46925,-0.996582,4.4,-2.0239,-8.90516,NONE,999.9,0,0
38.0163,22.8718,5.46925,-0.996582,4.4,-2.0239,-8.90516,NONE,999.9,0,0
38.02,22.8982,5.43399,-1.01689,4.4,-2.02113,-8.89299,NONE,999.9,0,0
38.0247,22.8982,5.43399,-1.01689,4.4,-2.02113,-8.89299,NONE,999.9,0,0
38.0295,22.9238,5.39822,-1.03703,4.4,-2.02261,-8.89947,NONE,999.9,0,0
38.0319,22.9238,5.39822,-1.03703,4.4,-2.02261,-8.89947,NONE,999.9,0,0
38.0359,22.9238,5.39822,-1.03703,4.4,-2.02261,-8.89947,NONE,999.9,0,0
38.04,22.9487,5.36194,-1.05732,4.4,-2.01989,-8.88753,NONE,999.9,0,0
38.0444,22.9487,5.36194,-1.05732,4.4,-2.01989,-8.88753,NONE,999.9,0,0
38.0492,22.9728,5.32518,-1.07745,4.4,-2.02144,-8.89432,NONE,999.9,0,0
38.052,22.9728,5.32518,-1.07745,4.4,-2.02144,-8.89432,NONE,999.9,0,0
38.056,22.9728,5.32518,-1.07745,4.4,-2.02144,-8.89432,NONE,999.9,0,0
38.0607,22.9963,5.28793,-1.09773,4.4,-2.01881,-8.88275,NONE,999.9,0,0
38.0642,22.9963,5.28793,-1.09773,4.4,-2.01881,-8.88275,NONE,999.9,0,0
38.0689,23.0189,5.25023,-1.11784,4.4,-2.02044,-8.88994,NONE,999.9,0,0
38.0721,23.0189,5.25023,-1.11784,4.4,-2.02044,-8.88994,NONE,999.9,0,0
38.0763,23.0189,5.25023,-1.11784,4.4,-2.02044,-8.88994,NONE,999.9,0,0
38.0806,23.0409,5.21207,-1.13812,4.4,-2.0179,-8.87877,NONE,999.9,0,0
38.0842,23.0409,5.21207,-1.13812,4.4,-2.0179,-8.87877,NONE,999.9,0,0
38.0891,23.062,5.17349,-1.15822,4.4,-2.01962,-8.88635,NONE,999.9,0,0
38.092,23.062,5.17349,-1.15822,4.4,-2.01962,-8.88635,NONE,999.9,0,0
38.0961,23.062,5.17349,-1.15822,4.4,-2.01962,-8.88635,NONE,999.9,0,0
38.1002,23.0824,5.13449,-1.17849,4.4,-2.01717,-8.87555,NONE,999.9,0,0
38.1039,23.0824,5.13449,-1.17849,4.4,-2.01717,-8.87555,NONE,999.9,0,0
38.1088,23.102,5.09509,-1.19859,4.4,-2.01897,-8.88348,NONE,999.9,0,0
38.1124,23.102,5.09509,-1.19859,4.4,-2.01897,-8.88348,NONE,999.9,0,0
38.1162,23.102,5.09509,-1.19859,4.4,-2.01897,-8.88348,NONE,999.9,0,0
38.1205,23.1207,5.0553,-1.21885,4.4,-2.01659,-8.87301,NONE,999.9,0,0
38.1248,23.1207,5.0553,-1.21885,4.4,-2.01659,-8.87301,NONE,999.9,0,0
38.1295,23.1387,5.01514,-1.23894,4.4,-2.01846,-8.88124,NONE,999.9,0,0
38.1321,23.1387,5.01514,-1.23894,4.4,-2.01846,-8.88124,NONE,999.9,0,0
38.1361,23.1387,5.01514,-1.23894,4.4,-2.01846,-8.88124,NONE,999.9,0,0
38.14,23.1559,4.97463,-1.2592,4.4,-2.01615,-8.87104,NONE,999.9,0,0
38.1443,23.1559,4.97463,-1.2592,4.4,-2.01615,-8.87104,NONE,999.9,0,0
38.1486,23.1722,4.93378,-1.27928,4.4,-2.01807,-8.87951,NONE,999.9,0,0
38.1522,23.1722,4.93378,-1.27928,4.4,-2.01807,-8.87951,NONE,999.9,0,0
38.1565,23.1722,4.93378,-1.27928,4.4,-2.01807,-8.87951,NONE,999.9,0,0
38.1602,23.1878,4.89261,-1.29954,4.4,-2.0158,-8.86953,NONE,999.9,0,0
38.1638,23.1878,4.89261,-1.29954,4.4,-2.0158,-8.86953,NONE,999.9,0,0
38.1688,23.2025,4.85114,-1.31962,4.4,-2.01777,-8.8782,NONE,999.9,0,0
38.1722,23.2025,4.85114,-1.31962,4.4,-2.01777,-8.8782,NONE,999.9,0,0
38.1766,23.2025,4.85114,-1.31962,4.4,-2.01777,-8.8782,NONE,999.9,0,0
38.1804,23.2163,4.80937,-1.33987,4.4,-2.01554,-8.86838,NONE,999.9,0,0
38.1842,23.2163,4.80937,-1.33987,4.4,-2.01554,-8.86838,NONE,999.9,0,0
38.1891,23.2293,4.76734,-1.35995,4.4,-2.01755,-8.8772,NONE,999.9,0,0
38.192,23.2293,4.76734,-1.35995,4.4,-2.01755,-8.8772,NONE,999.9,0,0
38.1959,23.2293,4.76734,-1.35995,4.4,-2.01755,-8.8772,NONE,999.9,0,0
38.2,23.2415,4.72505,-1.3802,4.4,-2.01535,-8.86752,NONE,999.9,0,0
38.2039,23.2415,4.72505,-1.3802,4.4,-2.01535,-8.86752,NONE,999.9,0,0
38.2092,23.2528,4.68253,-1.40028,4.4,-2.01738,-8.87646,NONE,999.9,0,0
38.2122,23.2528,4.68253,-1.40028,4.4,-2.01738,-8.87646,NONE,999.9,0,0
38.2165,23.2528,4.68253,-1.40028,4.4,-2.01738,-8.87646,NONE,999.9,0,0
38.221,23.2632,4.63979,-1.42053,4.4,-2.0152,-8.86688,NONE,999.9,0,0
38.224,23.2632,4.63979,-1.42053,4.4,-2.0152,-8.86688,NONE,999.9,0,0
38.229,23.2728,4.59685,-1.44061,4.4,-2.01725,-8.87591,NONE,999.9,0,0
38.2325,23.2728,4.59685,-1.44061,4.4,-2.01725,-8.87591,NONE,999.9,0,0
38.2361,23.2728,4.59685,-1.44061,4.4,-2.01725,-8.87591,NONE,999.9,0,0
38.24,23.2815,4.55372,-1.46085,4.4,-2.01509,-8.86641,NONE,999.9,0,0
38.2443,23.2815,4.55372,-1.46085,4.4,-2.01509,-8.86641,NONE,999.9,0,0
38.2494,23.2894,4.51043,-1.48061,4.4,-1.92346,-8.46321,NONE,999.9,0,0
38.2523,23.2894,4.51043,-1.48061,4.4,-1.92346,-8.46321,NONE,999.9,0,0
38.2561,23.2894,4.51043,-1.48061,4.4,-1.92346,-8.46321,NONE,999.9,0,0
38.2602,23.2965,4.46701,-1.49941,4.4,-1.85603,-8.16652,NONE,999.9,0,0
38.2643,23.2965,4.46701,-1.49941,4.4,-1.85603,-8.16652,NONE,999.9,0,0
38.2692,23.3028,4.42346,-1.51776,4.4,-1.80014,-7.92063,NONE,999.9,0,0
38.2736,23.3028,4.42346,-1.51776,4.4,-1.80014,-7.92063,NONE,999.9,0,0
38.2768,23.3028,4.42346,-1.51776,4.4,-1.80014,-7.92063,NONE,999.9,0,0
38.2809,23.3083,4.37981,-1.53547,4.4,-1.76088,-7.74787,NONE,999.9,0,0
38.2858,23.3083,4.37981,-1.53547,4.4,-1.76088,-7.74787,NONE,999.9,0,0
38.2903,23.3129,4.33605,-1.55299,4.4,-1.72713,-7.59935,NONE,999.9,0,0
38.2923,23.3129,4.33605,-1.55299,4.4,-1.72713,-7.59935,NONE,999.9,0,0
38.2961,23.3129,4.33605,-1.55299,4.4,-1.72713,-7.59935,NONE,999.9,0,0
38.3003,23.3168,4.29223,-1.57006,4.4,-1.7052,-7.50286,NONE,999.9,0,0
38.3041,23.3168,4.29223,-1.57006,4.4,-1.7052,-7.50286,NONE,999.9,0,0
38.3124,23.3199,4.24833,-1.58709,4.4,-1.68498,-7.4139,NONE,999.9,0,0
38.3157,23.3199,4.24833,-1.58709,4.4,-1.68498,-7.4139,NONE,999.9,0,0
38.3185,23.3199,4.24833,-1.58709,4.4,-1.68498,-7.4139,NONE,999.9,0,0
38.3226,23.3222,4.2044,-1.6038,4.4,-1.67358,-7.36374,NONE,999.9,0,0
38.3252,23.3222,4.2044,-1.6038,4.4,-1.67358,-7.36374,NONE,999.9,0,0
38.3307,23.3237,4.16042,-1.62056,4.4,-1.66151,-7.31066,NONE,999.9,0,0
38.3325,23.3237,4.16042,-1.62056,4.4,-1.66151,-7.31066,NONE,999.9,0,0
38.3366,23.3237,4.16042,-1.62056,4.4,-1.66151,-7.31066,NONE,999.9,0,0
38.3403,23.3244,4.11643,-1.63706,4.4,-1.6564,-7.28817,NONE,999.9,0,0
38.347,23.3244,4.11643,-1.63706,4.4,-1.6564,-7.28817,NONE,999.9,0,0
38.3505,23.3244,4.07243,-1.65367,4.4,-1.64916,-7.25631,NONE,999.9,0,0
38.3524,23.3244,4.07243,-1.65367,4.4,-1.64916,-7.25631,NONE,999.9,0,0
38.356,23.3244,4.07243,-1.65367,4.4,-1.64916,-7.25631,NONE,999.9,0,0
38.36,23.3236,4.02844,-1.67007,4.4,-1.64772,-7.24997,NONE,999.9,0,0
38.364,23.3236,4.02844,-1.67007,4.4,-1.64772,-7.24997,NONE,999.9,0,0
38.3688,23.322,3.98447,-1.68661,4.4,-1.64325,-7.23032,NONE,999.9,0,0
38.3719,23.322,3.98447,-1.68661,4.4,-1.64325,-7.23032,NONE,999.9,0,0
38.3764,23.322,3.98447,-1.68661,4.4,-1.64325,-7.23032,NONE,999.9,0,0
38.3804,23.3197,3.94053,-1.70296,4.4,-1.64389,-7.23313,NONE,999.9,0,0
38.384,23.3197,3.94053,-1.70296,4.4,-1.64389,-7.23313,NONE,999.9,0,0
38.3897,23.3166,3.89664,-1.71947,4.4,-1.64097,-7.22025,NONE,999.9,0,0
38.392,23.3166,3.89664,-1.71947,4.4,-1.64097,-7.22025,NONE,999.9,0,0
38.3961,23.3166,3.89664,-1.71947,4.4,-1.64097,-7.22025,NONE,999.9,0,0
38.4,23.3128,3.8528,-1.7358,4.4,-1.64273,-7.22801,NONE,999.9,0,0
38.4039,23.3128,3.8528,-1.7358,4.4,-1.64273,-7.22801,NONE,999.9,0,0
38.4098,23.3082,3.80904,-1.7523,4.4,-1.64061,-7.21867,NONE,999.9,0,0
38.4126,23.3082,3.80904,-1.7523,4.4,-1.64061,-7.21867,NONE,999.9,0,0
38.416,23.3082,3.80904,-1.7523,4.4,-1.64061,-7.21867,NONE,999.9,0,0
38.42,23.3029,3.76537,-1.76863,4.4,-1.64293,-7.22891,NONE,999.9,0,0
38.4242,23.3029,3.76537,-1.76863,4.4,-1.64293,-7.22891,NONE,999.9,0,0
38.4297,23.2968,3.72179,-1.78546,4.4,-1.73489,-7.63354,NONE,999.9,0,0
38.4327,23.2968,3.72179,-1.78546,4.4,-1.73489,-7.63354,NONE,999.9,0,0
38.4358,23.2968,3.72179,-1.78546,4.4,-1.73489,-7.63354,NONE,999.9,0,0
38.4404,23.2899,3.67834,-1.80324,4.4,-1.80275,-7.93209,NONE,999.9,0,0
38.4448,23.2899,3.67834,-1.80324,4.4,-1.80275,-7.93209,NONE,999.9,0,0
38.4487,23.2822,3.63502,-1.82148,4.4,-1.85911,-8.18009,NONE,999.9,0,0
38.4519,23.2822,3.63502,-1.82148,4.4,-1.85911,-8.18009,NONE,999.9,0,0
38.4559,23.2822,3.63502,-1.82148,4.4,-1.85911,-8.18009,NONE,999.9,0,0
38.4602,23.2737,3.59185,-1.84036,4.4,-1.89888,-8.35507,NONE,999.9,0,0
38.464,23.2737,3.59185,-1.84036,4.4,-1.89888,-8.35507,NONE,999.9,0,0
38.4687,23.2644,3.54884,-1.85945,4.4,-1.93314,-8.50582,NONE,999.9,0,0
38.4724,23.2644,3.54884,-1.85945,4.4,-1.93314,-8.50582,NONE,999.9,0,0
38.4767,23.2644,3.54884,-1.85945,4.4,-1.93314,-8.50582,NONE,999.9,0,0
38.4807,23.2543,3.50602,-1.87898,4.4,-1.95556,-8.60447,NONE,999.9,0,0
38.4846,23.2543,3.50602,-1.87898,4.4,-1.95556,-8.60447,NONE,999.9,0,0
38.489,23.2434,3.46339,-1.89856,4.4,-1.97625,-8.69549,NONE,999.9,0,0
38.492,23.2434,3.46339,-1.89856,4.4,-1.97625,-8.69549,NONE,999.9,0,0
38.4966,23.2434,3.46339,-1.89856,4.4,-1.97625,-8.69549,NONE,999.9,0,0
38.5,23.2317,3.42097,-1.91847,4.4,-1.98809,-8.74758,NONE,999.9,0,0
38.5042,23.2317,3.42097,-1.91847,4.4,-1.98809,-8.74758,NONE,999.9,0,0
38.5096,23.2192,3.37878,-1.93833,4.4,-2.00055,-8.80243,NONE,999.9,0,0
38.5123,23.2192,3.37878,-1.93833,4.4,-2.00055,-8.80243,NONE,999.9,0,0
38.516,23.2192,3.37878,-1.93833,4.4,-2.00055,-8.80243,NONE,999.9,0,0
38.5202,23.2059,3.33684,-1.95845,4.4,-2.00603,-8.82655,NONE,999.9,0,0
38.5242,23.2059,3.33684,-1.95845,4.4,-2.00603,-8.82655,NONE,999.9,0,0
38.5297,23.1918,3.29516,-1.97847,4.4,-2.01361,-8.85989,NONE,999.9,0,0
38.532,23.1918,3.29516,-1.97847,4.4,-2.01361,-8.85989,NONE,999.9,0,0
38.5364,23.1918,3.29516,-1.97847,4.4,-2.01361,-8.85989,NONE,999.9,0,0
38.5433,23.1769,3.25376,-1.9987,4.4,-2.01535,-8.86755,NONE,999.9,0,0
38.5469,23.1769,3.25376,-1.9987,4.4,-2.01535,-8.86755,NONE,999.9,0,0
38.5503,23.1612,3.21266,-2.01879,4.4,-2.02009,-8.88838,NONE,999.9,0,0
38.5523,23.1612,3.21266,-2.01879,4.4,-2.02009,-8.88838,NONE,999.9,0,0
38.5561,23.1612,3.21266,-2.01879,4.4,-2.02009,-8.88838,NONE,999.9,0,0
38.5601,23.1447,3.17187,-2.03907,4.4,-2.01969,-8.88662,NONE,999.9,0,0
38.564,23.1447,3.17187,-2.03907,4.4,-2.01969,-8.88662,NONE,999.9,0,0
38.5695,23.1274,3.1314,-2.0592,4.4,-2.02282,-8.90043,NONE,999.9,0,0
38.5723,23.1274,3.1314,-2.0592,4.4,-2.02282,-8.90043,NONE,999.9,0,0
38.5763,23.1274,3.1314,-2.0592,4.4,-2.02282,-8.90043,NONE,999.9,0,0
38.5802,23.1093,3.09129,-2.07951,4.4,-2.02125,-8.89349,NONE,999.9,0,0
38.5843,23.1093,3.09129,-2.07951,4.4,-2.02125,-8.89349,NONE,999.9,0,0
38.5886,23.0905,3.05154,-2.09965,4.4,-2.02353,-8.90355,NONE,999.9,0,0
38.592,23.0905,3.05154,-2.09965,4.4,-2.02353,-8.90355,NONE,999.9,0,0
38.5959,23.0905,3.05154,-2.09965,4.4,-2.02353,-8.90355,NONE,999.9,0,0
38.6005,23.0708,3.01217,-2.11996,4.4,-2.02135,-8.89394,NONE,999.9,0,0
38.6046,23.0708,3.01217,-2.11996,4.4,-2.02135,-8.89394,NONE,999.9,0,0
38.6097,23.0504,2.9732,-2.14009,4.4,-2.02322,-8.90215,NONE,999.9,0,0
38.612,23.0504,2.9732,-2.14009,4.4,-2.02322,-8.90215,NONE,999.9,0,0
38.616,23.0504,2.9732,-2.14009,4.4,-2.02322,-8.90215,NONE,999.9,0,0
38.62,23.0292,2.93464,-2.1604,4.4,-2.02075,-8.89132,NONE,999.9,0,0
38.6239,23.0292,2.93464,-2.1604,4.4,-2.02075,-8.89132,NONE,999.9,0,0
38.6291,23.0073,2.89649,-2.18021,4.4,-1.92874,-8.48648,NONE,999.9,0,0
38.6321,23.0073,2.89649,-2.18021,4.4,-1.92874,-8.48648,NONE,999.9,0,0
38.6368,23.0073,2.89649,-2.18021,4.4,-1.92874,-8.48648,NONE,999.9,0,0
38.6405,22.9847,2.85874,-2.19906,4.4,-1.8609,-8.18797,NONE,999.9,0,0
38.6447,22.9847,2.85874,-2.19906,4.4,-1.8609,-8.18797,NONE,999.9,0,0
38.6486,22.9614,2.82142,-2.21746,4.4,-1.80459,-7.94021,NONE,999.9,0,0
38.6524,22.9614,2.82142,-2.21746,4.4,-1.80459,-7.94021,NONE,999.9,0,0
38.6561,22.9614,2.82142,-2.21746,4.4,-1.80459,-7.94021,NONE,999.9,0,0
38.66,22.9374,2.78452,-2.23522,4.4,-1.76491,-7.76559,NONE,999.9,0,0
38.6643,22.9374,2.78452,-2.23522,4.4,-1.76491,-7.76559,NONE,999.9,0,0
38.6696,22.9128,2.74807,-2.25277,4.4,-1.73074,-7.61527,NONE,999.9,0,0
38.6724,22.9128,2.74807,-2.25277,4.4,-1.73074,-7.61527,NONE,999.9,0,0
38.6765,22.9128,2.74807,-2.25277,4.4,-1.73074,-7.61527,NONE,999.9,0,0
38.6806,22.8875,2.71207,-2.26988,4.4,-1.70843,-7.51707,NONE,999.9,0,0
38.684,22.8875,2.71207,-2.26988,4.4,-1.70843,-7.51707,NONE,999.9,0,0
38.6894,22.8615,2.67655,-2.28726,4.4,-1.78155,-7.83881,NONE,999.9,0,0
38.692,22.8615,2.67655,-2.28726,4.4,-1.78155,-7.83881,NONE,999.9,0,0
38.697,22.8615,2.67655,-2.28726,4.4,-1.78155,-7.83881,NONE,999.9,0,0
38.7016,22.8348,2.64156,-2.30544,4.4,-1.8351,-8.07444,NONE,999.9,0,0
38.7045,22.8348,2.64156,-2.30544,4.4,-1.8351,-8.07444,NONE,999.9,0,0
38.7092,22.8075,2.60708,-2.32394,4.4,-1.8807,-8.27506,NONE,999.9,0,0
38.712,22.8075,2.60708,-2.32394,4.4,-1.8807,-8.27506,NONE,999.9,0,0
38.716,22.8075,2.60708,-2.32394,4.4,-1.8807,-8.27506,NONE,999.9,0,0
38.72,22.7795,2.57314,-2.343,4.4,-1.91244,-8.41473,NONE,999.9,0,0
38.7239,22.7795,2.57314,-2.343,4.4,-1.91244,-8.41473,NONE,999.9,0,0
38.7292,22.7509,2.53973,-2.36187,4.4,-1.84709,-8.1272,NONE,999.9,0,0
38.7322,22.7509,2.53973,-2.36187,4.4,-1.84709,-8.1272,NONE,999.9,0,0
38.7361,22.7509,2.53973,-2.36187,4.4,-1.84709,-8.1272,NONE,999.9,0,0
38.741,22.7217,2.5068,-2.37969,4.4,-1.70625,-7.50748,NONE,999.9,0,0
38.7445,22.7217,2.5068,-2.37969,4.4,-1.70625,-7.50748,NONE,999.9,0,0
38.7492,22.692,2.47433,-2.39611,4.4,-1.60065,-7.04287,NONE,999.9,0,0
38.752,22.692,2.47433,-2.39611,4.4,-1.60065,-7.04287,NONE,999.9,0,0
38.756,22.692,2.47433,-2.39611,4.4,-1.60065,-7.04287,NONE,999.9,0,0
38.7607,22.6618,2.44235,-2.41176,4.4,-1.51531,-6.66735,NONE,999.9,0,0
38.7644,22.6618,2.44235,-2.41176,4.4,-1.51531,-6.66735,NONE,999.9,0,0
38.7691,22.6311,2.41084,-2.42651,4.4,-1.45342,-6.39505,NONE,999.9,0,0
38.772,22.6311,2.41084,-2.42651,4.4,-1.45342,-6.39505,NONE,999.9,0,0
38.7762,22.6311,2.41084,-2.42651,4.4,-1.45342,-6.39505,NONE,999.9,0,0
38.7802,22.5998,2.37984,-2.44086,4.4,-1.4024,-6.17057,NONE,999.9,0,0
38.7839,22.5998,2.37984,-2.44086,4.4,-1.4024,-6.17057,NONE,999.9,0,0
38.7893,22.5681,2.34931,-2.45461,4.4,-1.36739,-6.01654,NONE,999.9,0,0
38.7923,22.5681,2.34931,-2.45461,4.4,-1.36739,-6.01654,NONE,999.9,0,0
38.7965,22.5681,2.34931,-2.45461,4.4,-1.36739,-6.01654,NONE,999.9,0,0
38.8004,22.536,2.31929,-2.46822,4.4,-1.33735,-5.88436,NONE,999.9,0,0
38.804,22.536,2.31929,-2.46822,4.4,-1.33735,-5.88436,NONE,999.9,0,0
38.8094,22.5034,2.28974,-2.48141,4.4,-1.31866,-5.8021,NONE,999.9,0,0
38.812,22.5034,2.28974,-2.48141,4.4,-1.31866,-5.8021,NONE,999.9,0,0
38.8159,22.5034,2.28974,-2.48141,4.4,-1.31866,-5.8021,NONE,999.9,0,0
38.8201,22.4703,2.2607,-2.49459,4.4,-1.30125,-5.72549,NONE,999.9,0,0
38.8244,22.4703,2.2607,-2.49459,4.4,-1.30125,-5.72549,NONE,999.9,0,0
38.8294,22.4369,2.23214,-2.50747,4.4,-1.29228,-5.68603,NONE,999.9,0,0
38.8319,22.4369,2.23214,-2.50747,4.4,-1.29228,-5.68603,NONE,999.9,0,0
38.8365,22.4369,2.23214,-2.50747,4.4,-1.29228,-5.68603,NONE,999.9,0,0
38.8404,22.403,2.20407,-2.52042,4.4,-1.28232,-5.64222,NONE,999.9,0,0
38.8449,22.403,2.20407,-2.52042,4.4,-1.28232,-5.64222,NONE,999.9,0,0
38.8488,22.3687,2.17649,-2.53314,4.4,-1.27903,-5.62772,NONE,999.9,0,0
38.8525,22.3687,2.17649,-2.53314,4.4,-1.27903,-5.62772,NONE,999.9,0,0
38.8564,22.3687,2.17649,-2.53314,4.4,-1.27903,-5.62772,NONE,999.9,0,0
38.8602,22.334,2.14943,-2.5463,4.4,-1.36705,-6.01504,NONE,999.9,0,0
38.8643,22.334,2.14943,-2.5463,4.4,-1.36705,-6.01504,NONE,999.9,0,0
38.8688,22.2989,2.12292,-2.5604,4.4,-1.43225,-6.30188,NONE,999.9,0,0
38.8719,22.2989,2.12292,-2.5604,4.4,-1.43225,-6.30188,NONE,999.9,0,0
38.8763,22.2989,2.12292,-2.5604,4.4,-1.43225,-6.30188,NONE,999.9,0,0
38.8803,22.2634,2.09696,-2.57492,4.4,-1.4869,-6.54235,NONE,999.9,0,0
38.884,22.2634,2.09696,-2.57492,4.4,-1.4869,-6.54235,NONE,999.9,0,0
38.8889,22.2274,2.07155,-2.59008,4.4,-1.52566,-6.71291,NONE,999.9,0,0
38.8921,22.2274,2.07155,-2.59008,4.4,-1.52566,-6.71291,NONE,999.9,0,0
38.8963,22.2274,2.07155,-2.59008,4.4,-1.52566,-6.71291,NONE,999.9,0,0
38.9003,22.1911,2.0467,-2.60543,4.4,-1.55943,-6.86148,NONE,999.9,0,0
38.9038,22.1911,2.0467,-2.60543,4.4,-1.55943,-6.86148,NONE,999.9,0,0
38.9092,22.1544,2.02242,-2.62122,4.4,-1.58172,-6.95957,NONE,999.9,0,0
38.9123,22.1544,2.02242,-2.62122,4.4,-1.58172,-6.95957,NONE,999.9,0,0
38.9162,22.1544,2.02242,-2.62122,4.4,-1.58172,-6.95957,NONE,999.9,0,0
38.921,22.1174,1.99869,-2.63706,4.4,-1.60254,-7.05116,NONE,999.9,0,0
38.9241,22.1174,1.99869,-2.63706,4.4,-1.60254,-7.05116,NONE,999.9,0,0
38.9289,22.0799,1.97556,-2.65324,4.4,-1.61467,-7.10456,NONE,999.9,0,0
38.9319,22.0799,1.97556,-2.65324,4.4,-1.61467,-7.10456,NONE,999.9,0,0
38.9361,22.0799,1.97556,-2.65324,4.4,-1.61467,-7.10456,NONE,999.9,0,0
38.9401,22.0422,1.95298,-2.66905,4.4,-1.53385,-6.74892,NONE,999.9,0,0
38.9457,22.0422,1.95298,-2.66905,4.4,-1.53385,-6.74892,NONE,999.9,0,0
38.9494,22.0041,1.9309,-2.68367,4.4,-1.38081,-6.07557,NONE,999.9,0,0
38.9521,22.0041,1.9309,-2.68367,4.4,-1.38081,-6.07557,NONE,999.9,0,0
38.9563,22.0041,1.9309,-2.68367,4.4,-1.38081,-6.07557,NONE,999.9,0,0
38.96,21.9658,1.90927,-2.6968,4.4,-1.26564,-5.56883,NONE,999.9,0,0
38.964,21.9658,1.90927,-2.6968,4.4,-1.26564,-5.56883,NONE,999.9,0,0
38.9691,21.9272,1.88814,-2.70905,4.4,-1.1728,-5.16032,NONE,999.9,0,0
38.9718,21.9272,1.88814,-2.70905,4.4,-1.1728,-5.16032,NONE,999.9,0,0
38.9764,21.9272,1.88814,-2.70905,4.4,-1.1728,-5.16032,NONE,999.9,0,0
38.9801,21.8884,1.86747,-2.72034,4.4,-1.10506,-4.86227,NONE,999.9,0,0
38.9846,21.8884,1.86747,-2.72034,4.4,-1.10506,-4.86227,NONE,999.9,0,0
38.9893,21.8493,1.84729,-2.73119,4.4,-1.04949,-4.61776,NONE,999.9,0,0
38.992,21.8493,1.84729,-2.73119,4.4,-1.04949,-4.61776,NONE,999.9,0,0
38.9965,21.8493,1.84729,-2.73119,4.4,-1.04949,-4.61776,NONE,999.9,0,0
39.0002,21.8099,1.82757,-2.7414,4.4,-1.01096,-4.44823,NONE,999.9,0,0
39.0039,21.8099,1.82757,-2.7414,4.4,-1.01096,-4.44823,NONE,999.9,0,0
39.0096,21.7704,1.80833,-2.75142,4.4,-0.978206,-4.30411,NONE,999.9,0,0
39.0121,21.7704,1.80833,-2.75142,4.4,-0.978206,-4.30411,NONE,999.9,0,0
39.0163,21.7704,1.80833,-2.75142,4.4,-0.978206,-4.30411,NONE,999.9,0,0
39.0205,21.7306,1.78954,-2.76101,4.4,-0.95743,-4.21269,NONE,999.9,0,0
39.0243,21.7306,1.78954,-2.76101,4.4,-0.95743,-4.21269,NONE,999.9,0,0
39.0288,21.6906,1.77121,-2.77057,4.4,-0.938435,-4.12911,NONE,999.9,0,0
39.0319,21.6906,1.77121,-2.77057,4.4,-0.938435,-4.12911,NONE,999.9,0,0
39.0362,21.6906,1.77121,-2.77057,4.4,-0.938435,-4.12911,NONE,999.9,0,0
39.0405,21.6504,1.75333,-2.77981,4.4,-0.928272,-4.0844,NONE,999.9,0,0
39.0445,21.6504,1.75333,-2.77981,4.4,-0.928272,-4.0844,NONE,999.9,0,0
39.049,21.61,1.73589,-2.78912,4.4,-0.917419,-4.03665,NONE,999.9,0,0
39.0542,21.61,1.73589,-2.78912,4.4,-0.917419,-4.03665,NONE,999.9,0,0
39.0565,21.61,1.73589,-2.78912,4.4,-0.917419,-4.03665,NONE,999.9,0,0
39.0603,21.5694,1.71888,-2.79819,4.4,-0.913463,-4.01924,NONE,999.9,0,0
39.0642,21.5694,1.71888,-2.79819,4.4,-0.913463,-4.01924,NONE,999.9,0,0
39.0691,21.5286,1.70231,-2.80738,4.4,-0.907305,-3.99214,NONE,999.9,0,0
39.0733,21.5286,1.70231,-2.80738,4.4,-0.907305,-3.99214,NONE,999.9,0,0
39.0764,21.5286,1.70231,-2.80738,4.4,-0.907305,-3.99214,NONE,999.9,0,0
39.0806,21.4877,1.68616,-2.81636,4.4,-0.906869,-3.99022,NONE,999.9,0,0
39.0848,21.4877,1.68616,-2.81636,4.4,-0.906869,-3.99022,NONE,999.9,0,0
39.089,21.4466,1.67044,-2.8255,4.4,-0.903321,-3.97461,NONE,999.9,0,0
39.0922,21.4466,1.67044,-2.8255,4.4,-0.903321,-3.97461,NONE,999.9,0,0
39.0961,21.4466,1.67044,-2.8255,4.4,-0.903321,-3.97461,NONE,999.9,0,0
39.1003,21.4054,1.65512,-2.83445,4.4,-0.904793,-3.98109,NONE,999.9,0,0
39.1042,21.4054,1.65512,-2.83445,4.4,-0.904793,-3.98109,NONE,999.9,0,0
39.1103,21.364,1.64023,-2.84357,4.4,-0.902616,-3.97151,NONE,999.9,0,0
39.1138,21.364,1.64023,-2.84357,4.4,-0.902616,-3.97151,NONE,999.9,0,0
39.1165,21.364,1.64023,-2.84357,4.4,-0.902616,-3.97151,NONE,999.9,0,0
39.1202,21.3224,1.62572,-2.85221,4.4,-0.811347,-3.56993,NONE,999.9,0,0
39.1241,21.3224,1.62572,-2.85221,4.4,-0.811347,-3.56993,NONE,999.9,0,0
39.1292,21.2808,1.61152,-2.85989,4.4,-0.744539,-3.27597,NONE,999.9,0,0
39.1318,21.2808,1.61152,-2.85989,4.4,-0.744539,-3.27597,NONE,999.9,0,0
39.1361,21.2808,1.61152,-2.85989,4.4,-0.744539,-3.27597,NONE,999.9,0,0
39.14,21.239,1.59768,-2.86713,4.4,-0.689433,-3.0335,NONE,999.9,0,0
39.1448,21.239,1.59768,-2.86713,4.4,-0.689433,-3.0335,NONE,999.9,0,0
39.1511,21.1972,1.58415,-2.87374,4.4,-0.65103,-2.86453,NONE,999.9,0,0
39.1531,21.1972,1.58415,-2.87374,4.4,-0.65103,-2.86453,NONE,999.9,0,0
39.1562,21.1972,1.58415,-2.87374,4.4,-0.65103,-2.86453,NONE,999.9,0,0
39.16,21.1552,1.57097,-2.88016,4.4,-0.618169,-2.71994,NONE,999.9,0,0
39.1641,21.1552,1.57097,-2.88016,4.4,-0.618169,-2.71994,NONE,999.9,0,0
39.1691,21.1131,1.55809,-2.88615,4.4,-0.59713,-2.62737,NONE,999.9,0,0
39.172,21.1131,1.55809,-2.88615,4.4,-0.59713,-2.62737,NONE,999.9,0,0
39.1767,21.1131,1.55809,-2.88615,4.4,-0.59713,-2.62737,NONE,999.9,0,0
39.1811,21.0709,1.54553,-2.89211,4.4,-0.577771,-2.54219,NONE,999.9,0,0
39.1843,21.0709,1.54553,-2.89211,4.4,-0.577771,-2.54219,NONE,999.9,0,0
39.1888,21.0287,1.53327,-2.89774,4.4,-0.567187,-2.49562,NONE,999.9,0,0
39.1919,21.0287,1.53327,-2.89774,4.4,-0.567187,-2.49562,NONE,999.9,0,0
39.1959,21.0287,1.53327,-2.89774,4.4,-0.567187,-2.49562,NONE,999.9,0,0
39.2001,20.9863,1.52132,-2.90344,4.4,-0.555885,-2.44589,NONE,999.9,0,0
39.2049,20.9863,1.52132,-2.90344,4.4,-0.555885,-2.44589,NONE,999.9,0,0
39.2098,20.9439,1.50965,-2.90889,4.4,-0.551474,-2.42648,NONE,999.9,0,0
39.2123,20.9439,1.50965,-2.90889,4.4,-0.551474,-2.42648,NONE,999.9,0,0
39.2162,20.9439,1.50965,-2.90889,4.4,-0.551474,-2.42648,NONE,999.9,0,0
39.2201,20.9014,1.49828,-2.91445,4.4,-0.544871,-2.39743,NONE,999.9,0,0
39.224,20.9014,1.49828,-2.91445,4.4,-0.544871,-2.39743,NONE,999.9,0,0
39.2288,20.8588,1.48718,-2.91981,4.4,-0.544008,-2.39364,NONE,999.9,0,0
39.2319,20.8588,1.48718,-2.91981,4.4,-0.544008,-2.39364,NONE,999.9,0,0
39.2361,20.8588,1.48718,-2.91981,4.4,-0.544008,-2.39364,NONE,999.9,0,0
39.2406,20.8162,1.47636,-2.92532,4.4,-0.540061,-2.37627,NONE,999.9,0,0
39.2446,20.8162,1.47636,-2.92532,4.4,-0.540061,-2.37627,NONE,999.9,0,0
39.2492,20.7735,1.46581,-2.93064,4.4,-0.541162,-2.38111,NONE,999.9,0,0
39.2527,20.7735,1.46581,-2.93064,4.4,-0.541162,-2.38111,NONE,999.9,0,0
39.2559,20.7735,1.46581,-2.93064,4.4,-0.541162,-2.38111,NONE,999.9,0,0
39.2601,20.7307,1.45553,-2.93612,4.4,-0.538646,-2.37004,NONE,999.9,0,0
39.2644,20.7307,1.45553,-2.93612,4.4,-0.538646,-2.37004,NONE,999.9,0,0
39.2696,20.6878,1.44551,-2.94143,4.4,-0.540772,-2.3794,NONE,999.9,0,0
39.2722,20.6878,1.44551,-2.94143,4.4,-0.540772,-2.3794,NONE,999.9,0,0
39.2768,20.6878,1.44551,-2.94143,4.4,-0.540772,-2.3794,NONE,999.9,0,0
39.2804,20.6449,1.43576,-2.94692,4.4,-0.53897,-2.37147,NONE,999.9,0,0
39.2839,20.6449,1.43576,-2.94692,4.4,-0.53897,-2.37147,NONE,999.9,0,0
39.2896,20.602,1.42625,-2.95223,4.4,-0.541577,-2.38294,NONE,999.9,0,0
39.2923,20.602,1.42625,-2.95223,4.4,-0.541577,-2.38294,NONE,999.9,0,0
39.2961,20.602,1.42625,-2.95223,4.4,-0.541577,-2.38294,NONE,999.9,0,0
39.3001,20.5589,1.41702,-2.95773,4.4,-0.540082,-2.37636,NONE,999.9,0,0
39.3049,20.5589,1.41702,-2.95773,4.4,-0.540082,-2.37636,NONE,999.9,0,0
39.3104,20.5159,1.40802,-2.96306,4.4,-0.542866,-2.38861,NONE,999.9,0,0
39.3128,20.5159,1.40802,-2.96306,4.4,-0.542866,-2.38861,NONE,999.9,0,0
39.316,20.5159,1.40802,-2.96306,4.4,-0.542866,-2.38861,NONE,999.9,0,0
39.3201,20.4727,1.39928,-2.96856,4.4,-0.541455,-2.3824,NONE,999.9,0,0
39.3239,20.4727,1.39928,-2.96856,4.4,-0.541455,-2.3824,NONE,999.9,0,0
39.329,20.4296,1.39078,-2.97391,4.4,-0.544257,-2.39473,NONE,999.9,0,0
39.3322,20.4296,1.39078,-2.97391,4.4,-0.544257,-2.39473,NONE,999.9,0,0
39.3364,20.4296,1.39078,-2.97391,4.4,-0.544257,-2.39473,NONE,999.9,0,0
39.3403,20.3864,1.38255,-2.97943,4.4,-0.542816,-2.38839,NONE,999.9,0,0
39.3444,20.3864,1.38255,-2.97943,4.4,-0.542816,-2.38839,NONE,999.9,0,0
39.3501,20.3431,1.37454,-2.98478,4.4,-0.545558,-2.40046,NONE,999.9,0,0
39.3519,20.3431,1.37454,-2.98478,4.4,-0.545558,-2.40046,NONE,999.9,0,0
39.3559,20.3431,1.37454,-2.98478,4.4,-0.545558,-2.40046,NONE,999.9,0,0
39.3602,20.2998,1.3668,-2.99032,4.4,-0.544038,-2.39377,NONE,999.9,0,0
39.3639,20.2998,1.3668,-2.99032,4.4,-0.544038,-2.39377,NONE,999.9,0,0
39.3693,20.2564,1.35928,-2.99569,4.4,-0.54669,-2.40543,NONE,999.9,0,0
39.3724,20.2564,1.35928,-2.99569,4.4,-0.54669,-2.40543,NONE,999.9,0,0
39.3763,20.2564,1.35928,-2.99569,4.4,-0.54669,-2.40543,NONE,999.9,0,0
39.3801,20.213,1.35203,-3.00123,4.4,-0.545075,-2.39833,NONE,999.9,0,0
39.3842,20.213,1.35203,-3.00123,4.4,-0.545075,-2.39833,NONE,999.9,0,0
39.3886,20.1696,1.345,-3.00661,4.4,-0.54763,-2.40957,NONE,999.9,0,0
39.3922,20.1696,1.345,-3.00661,4.4,-0.54763,-2.40957,NONE,999.9,0,0
39.3963,20.1696,1.345,-3.00661,4.4,-0.54763,-2.40957,NONE,999.9,0,0
39.4004,20.1261,1.33823,-3.01216,4.4,-0.545922,-2.40206,NONE,999.9,0,0
39.4045,20.1261,1.33823,-3.01216,4.4,-0.545922,-2.40206,NONE,999.9,0,0
39.4095,20.0826,1.33169,-3.01755,4.4,-0.548388,-2.41291,NONE,999.9,0,0
39.4123,20.0826,1.33169,-3.01755,4.4,-0.548388,-2.41291,NONE,999.9,0,0
39.4159,20.0826,1.33169,-3.01755,4.4,-0.548388,-2.41291,NONE,999.9,0,0
39.4199,20.0391,1.32541,-3.02311,4.4,-0.546596,-2.40502,NONE,999.9,0,0
39.4239,20.0391,1.32541,-3.02311,4.4,-0.546596,-2.40502,NONE,999.9,0,0
39.429,19.9955,1.31935,-3.0285,4.4,-0.548985,-2.41554,NONE,999.9,0,0
39.4328,19.9955,1.31935,-3.0285,4.4,-0.548985,-2.41554,NONE,999.9,0,0
39.4362,19.9955,1.31935,-3.0285,4.4,-0.548985,-2.41554,NONE,999.9,0,0
39.4401,19.9519,1.31355,-3.03407,4.4,-0.547123,-2.40734,NONE,999.9,0,0
39.4449,19.9519,1.31355,-3.03407,4.4,-0.547123,-2.40734,NONE,999.9,0,0
39.4488,19.9082,1.30798,-3.03946,4.4,-0.549448,-2.41757,NONE,999.9,0,0
39.4522,19.9082,1.30798,-3.03946,4.4,-0.549448,-2.41757,NONE,999.9,0,0
39.4559,19.9082,1.30798,-3.03946,4.4,-0.549448,-2.41757,NONE,999.9,0,0
39.4603,19.8645,1.30266,-3.04503,4.4,-0.547529,-2.40913,NONE,999.9,0,0
39.4642,19.8645,1.30266,-3.04503,4.4,-0.547529,-2.40913,NONE,999.9,0,0
39.4691,19.8208,1.29757,-3.05044,4.4,-0.549803,-2.41913,NONE,999.9,0,0
39.4721,19.8208,1.29757,-3.05044,4.4,-0.549803,-2.41913,NONE,999.9,0,0
39.4763,19.8208,1.29757,-3.05044,4.4,-0.549803,-2.41913,NONE,999.9,0,0
39.4802,19.7771,1.29274,-3.05601,4.4,-0.547837,-2.41048,NONE,999.9,0,0
39.484,19.7771,1.29274,-3.05601,4.4,-0.547837,-2.41048,NONE,999.9,0,0
39.4898,19.7333,1.28813,-3.06141,4.4,-0.550071,-2.42031,NONE,999.9,0,0
39.4919,19.7333,1.28813,-3.06141,4.4,-0.550071,-2.42031,NONE,999.9,0,0
39.4964,19.7333,1.28813,-3.06141,4.4,-0.550071,-2.42031,NONE,999.9,0,0
39.5008,19.6896,1.28378,-3.06699,4.4,-0.54807,-2.41151,NONE,999.9,0,0
39.504,19.6896,1.28378,-3.06699,4.4,-0.54807,-2.41151,NONE,999.9,0,0
39.5094,19.6457,1.27966,-3.0724,4.4,-0.550272,-2.4212,NONE,999.9,0,0
39.5121,19.6457,1.27966,-3.0724,4.4,-0.550272,-2.4212,NONE,999.9,0,0
39.5162,19.6457,1.27966,-3.0724,4.4,-0.550272,-2.4212,NONE,999.9,0,0
39.5201,19.6019,1.27579,-3.07797,4.4,-0.548244,-2.41227,NONE,999.9,0,0
39.524,19.6019,1.27579,-3.07797,4.4,-0.548244,-2.41227,NONE,999.9,0,0
39.529,19.5581,1.27215,-3.08338,4.4,-0.550422,-2.42186,NONE,999.9,0,0
39.5324,19.5581,1.27215,-3.08338,4.4,-0.550422,-2.42186,NONE,999.9,0,0
39.5363,19.5581,1.27215,-3.08338,4.4,-0.550422,-2.42186,NONE,999.9,0,0
39.5402,19.5142,1.26876,-3.08896,4.4,-0.548373,-2.41284,NONE,999.9,0,0
39.5445,19.5142,1.26876,-3.08896,4.4,-0.548373,-2.41284,NONE,999.9,0,0
39.5487,19.4703,1.26558,-3.09405,4.4,-0.456831,-2.01005,NONE,999.9,0,0
39.5519,19.4703,1.26558,-3.09405,4.4,-0.456831,-2.01005,NONE,999.9,0,0
39.5559,19.4703,1.26558,-3.09405,4.4,-0.456831,-2.01005,NONE,999.9,0,0
39.5602,19.4264,1.26255,-3.09819,4.4,-0.389482,-1.71372,NONE,999.9,0,0
39.5647,19.4264,1.26255,-3.09819,4.4,-0.389482,-1.71372,NONE,999.9,0,0
39.5688,19.3825,1.2597,-3.10187,4.4,-0.333668,-1.46814,NONE,999.9,0,0
39.5719,19.3825,1.2597,-3.10187,4.4,-0.333668,-1.46814,NONE,999.9,0,0
39.5764,19.3825,1.2597,-3.10187,4.4,-0.333668,-1.46814,NONE,999.9,0,0
39.5802,19.3386,1.25701,-3.10492,4.4,-0.294463,-1.29564,NONE,999.9,0,0
39.5842,19.3386,1.25701,-3.10492,4.4,-0.294463,-1.29564,NONE,999.9,0,0
39.5887,19.2947,1.25449,-3.10777,4.4,-0.260759,-1.14734,NONE,999.9,0,0
39.5923,19.2947,1.25449,-3.10777,4.4,-0.260759,-1.14734,NONE,999.9,0,0
39.5969,19.2947,1.25449,-3.10777,4.4,-0.260759,-1.14734,NONE,999.9,0,0
39.6009,19.2507,1.25211,-3.11018,4.4,-0.238873,-1.05104,NONE,999.9,0,0
39.604,19.2507,1.25211,-3.11018,4.4,-0.238873,-1.05104,NONE,999.9,0,0
39.6089,19.2068,1.2499,-3.11255,4.4,-0.218691,-0.962241,NONE,999.9,0,0
39.6121,19.2068,1.2499,-3.11255,4.4,-0.218691,-0.962241,NONE,999.9,0,0
39.6163,19.2068,1.2499,-3.11255,4.4,-0.218691,-0.962241,NONE,999.9,0,0
39.6212,19.1628,1.24782,-3.11459,4.4,-0.207323,-0.91222,NONE,999.9,0,0
39.6246,19.1628,1.24782,-3.11459,4.4,-0.207323,-0.91222,NONE,999.9,0,0
39.6292,19.1189,1.2459,-3.11669,4.4,-0.195287,-0.859261,NONE,999.9,0,0
39.632,19.1189,1.2459,-3.11669,4.4,-0.195287,-0.859261,NONE,999.9,0,0
39.636,19.1189,1.2459,-3.11669,4.4,-0.195287,-0.859261,NONE,999.9,0,0
39.6401,19.0749,1.24409,-3.11853,4.4,-0.190198,-0.83687,NONE,999.9,0,0
39.6448,19.0749,1.24409,-3.11853,4.4,-0.190198,-0.83687,NONE,999.9,0,0
39.6488,19.0309,1.24243,-3.12048,4.4,-0.182975,-0.805091,NONE,999.9,0,0
39.6522,19.0309,1.24243,-3.12048,4.4,-0.182975,-0.805091,NONE,999.9,0,0
39.6578,19.0309,1.24243,-3.12048,4.4,-0.182975,-0.805091,NONE,999.9,0,0
39.6621,18.987,1.24088,-3.12221,4.4,-0.181552,-0.798828,NONE,999.9,0,0
39.664,18.987,1.24088,-3.12221,4.4,-0.181552,-0.798828,NONE,999.9,0,0
39.6693,18.943,1.23946,-3.12409,4.4,-0.1771,-0.779238,NONE,999.9,0,0
39.6723,18.943,1.23946,-3.12409,4.4,-0.1771,-0.779238,NONE,999.9,0,0
39.6764,18.943,1.23946,-3.12409,4.4,-0.1771,-0.779238,NONE,999.9,0,0
39.6803,18.899,1.23813,-3.12578,4.4,-0.17775,-0.782102,NONE,999.9,0,0
39.6841,18.899,1.23813,-3.12578,4.4,-0.17775,-0.782102,NONE,999.9,0,0
39.6901,18.855,1.23694,-3.12763,4.4,-0.174833,-0.769267,NONE,999.9,0,0
39.6926,18.855,1.23694,-3.12763,4.4,-0.174833,-0.769267,NONE,999.9,0,0
39.6962,18.855,1.23694,-3.12763,4.4,-0.174833,-0.769267,NONE,999.9,0,0
39.7001,18.811,1.23583,-3.1293,4.4,-0.176605,-0.777061,NONE,999.9,0,0
39.7045,18.811,1.23583,-3.1293,4.4,-0.176605,-0.777061,NONE,999.9,0,0
39.7093,18.7671,1.23484,-3.13114,4.4,-0.174491,-0.767758,NONE,999.9,0,0
39.7123,18.7671,1.23484,-3.13114,4.4,-0.174491,-0.767758,NONE,999.9,0,0
39.7162,18.7671,1.23484,-3.13114,4.4,-0.174491,-0.767758,NONE,999.9,0,0
39.7203,18.7231,1.23394,-3.13281,4.4,-0.176823,-0.77802,NONE,999.9,0,0
39.7241,18.7231,1.23394,-3.13281,4.4,-0.176823,-0.77802,NONE,999.9,0,0
39.7286,18.6791,1.23315,-3.13466,4.4,-0.175087,-0.770384,NONE,999.9,0,0
39.732,18.6791,1.23315,-3.13466,4.4,-0.175087,-0.770384,NONE,999.9,0,0
39.7367,18.6791,1.23315,-3.13466,4.4,-0.175087,-0.770384,NONE,999.9,0,0
39.7401,18.6351,1.23244,-3.13633,4.4,-0.177662,-0.781712,NONE,999.9,0,0
39.7442,18.6351,1.23244,-3.13633,4.4,-0.177662,-0.781712,NONE,999.9,0,0
39.7496,18.5911,1.23184,-3.13819,4.4,-0.176068,-0.774699,NONE,999.9,0,0
39.7521,18.5911,1.23184,-3.13819,4.4,-0.176068,-0.774699,NONE,999.9,0,0
39.7564,18.5911,1.23184,-3.13819,4.4,-0.176068,-0.774699,NONE,999.9,0,0
39.76,18.5471,1.23132,-3.13988,4.4,-0.178711,-0.786328,NONE,999.9,0,0
39.7639,18.5471,1.23132,-3.13988,4.4,-0.178711,-0.786328,NONE,999.9,0,0
39.7687,18.5031,1.2309,3.14144,4.4,-0.177133,-0.779386,NONE,999.9,0,0
39.7718,18.5031,1.2309,3.14144,4.4,-0.177133,-0.779386,NONE,999.9,0,0
39.7763,18.5031,1.2309,3.14144,4.4,-0.177133,-0.779386,NONE,999.9,0,0
39.7801,18.4591,1.23055,3.13974,4.4,-0.179756,-0.790926,NONE,999.9,0,0
39.7843,18.4591,1.23055,3.13974,4.4,-0.179756,-0.790926,NONE,999.9,0,0
39.7893,18.4151,1.23031,3.13787,4.4,-0.178134,-0.783788,NONE,999.9,0,0
39.792,18.4151,1.23031,3.13787,4.4,-0.178134,-0.783788,NONE,999.9,0,0
39.7963,18.4151,1.23031,3.13787,4.4,-0.178134,-0.783788,NONE,999.9,0,0
39.8002,18.3711,1.23014,3.13616,4.4,-0.180696,-0.795064,NONE,999.9,0,0
39.804,18.3711,1.23014,3.13616,4.4,-0.180696,-0.795064,NONE,999.9,0,0
39.8096,18.3271,1.23007,3.13428,4.4,-0.179005,-0.787622,NONE,999.9,0,0
39.8121,18.3271,1.23007,3.13428,4.4,-0.179005,-0.787622,NONE,999.9,0,0
39.8167,18.3271,1.23007,3.13428,4.4,-0.179005,-0.787622,NONE,999.9,0,0
39.8204,18.2831,1.23007,3.13256,4.4,-0.181495,-0.798578,NONE,999.9,0,0
39.8241,18.2831,1.23007,3.13256,4.4,-0.181495,-0.798578,NONE,999.9,0,0
39.8292,18.2391,1.23016,3.13067,4.4,-0.17973,-0.790813,NONE,999.9,0,0
39.8319,18.2391,1.23016,3.13067,4.4,-0.17973,-0.790813,NONE,999.9,0,0
39.8359,18.2391,1.23016,3.13067,4.4,-0.17973,-0.790813,NONE,999.9,0,0
39.8404,18.1951,1.23033,3.12894,4.4,-0.182148,-0.801452,NONE,999.9,0,0
39.8443,18.1951,1.23033,3.12894,4.4,-0.182148,-0.801452,NONE,999.9,0,0
39.8495,18.1511,1.2306,3.12705,4.4,-0.180315,-0.793386,NONE,999.9,0,0
39.8521,18.1511,1.2306,3.12705,4.4,-0.180315,-0.793386,NONE,999.9,0,0
39.8559,18.1511,1.2306,3.12705,4.4,-0.180315,-0.793386,NONE,999.9,0,0
39.8601,18.1071,1.23091,3.12564,4.4,-0.0889663,-0.391452,NONE,999.9,0,0
39.8641,18.1071,1.23091,3.12564,4.4,-0.0889663,-0.391452,NONE,999.9,0,0
39.8691,18.0631,1.23121,3.12518,4.4,-0.0217902,-0.0958769,NONE,999.9,0,0
39.872,18.0631,1.23121,3.12518,4.4,-0.0217902,-0.0958769,NONE,999.9,0,0
39.8766,18.0631,1.23121,3.12518,4.4,-0.0217902,-0.0958769,NONE,999.9,0,0
39.8806,18.0191,1.23153,3.12517,4.4,0.033871,0.149032,NONE,999.9,0,0
39.8846,18.0191,1.23153,3.12517,4.4,0.033871,0.149032,NONE,999.9,0,0
39.8893,17.9751,1.23185,3.1258,4.4,0.0729411,0.320941,NONE,999.9,0,0
39.8935,17.9751,1.23185,3.1258,4.4,0.0729411,0.320941,NONE,999.9,0,0
39.896,17.9751,1.23185,3.1258,4.4,0.0729411,0.320941,NONE,999.9,0,0
39.9004,17.9311,1.23219,3.12662,4.4,0.106526,0.468716,NONE,999.9,0,0
39.9045,17.9311,1.23219,3.12662,4.4,0.106526,0.468716,NONE,999.9,0,0
39.9096,17.8871,1.2325,3.12788,4.4,0.128308,0.564557,NONE,999.9,0,0
39.9127,17.8871,1.2325,3.12788,4.4,0.128308,0.564557,NONE,999.9,0,0
39.9163,17.8871,1.2325,3.12788,4.4,0.128308,0.564557,NONE,999.9,0,0
39.9201,17.8431,1.23283,3.12918,4.4,0.1484,0.652959,NONE,999.9,0,0
39.924,17.8431,1.23283,3.12918,4.4,0.1484,0.652959,NONE,999.9,0,0
39.9287,17.7991,1.23312,3.13081,4.4,0.159689,0.702632,NONE,999.9,0,0
39.9319,17.7991,1.23312,3.13081,4.4,0.159689,0.702632,NONE,999.9,0,0
39.936,17.7991,1.23312,3.13081,4.4,0.159689,0.702632,NONE,999.9,0,0
39.9403,17.7551,1.23341,3.13239,4.4,0.171656,0.755288,NONE,999.9,0,0
39.9451,17.7551,1.23341,3.13239,4.4,0.171656,0.755288,NONE,999.9,0,0
39.9496,17.7111,1.23365,3.13422,4.4,0.176686,0.777417,NONE,999.9,0,0
39.9523,17.7111,1.23365,3.13422,4.4,0.176686,0.777417,NONE,999.9,0,0
39.956,17.7111,1.23365,3.13422,4.4,0.176686,0.777417,NONE,999.9,0,0
39.96,17.6671,1.23388,3.13593,4.4,0.183856,0.808968,NONE,999.9,0,0
39.9644,17.6671,1.23388,3.13593,4.4,0.183856,0.808968,NONE,999.9,0,0
39.9689,17.6231,1.23406,3.13787,4.4,0.185235,0.815034,NONE,999.9,0,0
39.9719,17.6231,1.23406,3.13787,4.4,0.185235,0.815034,NONE,999.9,0,0
39.9765,17.6231,1.23406,3.13787,4.4,0.185235,0.815034,NONE,999.9,0,0
39.9806,17.5791,1.23421,3.13966,4.4,0.189649,0.834455,NONE,999.9,0,0
39.984,17.5791,1.23421,3.13966,4.4,0.189649,0.834455,NONE,999.9,0,0
39.9891,17.5351,1.23429,-3.14155,4.4,0.188965,0.831445,NONE,999.9,0,0
39.9919,17.5351,1.23429,-3.14155,4.4,0.188965,0.831445,NONE,999.9,0,0
39.9962,17.5351,1.23429,-3.14155,4.4,0.188965,0.831445,NONE,999.9,0,0
40.0003,17.4911,1.23434,-3.13973,4.4,0.191853,0.844154,NONE,999.9,0,0
40.0046,17.4911,1.23434,-3.13973,4.4,0.191853,0.844154,NONE,999.9,0,0
40.0098,17.4471,1.23432,-3.13774,4.4,0.190057,0.836253,NONE,999.9,0,0
40.0123,17.4471,1.23432,-3.13774,4.4,0.190057,0.836253,NONE,999.9,0,0
40.0161,17.4471,1.23432,-3.13774,4.4,0.190057,0.836253,NONE,999.9,0,0
40.0201,17.4031,1.23426,-3.13591,4.4,0.192151,0.845463,NONE,999.9,0,0
40.024,17.4031,1.23426,-3.13591,4.4,0.192151,0.845463,NONE,999.9,0,0
40.0289,17.3591,1.23412,-3.13391,4.4,0.1898,0.835122,NONE,999.9,0,0
40.032,17.3591,1.23412,-3.13391,4.4,0.1898,0.835122,NONE,999.9,0,0
40.0359,17.3591,1.23412,-3.13391,4.4,0.1898,0.835122,NONE,999.9,0,0
40.0403,17.3151,1.23396,-3.13241,4.4,0.097818,0.430399,NONE,999.9,0,0
40.0453,17.3151,1.23396,-3.13241,4.4,0.097818,0.430399,NONE,999.9,0,0
40.0493,17.2711,1.23382,-3.13187,4.4,0.0299466,0.131765,NONE,999.9,0,0
40.0519,17.2711,1.23382,-3.13187,4.4,0.0299466,0.131765,NONE,999.9,0,0
40.056,17.2711,1.23382,-3.13187,4.4,0.0299466,0.131765,NONE,999.9,0,0
40.0605,17.2271,1.23368,-3.13178,4.4,-0.0264315,-0.116299,NONE,999.9,0,0
40.064,17.2271,1.23368,-3.13178,4.4,-0.0264315,-0.116299,NONE,999.9,0,0
40.0689,17.1831,1.23355,-3.13234,4.4,-0.0662125,-0.291335,NONE,999.9,0,0
40.0723,17.1831,1.23355,-3.13234,4.4,-0.0662125,-0.291335,NONE,999.9,0,0
40.0768,17.1831,1.23355,-3.13234,4.4,-0.0662125,-0.291335,NONE,999.9,0,0
40.0804,17.1391,1.23342,-3.13309,4.4,-0.100483,-0.442127,NONE,999.9,0,0
40.084,17.1391,1.23342,-3.13309,4.4,-0.100483,-0.442127,NONE,999.9,0,0
40.0888,17.0951,1.23331,-3.1343,4.4,-0.122914,-0.54082,NONE,999.9,0,0
40.092,17.0951,1.23331,-3.1343,4.4,-0.122914,-0.54082,NONE,999.9,0,0
40.096,17.0951,1.23331,-3.1343,4.4,-0.122914,-0.54082,NONE,999.9,0,0
40.1003,17.0511,1.23321,-3.13555,4.4,-0.143609,-0.631879,NONE,999.9,0,0
40.1048,17.0511,1.23321,-3.13555,4.4,-0.143609,-0.631879,NONE,999.9,0,0
40.1101,17.0071,1.23314,-3.13714,4.4,-0.155453,-0.683994,NONE,999.9,0,0
40.1122,17.0071,1.23314,-3.13714,4.4,-0.155453,-0.683994,NONE,999.9,0,0
40.1163,17.0071,1.23314,-3.13714,4.4,-0.155453,-0.683994,NONE,999.9,0,0
40.1199,16.9631,1.23308,-3.13867,4.4,-0.167926,-0.738874,NONE,999.9,0,0
40.1239,16.9631,1.23308,-3.13867,4.4,-0.167926,-0.738874,NONE,999.9,0,0
40.1287,16.9191,1.23307,-3.14047,4.4,-0.173412,-0.763013,NONE,999.9,0,0
40.1319,16.9191,1.23307,-3.14047,4.4,-0.173412,-0.763013,NONE,999.9,0,0
40.1364,16.9191,1.23307,-3.14047,4.4,-0.173412,-0.763013,NONE,999.9,0,0
40.1404,16.8751,1.23308,3.14103,4.4,-0.180992,-0.796367,NONE,999.9,0,0
40.1444,16.8751,1.23308,3.14103,4.4,-0.180992,-0.796367,NONE,999.9,0,0
40.1497,16.8311,1.23315,3.13913,4.4,-0.182736,-0.80404,NONE,999.9,0,0
40.1523,16.8311,1.23315,3.13913,4.4,-0.182736,-0.80404,NONE,999.9,0,0
40.156,16.8311,1.23315,3.13913,4.4,-0.182736,-0.80404,NONE,999.9,0,0
40.1601,16.7871,1.23325,3.13736,4.4,-0.187474,-0.824888,NONE,999.9,0,0
40.164,16.7871,1.23325,3.13736,4.4,-0.187474,-0.824888,NONE,999.9,0,0
40.171,16.7431,1.23341,3.1354,4.4,-0.187077,-0.823139,NONE,999.9,0,0
40.1729,16.7431,1.23341,3.1354,4.4,-0.187077,-0.823139,NONE,999.9,0,0
40.1767,16.7431,1.23341,3.1354,4.4,-0.187077,-0.823139,NONE,999.9,0,0
40.1804,16.6991,1.2336,3.13376,4.4,-0.143366,-0.630811,NONE,999.9,0,0
40.1841,16.6991,1.2336,3.13376,4.4,-0.143366,-0.630811,NONE,999.9,0,0
40.1894,16.6551,1.2338,3.13266,4.4,-0.0622986,-0.274114,NONE,999.9,0,0
40.192,16.6551,1.2338,3.13266,4.4,-0.0622986,-0.274114,NONE,999.9,0,0
40.1963,16.6551,1.2338,3.13266,4.4,-0.0622986,-0.274114,NONE,999.9,0,0
40.2007,16.6111,1.23397,3.13243,4.4,-0.00296298,-0.0130371,NONE,999.9,0,0
40.2042,16.6111,1.23397,3.13243,4.4,-0.00296298,-0.0130371,NONE,999.9,0,0
40.2099,16.5671,1.23414,3.13258,4.4,0.0467632,0.205758,NONE,999.9,0,0
40.2135,16.5671,1.23414,3.13258,4.4,0.0467632,0.205758,NONE,999.9,0,0
40.2162,16.5671,1.23414,3.13258,4.4,0.0467632,0.205758,NONE,999.9,0,0
40.22,16.5231,1.23428,3.13331,4.4,0.0813808,0.358076,NONE,999.9,0,0
40.2239,16.5231,1.23428,3.13331,4.4,0.0813808,0.358076,NONE,999.9,0,0
40.2292,16.4791,1.23442,3.1342,4.4,0.111662,0.491312,NONE,999.9,0,0
40.2322,16.4791,1.23442,3.1342,4.4,0.111662,0.491312,NONE,999.9,0,0
40.2364,16.4791,1.23442,3.1342,4.4,0.111662,0.491312,NONE,999.9,0,0
40.2402,16.4351,1.23453,3.1355,4.4,0.131025,0.57651,NONE,999.9,0,0
40.2444,16.4351,1.23453,3.1355,4.4,0.131025,0.57651,NONE,999.9,0,0
40.2493,16.3911,1.23463,3.13682,4.4,0.149376,0.657256,NONE,999.9,0,0
40.2523,16.3911,1.23463,3.13682,4.4,0.149376,0.657256,NONE,999.9,0,0
40.2564,16.3911,1.23463,3.13682,4.4,0.149376,0.657256,NONE,999.9,0,0
40.2601,16.3471,1.23469,3.13845,4.4,0.159443,0.701548,NONE,999.9,0,0
40.2648,16.3471,1.23469,3.13845,4.4,0.159443,0.701548,NONE,999.9,0,0
40.2693,16.3031,1.23473,3.14002,4.4,0.170578,0.750542,NONE,999.9,0,0
40.2719,16.3031,1.23473,3.14002,4.4,0.170578,0.750542,NONE,999.9,0,0
40.2763,16.3031,1.23473,3.14002,4.4,0.170578,0.750542,NONE,999.9,0,0
40.2801,16.2591,1.23472,-3.14135,4.4,0.175067,0.770297,NONE,999.9,0,0
40.2838,16.2591,1.23472,-3.14135,4.4,0.175067,0.770297,NONE,999.9,0,0
40.2886,16.2151,1.23468,-3.13965,4.4,0.181916,0.800429,NONE,999.9,0,0
40.2919,16.2151,1.23468,-3.13965,4.4,0.181916,0.800429,NONE,999.9,0,0
40.2962,16.2151,1.23468,-3.13965,4.4,0.181916,0.800429,NONE,999.9,0,0
40.3004,16.1711,1.23458,-3.13774,4.4,0.18313,0.805771,NONE,999.9,0,0
40.3046,16.1711,1.23458,-3.13774,4.4,0.18313,0.805771,NONE,999.9,0,0
40.3091,16.1271,1.23448,-3.13628,4.4,0.09379,0.412676,NONE,999.9,0,0
40.312,16.1271,1.23448,-3.13628,4.4,0.09379,0.412676,NONE,999.9,0,0
40.3163,16.1271,1.23448,-3.13628,4.4,0.09379,0.412676,NONE,999.9,0,0
40.3199,16.0831,1.23441,-3.13578,4.4,0.0278509,0.122544,NONE,999.9,0,0
40.3242,16.0831,1.23441,-3.13578,4.4,0.0278509,0.122544,NONE,999.9,0,0
40.3298,16.0391,1.23434,-3.1357,4.4,-0.0271394,-0.119413,NONE,999.9,0,0
40.3328,16.0391,1.23434,-3.1357,4.4,-0.0271394,-0.119413,NONE,999.9,0,0
40.3361,16.0391,1.23434,-3.1357,4.4,-0.0271394,-0.119413,NONE,999.9,0,0
40.3405,15.9951,1.2343,-3.13626,4.4,-0.065947,-0.290167,NONE,999.9,0,0
40.3449,15.9951,1.2343,-3.13626,4.4,-0.065947,-0.290167,NONE,999.9,0,0
40.3489,15.9511,1.23427,-3.13701,4.4,-0.0995577,-0.438054,NONE,999.9,0,0
40.3521,15.9511,1.23427,-3.13701,4.4,-0.0995577,-0.438054,NONE,999.9,0,0
40.3564,15.9511,1.23427,-3.13701,4.4,-0.0995577,-0.438054,NONE,999.9,0,0
40.3602,15.9071,1.23427,-3.1382,4.4,-0.121562,-0.534873,NONE,999.9,0,0
40.3644,15.9071,1.23427,-3.1382,4.4,-0.121562,-0.534873,NONE,999.9,0,0
40.3692,15.8631,1.23429,-3.13944,4.4,-0.142004,-0.624819,NONE,999.9,0,0
40.3719,15.8631,1.23429,-3.13944,4.4,-0.142004,-0.624819,NONE,999.9,0,0
40.3765,15.8631,1.23429,-3.13944,4.4,-0.142004,-0.624819,NONE,999.9,0,0
40.3801,15.8191,1.23434,-3.14101,4.4,-0.153723,-0.67638,NONE,999.9,0,0
40.384,15.8191,1.23434,-3.14101,4.4,-0.153723,-0.67638,NONE,999.9,0,0
40.3887,15.7751,1.23441,3.14066,4.4,-0.16616,-0.731102,NONE,999.9,0,0
40.3922,15.7751,1.23441,3.14066,4.4,-0.16616,-0.731102,NONE,999.9,0,0
40.3962,15.7751,1.23441,3.14066,4.4,-0.16616,-0.731102,NONE,999.9,0,0
40.4004,15.7311,1.23453,3.13888,4.4,-0.171673,-0.755361,NONE,999.9,0,0
40.4041,15.7311,1.23453,3.13888,4.4,-0.171673,-0.755361,NONE,999.9,0,0
40.4098,15.6871,1.23468,3.13721,4.4,-0.179323,-0.789023,NONE,999.9,0,0
40.4123,15.6871,1.23468,3.13721,4.4,-0.179323,-0.789023,NONE,999.9,0,0
40.4164,15.6871,1.23468,3.13721,4.4,-0.179323,-0.789023,NONE,999.9,0,0
40.42,15.6431,1.23488,3.13532,4.4,-0.181164,-0.797124,NONE,999.9,0,0
40.4259,15.6431,1.23488,3.13532,4.4,-0.181164,-0.797124,NONE,999.9,0,0
40.4291,15.5991,1.23513,3.13357,4.4,-0.186015,-0.818467,NONE,999.9,0,0
40.4323,15.5991,1.23513,3.13357,4.4,-0.186015,-0.818467,NONE,999.9,0,0
40.4363,15.5991,1.23513,3.13357,4.4,-0.186015,-0.818467,NONE,999.9,0,0
40.4408,15.5551,1.23543,3.13163,4.4,-0.185738,-0.817248,NONE,999.9,0,0
40.4443,15.5551,1.23543,3.13163,4.4,-0.185738,-0.817248,NONE,999.9,0,0
40.4491,15.5111,1.23578,3.12984,4.4,-0.189001,-0.831603,NONE,999.9,0,0
40.4521,15.5111,1.23578,3.12984,4.4,-0.189001,-0.831603,NONE,999.9,0,0
40.4562,15.5111,1.23578,3.12984,4.4,-0.189001,-0.831603,NONE,999.9,0,0
40.4612,15.4671,1.23621,3.12787,4.4,-0.187546,-0.8252,NONE,999.9,0,0
40.464,15.4671,1.23621,3.12787,4.4,-0.187546,-0.8252,NONE,999.9,0,0
40.4691,15.4231,1.23665,3.12639,4.4,-0.0962438,-0.423473,NONE,999.9,0,0
40.4719,15.4231,1.23665,3.12639,4.4,-0.0962438,-0.423473,NONE,999.9,0,0
40.4767,15.4231,1.23665,3.12639,4.4,-0.0962438,-0.423473,NONE,999.9,0,0
40.4802,15.3791,1.23707,3.12586,4.4,-0.0288859,-0.127098,NONE,999.9,0,0
40.4841,15.3791,1.23707,3.12586,4.4,-0.0288859,-0.127098,NONE,999.9,0,0
40.4892,15.3351,1.23752,3.12546,4.4,-0.066594,-0.293013,NONE,999.9,0,0
40.4922,15.3351,1.23752,3.12546,4.4,-0.066594,-0.293013,NONE,999.9,0,0
40.4966,15.3351,1.23752,3.12546,4.4,-0.066594,-0.293013,NONE,999.9,0,0
40.501,15.2911,1.23805,3.12457,4.4,-0.0923797,-0.406471,NONE,999.9,0,0
40.5041,15.2911,1.23805,3.12457,4.4,-0.0923797,-0.406471,NONE,999.9,0,0
40.5096,15.2471,1.23864,3.12361,4.4,-0.116276,-0.511612,NONE,999.9,0,0
40.5127,15.2471,1.23864,3.12361,4.4,-0.116276,-0.511612,NONE,999.9,0,0
40.516,15.2471,1.23864,3.12361,4.4,-0.116276,-0.511612,NONE,999.9,0,0
40.5207,15.2031,1.2393,3.12229,4.4,-0.13112,-0.57693,NONE,999.9,0,0
40.5245,15.2031,1.2393,3.12229,4.4,-0.13112,-0.57693,NONE,999.9,0,0
40.5289,15.1591,1.24,3.12098,4.4,-0.146368,-0.644019,NONE,999.9,0,0
40.5321,15.1591,1.24,3.12098,4.4,-0.146368,-0.644019,NONE,999.9,0,0
40.5359,15.1591,1.24,3.12098,4.4,-0.146368,-0.644019,NONE,999.9,0,0
40.54,15.1151,1.24079,3.11939,4.4,-0.154392,-0.679326,NONE,999.9,0,0
40.5444,15.1151,1.24079,3.11939,4.4,-0.154392,-0.679326,NONE,999.9,0,0
40.5491,15.0712,1.24162,3.11788,4.4,-0.164274,-0.722806,NONE,999.9,0,0
40.5523,15.0712,1.24162,3.11788,4.4,-0.164274,-0.722806,NONE,999.9,0,0
40.5568,15.0712,1.24162,3.11788,4.4,-0.164274,-0.722806,NONE,999.9,0,0
40.5612,15.0272,1.24253,3.11613,4.4,-0.168089,-0.739592,NONE,999.9,0,0
40.5641,15.0272,1.24253,3.11613,4.4,-0.168089,-0.739592,NONE,999.9,0,0
40.5691,14.9832,1.24346,3.11482,4.4,-0.0809768,-0.356298,NONE,999.9,0,0
40.5719,14.9832,1.24346,3.11482,4.4,-0.0809768,-0.356298,NONE,999.9,0,0
40.5767,14.9832,1.24346,3.11482,4.4,-0.0809768,-0.356298,NONE,999.9,0,0
40.58,14.9392,1.24437,3.11443,4.4,-0.0169432,-0.0745501,NONE,999.9,0,0
40.5841,14.9392,1.24437,3.11443,4.4,-0.0169432,-0.0745501,NONE,999.9,0,0
40.5893,14.8952,1.24529,3.11445,4.4,0.0364186,0.160242,NONE,999.9,0,0
40.5919,14.8952,1.24529,3.11445,4.4,0.0364186,0.160242,NONE,999.9,0,0
40.5959,14.8952,1.24529,3.11445,4.4,0.0364186,0.160242,NONE,999.9,0,0
40.6,14.8512,1.24618,3.1151,4.4,0.0738356,0.324877,NONE,999.9,0,0
40.6041,14.8512,1.24618,3.1151,4.4,0.0738356,0.324877,NONE,999.9,0,0
40.61,14.8072,1.24708,3.11592,4.4,0.10626,0.467544,NONE,999.9,0,0
40.6131,14.8072,1.24708,3.11592,4.4,0.10626,0.467544,NONE,999.9,0,0
40.6161,14.8072,1.24708,3.11592,4.4,0.10626,0.467544,NONE,999.9,0,0
40.6203,14.7632,1.24796,3.11718,4.4,0.127253,0.559913,NONE,999.9,0,0
40.6241,14.7632,1.24796,3.11718,4.4,0.127253,0.559913,NONE,999.9,0,0
40.6288,14.7192,1.24883,3.11847,4.4,0.146834,0.646069,NONE,999.9,0,0
40.632,14.7192,1.24883,3.11847,4.4,0.146834,0.646069,NONE,999.9,0,0
40.636,14.7192,1.24883,3.11847,4.4,0.146834,0.646069,NONE,999.9,0,0
40.6402,14.6752,1.24966,3.12008,4.4,0.157819,0.694403,NONE,999.9,0,0
40.6443,14.6752,1.24966,3.12008,4.4,0.157819,0.694403,NONE,999.9,0,0
40.6492,14.6312,1.25048,3.12163,4.4,0.169632,0.746381,NONE,999.9,0,0
40.6523,14.6312,1.25048,3.12163,4.4,0.169632,0.746381,NONE,999.9,0,0
40.6561,14.6312,1.25048,3.12163,4.4,0.169632,0.746381,NONE,999.9,0,0
40.6602,14.5873,1.25125,3.12344,4.4,0.174615,0.768307,NONE,999.9,0,0
40.6642,14.5873,1.25125,3.12344,4.4,0.174615,0.768307,NONE,999.9,0,0
40.6688,14.5433,1.25202,3.12482,4.4,0.0881128,0.387696,NONE,999.9,0,0
40.6719,14.5433,1.25202,3.12482,4.4,0.0881128,0.387696,NONE,999.9,0,0
40.6763,14.5433,1.25202,3.12482,4.4,0.0881128,0.387696,NONE,999.9,0,0
40.6806,14.4993,1.25284,3.12529,4.4,0.024288,0.106867,NONE,999.9,0,0
40.6842,14.4993,1.25284,3.12529,4.4,0.024288,0.106867,NONE,999.9,0,0
40.6891,14.4553,1.25368,3.12534,4.4,-0.0291464,-0.128244,NONE,999.9,0,0
40.6918,14.4553,1.25368,3.12534,4.4,-0.0291464,-0.128244,NONE,999.9,0,0
40.696,14.4553,1.25368,3.12534,4.4,-0.0291464,-0.128244,NONE,999.9,0,0
40.7001,14.4113,1.25455,3.12476,4.4,-0.0668271,-0.294039,NONE,999.9,0,0
40.704,14.4113,1.25455,3.12476,4.4,-0.0668271,-0.294039,NONE,999.9,0,0
40.7094,14.3673,1.25543,3.12401,4.4,-0.0996384,-0.438409,NONE,999.9,0,0
40.7128,14.3673,1.25543,3.12401,4.4,-0.0996384,-0.438409,NONE,999.9,0,0
40.7171,14.3673,1.25543,3.12401,4.4,-0.0996384,-0.438409,NONE,999.9,0,0
40.7215,14.3233,1.25635,3.12281,4.4,-0.121092,-0.532804,NONE,999.9,0,0
40.7241,14.3233,1.25635,3.12281,4.4,-0.121092,-0.532804,NONE,999.9,0,0
40.7288,14.2793,1.25729,3.12158,4.4,-0.14117,-0.621147,NONE,999.9,0,0
40.732,14.2793,1.25729,3.12158,4.4,-0.14117,-0.621147,NONE,999.9,0,0
40.7362,14.2793,1.25729,3.12158,4.4,-0.14117,-0.621147,NONE,999.9,0,0
40.7401,14.2353,1.25828,3.12003,4.4,-0.152662,-0.671715,NONE,999.9,0,0
40.7447,14.2353,1.25828,3.12003,4.4,-0.152662,-0.671715,NONE,999.9,0,0
40.7493,14.1913,1.25929,3.11852,4.4,-0.164976,-0.725893,NONE,999.9,0,0
40.7519,14.1913,1.25929,3.11852,4.4,-0.164976,-0.725893,NONE,999.9,0,0
40.7565,14.1913,1.25929,3.11852,4.4,-0.164976,-0.725893,NONE,999.9,0,0
40.7604,14.1473,1.26035,3.11676,4.4,-0.170439,-0.749932,NONE,999.9,0,0
40.7645,14.1473,1.26035,3.11676,4.4,-0.170439,-0.749932,NONE,999.9,0,0
40.7687,14.1034,1.26144,3.1151,4.4,-0.178091,-0.783602,NONE,999.9,0,0
40.7722,14.1034,1.26144,3.1151,4.4,-0.178091,-0.783602,NONE,999.9,0,0
40.7767,14.1034,1.26144,3.1151,4.4,-0.178091,-0.783602,NONE,999.9,0,0
40.7802,14.0594,1.2626,3.11322,4.4,-0.17997,-0.791868,NONE,999.9,0,0
40.7844,14.0594,1.2626,3.11322,4.4,-0.17997,-0.791868,NONE,999.9,0,0
40.7891,14.0154,1.26376,3.1118,4.4,-0.0911792,-0.401189,NONE,999.9,0,0
40.792,14.0154,1.26376,3.1118,4.4,-0.0911792,-0.401189,NONE,999.9,0,0
40.7959,14.0154,1.26376,3.1118,4.4,-0.0911792,-0.401189,NONE,999.9,0,0
40.8002,13.9714,1.2649,3.11131,4.4,-0.0256936,-0.113052,NONE,999.9,0,0
40.804,13.9714,1.2649,3.11131,4.4,-0.0256936,-0.113052,NONE,999.9,0,0
40.8105,13.9274,1.26603,3.11126,4.4,0.028922,0.127257,NONE,999.9,0,0
40.8124,13.9274,1.26603,3.11126,4.4,0.028922,0.127257,NONE,999.9,0,0
40.8167,13.9274,1.26603,3.11126,4.4,0.028922,0.127257,NONE,999.9,0,0
40.8215,13.8834,1.26713,3.11183,4.4,0.06742,0.296648,NONE,999.9,0,0
40.824,13.8834,1.26713,3.11183,4.4,0.06742,0.296648,NONE,999.9,0,0
40.8291,13.8394,1.26823,3.11259,4.4,0.100775,0.443409,NONE,999.9,0,0
40.8319,13.8394,1.26823,3.11259,4.4,0.100775,0.443409,NONE,999.9,0,0
40.8363,13.8394,1.26823,3.11259,4.4,0.100775,0.443409,NONE,999.9,0,0
40.8403,13.7955,1.26929,3.1138,4.4,0.122568,0.539298,NONE,999.9,0,0
40.8445,13.7955,1.26929,3.1138,4.4,0.122568,0.539298,NONE,999.9,0,0
40.8489,13.7515,1.27035,3.11505,4.4,0.142836,0.628477,NONE,999.9,0,0
40.8519,13.7515,1.27035,3.11505,4.4,0.142836,0.628477,NONE,999.9,0,0
40.856,13.7515,1.27035,3.11505,4.4,0.142836,0.628477,NONE,999.9,0,0
40.8603,13.7075,1.27137,3.11662,4.4,0.15441,0.679402,NONE,999.9,0,0
40.864,13.7075,1.27137,3.11662,4.4,0.15441,0.679402,NONE,999.9,0,0
40.8687,13.6635,1.27236,3.11814,4.4,0.166727,0.7336,NONE,999.9,0,0
40.8725,13.6635,1.27236,3.11814,4.4,0.166727,0.7336,NONE,999.9,0,0
40.8767,13.6635,1.27236,3.11814,4.4,0.166727,0.7336,NONE,999.9,0,0
40.8801,13.6195,1.27331,3.11993,4.4,0.172142,0.757425,NONE,999.9,0,0
40.8839,13.6195,1.27331,3.11993,4.4,0.172142,0.757425,NONE,999.9,0,0
40.8894,13.5755,1.27423,3.1216,4.4,0.179711,0.790729,NONE,999.9,0,0
40.8919,13.5755,1.27423,3.1216,4.4,0.179711,0.790729,NONE,999.9,0,0
40.896,13.5755,1.27423,3.1216,4.4,0.179711,0.790729,NONE,999.9,0,0
40.8999,13.5315,1.2751,3.12349,4.4,0.181485,0.798534,NONE,999.9,0,0
40.9042,13.5315,1.2751,3.12349,4.4,0.181485,0.798534,NONE,999.9,0,0
40.9104,13.4875,1.27593,3.12525,4.4,0.18628,0.819633,NONE,999.9,0,0
40.9125,13.4875,1.27593,3.12525,4.4,0.18628,0.819633,NONE,999.9,0,0
40.9164,13.4875,1.27593,3.12525,4.4,0.18628,0.819633,NONE,999.9,0,0
40.9201,13.4435,1.27669,3.1272,4.4,0.185957,0.818211,NONE,999.9,0,0
40.9245,13.4435,1.27669,3.1272,4.4,0.185957,0.818211,NONE,999.9,0,0
40.9288,13.3995,1.27741,3.12899,4.4,0.189182,0.832399,NONE,999.9,0,0
40.9324,13.3995,1.27741,3.12899,4.4,0.189182,0.832399,NONE,999.9,0,0
40.9365,13.3995,1.27741,3.12899,4.4,0.189182,0.832399,NONE,999.9,0,0
40.9406,13.3555,1.27806,3.13096,4.4,0.187695,0.825858,NONE,999.9,0,0
40.9446,13.3555,1.27806,3.13096,4.4,0.187695,0.825858,NONE,999.9,0,0
40.9495,13.3116,1.27866,3.13276,4.4,0.19007,0.836308,NONE,999.9,0,0
40.9519,13.3116,1.27866,3.13276,4.4,0.19007,0.836308,NONE,999.9,0,0
40.9566,13.3116,1.27866,3.13276,4.4,0.19007,0.836308,NONE,999.9,0,0
40.9603,13.2676,1.27918,3.13474,4.4,0.187974,0.827086,NONE,999.9,0,0
40.9643,13.2676,1.27918,3.13474,4.4,0.187974,0.827086,NONE,999.9,0,0
40.9689,13.2236,1.27965,3.13654,4.4,0.189923,0.83566,NONE,999.9,0,0
40.9722,13.2236,1.27965,3.13654,4.4,0.189923,0.83566,NONE,999.9,0,0
40.9766,13.2236,1.27965,3.13654,4.4,0.189923,0.83566,NONE,999.9,0,0
40.98,13.1796,1.28004,3.13851,4.4,0.187539,0.82517,NONE,999.9,0,0
40.9842,13.1796,1.28004,3.13851,4.4,0.187539,0.82517,NONE,999.9,0,0
40.9896,13.1356,1.28037,3.14031,4.4,0.189302,0.832929,NONE,999.9,0,0
40.9919,13.1356,1.28037,3.14031,4.4,0.189302,0.832929,NONE,999.9,0,0
40.9962,13.1356,1.28037,3.14031,4.4,0.189302,0.832929,NONE,999.9,0,0
41.0004,13.0916,1.28062,-3.14091,4.4,0.186809,0.82196,NONE,999.9,0,0
41.0045,13.0916,1.28062,-3.14091,4.4,0.186809,0.82196,NONE,999.9,0,0
41.011,13.0476,1.28081,-3.13912,4.4,0.188519,0.829485,NONE,999.9,0,0
41.0141,13.0476,1.28081,-3.13912,4.4,0.188519,0.829485,NONE,999.9,0,0
41.0165,13.0476,1.28081,-3.13912,4.4,0.188519,0.829485,NONE,999.9,0,0
41.02,13.0036,1.28091,-3.13716,4.4,0.186013,0.818457,NONE,999.9,0,0
41.0242,13.0036,1.28091,-3.13716,4.4,0.186013,0.818457,NONE,999.9,0,0
41.0287,12.9596,1.28096,-3.13537,4.4,0.187737,0.826044,NONE,999.9,0,0
41.0335,12.9596,1.28096,-3.13537,4.4,0.187737,0.826044,NONE,999.9,0,0
41.0363,12.9596,1.28096,-3.13537,4.4,0.187737,0.826044,NONE,999.9,0,0
41.0408,12.9156,1.28091,-3.13342,4.4,0.185264,0.81516,NONE,999.9,0,0
41.0442,12.9156,1.28091,-3.13342,4.4,0.185264,0.81516,NONE,999.9,0,0
41.0492,12.8716,1.2808,-3.13165,4.4,0.187032,0.822943,NONE,999.9,0,0
41.0519,12.8716,1.2808,-3.13165,4.4,0.187032,0.822943,NONE,999.9,0,0
41.0559,12.8716,1.2808,-3.13165,4.4,0.187032,0.822943,NONE,999.9,0,0
41.06,12.8276,1.2806,-3.1297,4.4,0.18461,0.812284,NONE,999.9,0,0
41.0645,12.8276,1.2806,-3.1297,4.4,0.18461,0.812284,NONE,999.9,0,0
41.0696,12.7836,1.28036,-3.12825,4.4,0.0927306,0.408015,NONE,999.9,0,0
41.0739,12.7836,1.28036,-3.12825,4.4,0.0927306,0.408015,NONE,999.9,0,0
41.0765,12.7836,1.28036,-3.12825,4.4,0.0927306,0.408015,NONE,999.9,0,0
41.0806,12.7396,1.28013,-3.12776,4.4,0.0250796,0.11035,NONE,999.9,0,0
41.0842,12.7396,1.28013,-3.12776,4.4,0.0250796,0.11035,NONE,999.9,0,0
41.0888,12.6956,1.27989,-3.12772,4.4,-0.0310043,-0.136419,NONE,999.9,0,0
41.0924,12.6956,1.27989,-3.12772,4.4,-0.0310043,-0.136419,NONE,999.9,0,0
41.0963,12.6956,1.27989,-3.12772,4.4,-0.0310043,-0.136419,NONE,999.9,0,0
41.1004,12.6516,1.27966,-3.12832,4.4,-0.0704488,-0.309975,NONE,999.9,0,0
41.1041,12.6516,1.27966,-3.12832,4.4,-0.0704488,-0.309975,NONE,999.9,0,0
41.1091,12.6076,1.27941,-3.12912,4.4,-0.104364,-0.459203,NONE,999.9,0,0
41.1122,12.6076,1.27941,-3.12912,4.4,-0.104364,-0.459203,NONE,999.9,0,0
41.1161,12.6076,1.27941,-3.12912,4.4,-0.104364,-0.459203,NONE,999.9,0,0
41.12,12.5636,1.27918,-3.13036,4.4,-0.126437,-0.556321,NONE,999.9,0,0
41.124,12.5636,1.27918,-3.13036,4.4,-0.126437,-0.556321,NONE,999.9,0,0
41.1294,12.5196,1.27895,-3.13165,4.4,-0.146782,-0.645842,NONE,999.9,0,0
41.1321,12.5196,1.27895,-3.13165,4.4,-0.146782,-0.645842,NONE,999.9,0,0
41.1367,12.5196,1.27895,-3.13165,4.4,-0.146782,-0.645842,NONE,999.9,0,0
41.1405,12.4756,1.27875,-3.13326,4.4,-0.158294,-0.696492,NONE,999.9,0,0
41.1443,12.4756,1.27875,-3.13326,4.4,-0.158294,-0.696492,NONE,999.9,0,0
41.1487,12.4316,1.27856,-3.13482,4.4,-0.170454,-0.749999,NONE,999.9,0,0
41.1523,12.4316,1.27856,-3.13482,4.4,-0.170454,-0.749999,NONE,999.9,0,0
41.156,12.4316,1.27856,-3.13482,4.4,-0.170454,-0.749999,NONE,999.9,0,0
41.1604,12.3876,1.27841,-3.13664,4.4,-0.175652,-0.772867,NONE,999.9,0,0
41.1644,12.3876,1.27841,-3.13664,4.4,-0.175652,-0.772867,NONE,999.9,0,0
41.1695,12.3436,1.27825,-3.13803,4.4,-0.0892657,-0.392769,NONE,999.9,0,0
41.172,12.3436,1.27825,-3.13803,4.4,-0.0892657,-0.392769,NONE,999.9,0,0
41.1764,12.3436,1.27825,-3.13803,4.4,-0.0892657,-0.392769,NONE,999.9,0,0
41.1803,12.2996,1.27804,-3.13851,4.4,-0.025487,-0.112143,NONE,999.9,0,0
41.1839,12.2996,1.27804,-3.13851,4.4,-0.025487,-0.112143,NONE,999.9,0,0
41.189,12.2556,1.27785,-3.13889,4.4,-0.0657515,-0.289307,NONE,999.9,0,0
41.192,12.2556,1.27785,-3.13889,4.4,-0.0657515,-0.289307,NONE,999.9,0,0
41.1963,12.2556,1.27785,-3.13889,4.4,-0.0657515,-0.289307,NONE,999.9,0,0
41.2001,12.2116,1.27771,-3.13977,4.4,-0.0933167,-0.410594,NONE,999.9,0,0
41.2052,12.2116,1.27771,-3.13977,4.4,-0.0933167,-0.410594,NONE,999.9,0,0
41.2092,12.1676,1.2776,-3.14075,4.4,-0.118406,-0.520988,NONE,999.9,0,0
41.2122,12.1676,1.2776,-3.14075,4.4,-0.118406,-0.520988,NONE,999.9,0,0
41.216,12.1676,1.2776,-3.14075,4.4,-0.118406,-0.520988,NONE,999.9,0,0
41.22,12.1236,1.27756,3.14108,4.4,-0.134008,-0.589635,NONE,999.9,0,0
41.2242,12.1236,1.27756,3.14108,4.4,-0.134008,-0.589635,NONE,999.9,0,0
41.2293,12.0796,1.27755,3.13975,4.4,-0.14969,-0.658636,NONE,999.9,0,0
41.232,12.0796,1.27755,3.13975,4.4,-0.14969,-0.658636,NONE,999.9,0,0
41.2362,12.0796,1.27755,3.13975,4.4,-0.14969,-0.658636,NONE,999.9,0,0
41.2407,12.0356,1.27761,3.13812,4.4,-0.157915,-0.694825,NONE,999.9,0,0
41.2446,12.0356,1.27761,3.13812,4.4,-0.157915,-0.694825,NONE,999.9,0,0
41.2489,11.9916,1.2777,3.13658,4.4,-0.167831,-0.738456,NONE,999.9,0,0
41.252,11.9916,1.2777,3.13658,4.4,-0.167831,-0.738456,NONE,999.9,0,0
41.2562,11.9916,1.2777,3.13658,4.4,-0.167831,-0.738456,NONE,999.9,0,0
41.2602,11.9476,1.27786,3.13479,4.4,-0.171565,-0.754885,NONE,999.9,0,0
41.264,11.9476,1.27786,3.13479,4.4,-0.171565,-0.754885,NONE,999.9,0,0
41.2688,11.9036,1.27806,3.13313,4.4,-0.177997,-0.783187,NONE,999.9,0,0
41.2726,11.9036,1.27806,3.13313,4.4,-0.177997,-0.783187,NONE,999.9,0,0
41.2762,11.9036,1.27806,3.13313,4.4,-0.177997,-0.783187,NONE,999.9,0,0
41.2801,11.8596,1.27834,3.13126,4.4,-0.179041,-0.787781,NONE,999.9,0,0
41.2842,11.8596,1.27834,3.13126,4.4,-0.179041,-0.787781,NONE,999.9,0,0
41.2893,11.8156,1.27863,3.12985,4.4,-0.0897047,-0.3947,NONE,999.9,0,0
41.2923,11.8156,1.27863,3.12985,4.4,-0.0897047,-0.3947,NONE,999.9,0,0
41.2964,11.8156,1.27863,3.12985,4.4,-0.0897047,-0.3947,NONE,999.9,0,0
41.3002,11.7716,1.2789,3.12938,4.4,-0.023888,-0.105107,NONE,999.9,0,0
41.3039,11.7716,1.2789,3.12938,4.4,-0.023888,-0.105107,NONE,999.9,0,0
41.3094,11.7276,1.27918,3.12934,4.4,0.0309018,0.135968,NONE,999.9,0,0
41.3119,11.7276,1.27918,3.12934,4.4,0.0309018,0.135968,NONE,999.9,0,0
41.316,11.7276,1.27918,3.12934,4.4,0.0309018,0.135968,NONE,999.9,0,0
41.3203,11.6836,1.27944,3.12993,4.4,0.0694611,0.305629,NONE,999.9,0,0
41.3243,11.6836,1.27944,3.12993,4.4,0.0694611,0.305629,NONE,999.9,0,0
41.3286,11.6396,1.27969,3.13072,4.4,0.102798,0.452312,NONE,999.9,0,0
41.3321,11.6396,1.27969,3.13072,4.4,0.102798,0.452312,NONE,999.9,0,0
41.3361,11.6396,1.27969,3.13072,4.4,0.102798,0.452312,NONE,999.9,0,0
41.3402,11.5956,1.27992,3.13195,4.4,0.124519,0.547885,NONE,999.9,0,0
41.3443,11.5956,1.27992,3.13195,4.4,0.124519,0.547885,NONE,999.9,0,0
41.3486,11.5516,1.28015,3.13321,4.4,0.14468,0.636594,NONE,999.9,0,0
41.3524,11.5516,1.28015,3.13321,4.4,0.14468,0.636594,NONE,999.9,0,0
41.3564,11.5516,1.28015,3.13321,4.4,0.14468,0.636594,NONE,999.9,0,0
41.3603,11.5076,1.28033,3.1348,4.4,0.156127,0.686959,NONE,999.9,0,0
41.3639,11.5076,1.28033,3.1348,4.4,0.156127,0.686959,NONE,999.9,0,0
41.369,11.4636,1.2805,3.13634,4.4,0.168307,0.740549,NONE,999.9,0,0
41.3721,11.4636,1.2805,3.13634,4.4,0.168307,0.740549,NONE,999.9,0,0
41.3764,11.4636,1.2805,3.13634,4.4,0.168307,0.740549,NONE,999.9,0,0
41.38,11.4196,1.28063,3.13814,4.4,0.17358,0.763754,NONE,999.9,0,0
41.3845,11.4196,1.28063,3.13814,4.4,0.17358,0.763754,NONE,999.9,0,0
41.3894,11.3756,1.28073,3.13983,4.4,0.18101,0.796445,NONE,999.9,0,0
41.3924,11.3756,1.28073,3.13983,4.4,0.18101,0.796445,NONE,999.9,0,0
41.3964,11.3756,1.28073,3.13983,4.4,0.18101,0.796445,NONE,999.9,0,0
41.4002,11.3316,1.28078,-3.14145,4.4,0.18265,0.803662,NONE,999.9,0,0
41.4051,11.3316,1.28078,-3.14145,4.4,0.18265,0.803662,NONE,999.9,0,0
41.4087,11.2876,1.28079,-3.13969,4.4,0.18732,0.824206,NONE,999.9,0,0
41.4121,11.2876,1.28079,-3.13969,4.4,0.18732,0.824206,NONE,999.9,0,0
41.4166,11.2876,1.28079,-3.13969,4.4,0.18732,0.824206,NONE,999.9,0,0
41.4208,11.2436,1.28074,-3.13773,4.4,0.186879,0.822269,NONE,999.9,0,0
41.424,11.2436,1.28074,-3.13773,4.4,0.186879,0.822269,NONE,999.9,0,0
41.4288,11.1996,1.28064,-3.13593,4.4,0.189996,0.835984,NONE,999.9,0,0
41.432,11.1996,1.28064,-3.13593,4.4,0.189996,0.835984,NONE,999.9,0,0
41.4368,11.1996,1.28064,-3.13593,4.4,0.189996,0.835984,NONE,999.9,0,0
41.4403,11.1556,1.28048,-3.13395,4.4,0.188412,0.829014,NONE,999.9,0,0
41.4443,11.1556,1.28048,-3.13395,4.4,0.188412,0.829014,NONE,999.9,0,0
41.4492,11.1116,1.28027,-3.13214,4.4,0.190699,0.839075,NONE,999.9,0,0
41.4523,11.1116,1.28027,-3.13214,4.4,0.190699,0.839075,NONE,999.9,0,0
41.4561,11.1116,1.28027,-3.13214,4.4,0.190699,0.839075,NONE,999.9,0,0
41.4602,11.0676,1.27998,-3.13016,4.4,0.188524,0.829507,NONE,999.9,0,0
41.4639,11.0676,1.27998,-3.13016,4.4,0.188524,0.829507,NONE,999.9,0,0
41.4689,11.0236,1.27964,-3.12835,4.4,0.190402,0.83777,NONE,999.9,0,0
41.472,11.0236,1.27964,-3.12835,4.4,0.190402,0.83777,NONE,999.9,0,0
41.4764,11.0236,1.27964,-3.12835,4.4,0.190402,0.83777,NONE,999.9,0,0
41.4805,10.9796,1.27922,-3.12637,4.4,0.187956,0.827006,NONE,999.9,0,0
41.4845,10.9796,1.27922,-3.12637,4.4,0.187956,0.827006,NONE,999.9,0,0
41.4889,10.9356,1.27874,-3.12457,4.4,0.189664,0.834522,NONE,999.9,0,0
41.4922,10.9356,1.27874,-3.12457,4.4,0.189664,0.834522,NONE,999.9,0,0
41.4961,10.9356,1.27874,-3.12457,4.4,0.189664,0.834522,NONE,999.9,0,0
41.5002,10.8916,1.27818,-3.1226,4.4,0.187123,0.82334,NONE,999.9,0,0
41.5041,10.8916,1.27818,-3.1226,4.4,0.187123,0.82334,NONE,999.9,0,0
41.5098,10.8476,1.27756,-3.12081,4.4,0.188791,0.830678,NONE,999.9,0,0
41.5123,10.8476,1.27756,-3.12081,4.4,0.188791,0.830678,NONE,999.9,0,0
41.5164,10.8476,1.27756,-3.12081,4.4,0.188791,0.830678,NONE,999.9,0,0
41.5203,10.8036,1.27686,-3.11885,4.4,0.186247,0.819487,NONE,999.9,0,0
41.5241,10.8036,1.27686,-3.11885,4.4,0.186247,0.819487,NONE,999.9,0,0
41.5287,10.7596,1.27609,-3.11706,4.4,0.187939,0.826932,NONE,999.9,0,0
41.5321,10.7596,1.27609,-3.11706,4.4,0.187939,0.826932,NONE,999.9,0,0
41.5364,10.7596,1.27609,-3.11706,4.4,0.187939,0.826932,NONE,999.9,0,0
41.5403,10.7156,1.27524,-3.11511,4.4,0.185437,0.815923,NONE,999.9,0,0
41.5448,10.7156,1.27524,-3.11511,4.4,0.185437,0.815923,NONE,999.9,0,0
41.5493,10.6716,1.27432,-3.11333,4.4,0.187182,0.823599,NONE,999.9,0,0
41.5521,10.6716,1.27432,-3.11333,4.4,0.187182,0.823599,NONE,999.9,0,0
41.5559,10.6716,1.27432,-3.11333,4.4,0.187182,0.823599,NONE,999.9,0,0
41.5601,10.6276,1.27331,-3.11139,4.4,0.184738,0.812847,NONE,999.9,0,0
41.564,10.6276,1.27331,-3.11139,4.4,0.184738,0.812847,NONE,999.9,0,0
41.5689,10.5836,1.27224,-3.10962,4.4,0.186543,0.820788,NONE,999.9,0,0
41.5719,10.5836,1.27224,-3.10962,4.4,0.186543,0.820788,NONE,999.9,0,0
41.5768,10.5836,1.27224,-3.10962,4.4,0.186543,0.820788,NONE,999.9,0,0
41.5803,10.5397,1.27108,-3.10768,4.4,0.18416,0.810302,NONE,999.9,0,0
41.5842,10.5397,1.27108,-3.10768,4.4,0.18416,0.810302,NONE,999.9,0,0
41.5893,10.4957,1.26985,-3.10591,4.4,0.186023,0.818501,NONE,999.9,0,0
41.5925,10.4957,1.26985,-3.10591,4.4,0.186023,0.818501,NONE,999.9,0,0
41.596,10.4957,1.26985,-3.10591,4.4,0.186023,0.818501,NONE,999.9,0,0
41.6002,10.4517,1.26853,-3.10398,4.4,0.183695,0.808258,NONE,999.9,0,0
41.6039,10.4517,1.26853,-3.10398,4.4,0.183695,0.808258,NONE,999.9,0,0
41.6093,10.4077,1.26715,-3.10222,4.4,0.18561,0.816684,NONE,999.9,0,0
41.6126,10.4077,1.26715,-3.10222,4.4,0.18561,0.816684,NONE,999.9,0,0
41.616,10.4077,1.26715,-3.10222,4.4,0.18561,0.816684,NONE,999.9,0,0
41.62,10.3637,1.26568,-3.10029,4.4,0.18333,0.806651,NONE,999.9,0,0
41.624,10.3637,1.26568,-3.10029,4.4,0.18333,0.806651,NONE,999.9,0,0
41.6288,10.3198,1.26413,-3.09853,4.4,0.185288,0.815268,NONE,999.9,0,0
41.6321,10.3198,1.26413,-3.09853,4.4,0.185288,0.815268,NONE,999.9,0,0
41.6362,10.3198,1.26413,-3.09853,4.4,0.185288,0.815268,NONE,999.9,0,0
41.6409,10.2758,1.26247,-3.09628,4.4,0.27675,1.2177,NONE,999.9,0,0
41.6442,10.2758,1.26247,-3.09628,4.4,0.27675,1.2177,NONE,999.9,0,0
41.6499,10.2318,1.26064,-3.09308,4.4,0.344027,1.51372,NONE,999.9,0,0
41.6535,10.2318,1.26064,-3.09308,4.4,0.344027,1.51372,NONE,999.9,0,0
41.6559,10.2318,1.26064,-3.09308,4.4,0.344027,1.51372,NONE,999.9,0,0
41.66,10.1879,1.25867,-3.08943,4.4,0.399778,1.75902,NONE,999.9,0,0
41.6642,10.1879,1.25867,-3.08943,4.4,0.399778,1.75902,NONE,999.9,0,0
41.6687,10.1439,1.25654,-3.08515,4.4,0.438928,1.93128,NONE,999.9,0,0
41.6721,10.1439,1.25654,-3.08515,4.4,0.438928,1.93128,NONE,999.9,0,0
41.6766,10.1439,1.25654,-3.08515,4.4,0.438928,1.93128,NONE,999.9,0,0
41.6801,10.1,1.25425,-3.08067,4.4,0.472584,2.07937,NONE,999.9,0,0
41.684,10.1,1.25425,-3.08067,4.4,0.472584,2.07937,NONE,999.9,0,0
41.6894,10.0561,1.25179,-3.07574,4.4,0.494427,2.17548,NONE,999.9,0,0
41.6925,10.0561,1.25179,-3.07574,4.4,0.494427,2.17548,NONE,999.9,0,0
41.6963,10.0561,1.25179,-3.07574,4.4,0.494427,2.17548,NONE,999.9,0,0
41.7005,10.0121,1.24917,-3.07078,4.4,0.514573,2.26412,NONE,999.9,0,0
41.7042,10.0121,1.24917,-3.07078,4.4,0.514573,2.26412,NONE,999.9,0,0
41.7096,9.96824,1.24636,-3.06549,4.4,0.52591,2.314,NONE,999.9,0,0
41.7121,9.96824,1.24636,-3.06549,4.4,0.52591,2.314,NONE,999.9,0,0
41.716,9.96824,1.24636,-3.06549,4.4,0.52591,2.314,NONE,999.9,0,0
41.7207,9.92434,1.24339,-3.06025,4.4,0.537918,2.36684,NONE,999.9,0,0
41.7249,9.92434,1.24339,-3.06025,4.4,0.537918,2.36684,NONE,999.9,0,0
41.7289,9.88045,1.24021,-3.05476,4.4,0.542984,2.38913,NONE,999.9,0,0
41.732,9.88045,1.24021,-3.05476,4.4,0.542984,2.38913,NONE,999.9,0,0
41.7371,9.88045,1.24021,-3.05476,4.4,0.542984,2.38913,NONE,999.9,0,0
41.7437,9.83658,1.23685,-3.04938,4.4,0.550186,2.42082,NONE,999.9,0,0
41.7468,9.83658,1.23685,-3.04938,4.4,0.550186,2.42082,NONE,999.9,0,0
41.7505,9.79273,1.23328,-3.04378,4.4,0.551591,2.427,NONE,999.9,0,0
41.7527,9.79273,1.23328,-3.04378,4.4,0.551591,2.427,NONE,999.9,0,0
41.7563,9.79273,1.23328,-3.04378,4.4,0.551591,2.427,NONE,999.9,0,0
41.7601,9.74889,1.22952,-3.03833,4.4,0.556028,2.44652,NONE,999.9,0,0
41.7645,9.74889,1.22952,-3.03833,4.4,0.556028,2.44652,NONE,999.9,0,0
41.7693,9.70507,1.22554,-3.03268,4.4,0.555364,2.4436,NONE,999.9,0,0
41.7722,9.70507,1.22554,-3.03268,4.4,0.555364,2.4436,NONE,999.9,0,0
41.7765,9.70507,1.22554,-3.03268,4.4,0.555364,2.4436,NONE,999.9,0,0
41.7803,9.66127,1.22137,-3.0272,4.4,0.55827,2.45639,NONE,999.9,0,0
41.784,9.66127,1.22137,-3.0272,4.4,0.55827,2.45639,NONE,999.9,0,0
41.7886,9.61749,1.21696,-3.02154,4.4,0.556489,2.44855,NONE,999.9,0,0
41.7918,9.61749,1.21696,-3.02154,4.4,0.556489,2.44855,NONE,999.9,0,0
41.7963,9.61749,1.21696,-3.02154,4.4,0.556489,2.44855,NONE,999.9,0,0
41.8002,9.57373,1.21235,-3.01605,4.4,0.558595,2.45782,NONE,999.9,0,0
41.8045,9.57373,1.21235,-3.01605,4.4,0.558595,2.45782,NONE,999.9,0,0
41.8093,9.53,1.2075,-3.01039,4.4,0.556256,2.44753,NONE,999.9,0,0
41.812,9.53,1.2075,-3.01039,4.4,0.556256,2.44753,NONE,999.9,0,0
41.816,9.53,1.2075,-3.01039,4.4,0.556256,2.44753,NONE,999.9,0,0
41.82,9.48629,1.20244,-3.00491,4.4,0.557985,2.45514,NONE,999.9,0,0
41.824,9.48629,1.20244,-3.00491,4.4,0.557985,2.45514,NONE,999.9,0,0
41.8288,9.44261,1.19715,-2.99925,4.4,0.555406,2.44378,NONE,999.9,0,0
41.8321,9.44261,1.19715,-2.99925,4.4,0.555406,2.44378,NONE,999.9,0,0
41.8361,9.44261,1.19715,-2.99925,4.4,0.555406,2.44378,NONE,999.9,0,0
41.8404,9.39895,1.19164,-2.99378,4.4,0.556995,2.45078,NONE,999.9,0,0
41.8445,9.39895,1.19164,-2.99378,4.4,0.556995,2.45078,NONE,999.9,0,0
41.8501,9.35534,1.18586,-2.98782,4.4,0.648051,2.85142,NONE,999.9,0,0
41.8524,9.35534,1.18586,-2.98782,4.4,0.648051,2.85142,NONE,999.9,0,0
41.856,9.35534,1.18586,-2.98782,4.4,0.648051,2.85142,NONE,999.9,0,0
41.8602,9.31176,1.17974,-2.98058,4.4,0.808612,3.55789,NONE,999.9,0,0
41.8641,9.31176,1.17974,-2.98058,4.4,0.808612,3.55789,NONE,999.9,0,0
41.8695,9.26825,1.17322,-2.97178,4.4,0.92923,4.08861,NONE,999.9,0,0
41.872,9.26825,1.17322,-2.97178,4.4,0.92923,4.08861,NONE,999.9,0,0
41.8765,9.26825,1.17322,-2.97178,4.4,0.92923,4.08861,NONE,999.9,0,0
41.8802,9.22479,1.16634,-2.96207,4.4,1.02594,4.51413,NONE,999.9,0,0
41.8839,9.22479,1.16634,-2.96207,4.4,1.02594,4.51413,NONE,999.9,0,0
41.8885,9.1814,1.15906,-2.95136,4.4,1.09634,4.82391,NONE,999.9,0,0
41.8919,9.1814,1.15906,-2.95136,4.4,1.09634,4.82391,NONE,999.9,0,0
41.8964,9.1814,1.15906,-2.95136,4.4,1.09634,4.82391,NONE,999.9,0,0
41.901,9.13807,1.1514,-2.94018,4.4,1.15367,5.07617,NONE,999.9,0,0
41.9041,9.13807,1.1514,-2.94018,4.4,1.15367,5.07617,NONE,999.9,0,0
41.909,9.09482,1.1433,-2.92803,4.4,1.287,5.66279,NONE,999.9,0,0
41.9122,9.09482,1.1433,-2.92803,4.4,1.287,5.66279,NONE,999.9,0,0
41.9161,9.09482,1.1433,-2.92803,4.4,1.287,5.66279,NONE,999.9,0,0
41.9201,9.05167,1.13469,-2.91456,4.4,1.38563,6.09679,NONE,999.9,0,0
41.9239,9.05167,1.13469,-2.91456,4.4,1.38563,6.09679,NONE,999.9,0,0
41.9292,9.00862,1.12559,-2.90038,4.4,1.46461,6.44429,NONE,999.9,0,0
41.9321,9.00862,1.12559,-2.90038,4.4,1.46461,6.44429,NONE,999.9,0,0
41.936,9.00862,1.12559,-2.90038,4.4,1.46461,6.44429,NONE,999.9,0,0
41.9403,8.96569,1.11597,-2.88535,4.4,1.52072,6.69118,NONE,999.9,0,0
41.9449,8.96569,1.11597,-2.88535,4.4,1.52072,6.69118,NONE,999.9,0,0
41.9492,8.92287,1.10584,-2.86999,4.4,1.56654,6.89279,NONE,999.9,0,0
41.9521,8.92287,1.10584,-2.86999,4.4,1.56654,6.89279,NONE,999.9,0,0
41.956,8.92287,1.10584,-2.86999,4.4,1.56654,6.89279,NONE,999.9,0,0
41.9605,8.88019,1.09515,-2.85408,4.4,1.5969,7.02637,NONE,999.9,0,0
41.9646,8.88019,1.09515,-2.85408,4.4,1.5969,7.02637,NONE,999.9,0,0
41.9689,8.83765,1.08392,-2.83806,4.4,1.62281,7.14035,NONE,999.9,0,0
41.9719,8.83765,1.08392,-2.83806,4.4,1.62281,7.14035,NONE,999.9,0,0
41.9766,8.83765,1.08392,-2.83806,4.4,1.62281,7.14035,NONE,999.9,0,0
41.9802,8.79527,1.07208,-2.82135,4.4,1.73154,7.61879,NONE,999.9,0,0
41.984,8.79527,1.07208,-2.82135,4.4,1.73154,7.61879,NONE,999.9,0,0
41.9891,8.75308,1.05958,-2.80354,4.4,1.81101,7.96844,NONE,999.9,0,0
41.992,8.75308,1.05958,-2.80354,4.4,1.81101,7.96844,NONE,999.9,0,0
41.9963,8.75308,1.05958,-2.80354,4.4,1.81101,7.96844,NONE,999.9,0,0
42.0004,8.7111,1.04643,-2.78517,4.4,1.8751,8.25043,NONE,999.9,0,0
42.0059,8.7111,1.04643,-2.78517,4.4,1.8751,8.25043,NONE,999.9,0,0
42.012,8.66933,1.0326,-2.7661,4.4,1.9197,8.44668,NONE,999.9,0,0
42.0139,8.66933,1.0326,-2.7661,4.4,1.9197,8.44668,NONE,999.9,0,0
42.0163,8.66933,1.0326,-2.7661,4.4,1.9197,8.44668,NONE,999.9,0,0
42.02,8.62778,1.0181,-2.7468,4.4,1.95667,8.60933,NONE,999.9,0,0
42.0241,8.62778,1.0181,-2.7468,4.4,1.95667,8.60933,NONE,999.9,0,0
42.0296,8.5865,1.0029,-2.72702,4.4,1.98025,8.71311,NONE,999.9,0,0
42.0321,8.5865,1.0029,-2.72702,4.4,1.98025,8.71311,NONE,999.9,0,0
42.036,8.5865,1.0029,-2.72702,4.4,1.98025,8.71311,NONE,999.9,0,0
42.04,8.54547,0.987001,-2.7072,4.4,2.00101,8.80446,NONE,999.9,0,0
42.0444,8.54547,0.987001,-2.7072,4.4,2.00101,8.80446,NONE,999.9,0,0
42.0507,8.50473,0.970383,-2.68704,4.4,2.01217,8.85356,NONE,999.9,0,0
42.0534,8.50473,0.970383,-2.68704,4.4,2.01217,8.85356,NONE,999.9,0,0
42.0565,8.50473,0.970383,-2.68704,4.4,2.01217,8.85356,NONE,999.9,0,0
42.0604,8.46428,0.953061,-2.66695,4.4,2.02347,8.90326,NONE,999.9,0,0
42.0639,8.46428,0.953061,-2.66695,4.4,2.02347,8.90326,NONE,999.9,0,0
42.0687,8.42416,0.935002,-2.6466,4.4,2.02747,8.92087,NONE,999.9,0,0
42.0719,8.42416,0.935002,-2.6466,4.4,2.02747,8.92087,NONE,999.9,0,0
42.0764,8.42416,0.935002,-2.6466,4.4,2.02747,8.92087,NONE,999.9,0,0
42.0803,8.38437,0.916227,-2.62638,4.4,2.0334,8.94697,NONE,999.9,0,0
42.084,8.38437,0.916227,-2.62638,4.4,2.0334,8.94697,NONE,999.9,0,0
42.0892,8.34493,0.896709,-2.60596,4.4,2.03343,8.9471,NONE,999.9,0,0
42.0923,8.34493,0.896709,-2.60596,4.4,2.03343,8.9471,NONE,999.9,0,0
42.096,8.34493,0.896709,-2.60596,4.4,2.03343,8.9471,NONE,999.9,0,0
42.1002,8.30586,0.87647,-2.5857,4.4,2.03646,8.96042,NONE,999.9,0,0
42.1051,8.30586,0.87647,-2.5857,4.4,2.03646,8.96042,NONE,999.9,0,0
42.1095,8.26719,0.855487,-2.56526,4.4,2.03441,8.95139,NONE,999.9,0,0
42.112,8.26719,0.855487,-2.56526,4.4,2.03441,8.95139,NONE,999.9,0,0
42.1161,8.26719,0.855487,-2.56526,4.4,2.03441,8.95139,NONE,999.9,0,0
42.1205,8.22892,0.833783,-2.54499,4.4,2.03598,8.95831,NONE,999.9,0,0
42.1242,8.22892,0.833783,-2.54499,4.4,2.03598,8.95831,NONE,999.9,0,0
42.1287,8.19107,0.811338,-2.52456,4.4,2.03294,8.94494,NONE,999.9,0,0
42.132,8.19107,0.811338,-2.52456,4.4,2.03294,8.94494,NONE,999.9,0,0
42.1363,8.19107,0.811338,-2.52456,4.4,2.03294,8.94494,NONE,999.9,0,0
42.14,8.15366,0.788178,-2.50431,4.4,2.03388,8.94906,NONE,999.9,0,0
42.1445,8.15366,0.788178,-2.50431,4.4,2.03388,8.94906,NONE,999.9,0,0
42.1487,8.11672,0.764285,-2.4839,4.4,2.03047,8.93405,NONE,999.9,0,0
42.1535,8.11672,0.764285,-2.4839,4.4,2.03047,8.93405,NONE,999.9,0,0
42.1567,8.11672,0.764285,-2.4839,4.4,2.03047,8.93405,NONE,999.9,0,0
42.16,8.08023,0.739687,-2.46368,4.4,2.03122,8.93737,NONE,999.9,0,0
42.1639,8.08023,0.739687,-2.46368,4.4,2.03122,8.93737,NONE,999.9,0,0
42.1689,8.04425,0.714367,-2.4433,4.4,2.02776,8.92215,NONE,999.9,0,0
42.172,8.04425,0.714367,-2.4433,4.4,2.02776,8.92215,NONE,999.9,0,0
42.1767,8.04425,0.714367,-2.4433,4.4,2.02776,8.92215,NONE,999.9,0,0
42.1802,8.00876,0.688354,-2.4231,4.4,2.02856,8.92567,NONE,999.9,0,0
42.1842,8.00876,0.688354,-2.4231,4.4,2.02856,8.92567,NONE,999.9,0,0
42.1891,7.97381,0.661635,-2.40275,4.4,2.02521,8.91094,NONE,999.9,0,0
42.1921,7.97381,0.661635,-2.40275,4.4,2.02521,8.91094,NONE,999.9,0,0
42.1959,7.97381,0.661635,-2.40275,4.4,2.02521,8.91094,NONE,999.9,0,0
42.2004,7.93938,0.63424,-2.38258,4.4,2.02616,8.91512,NONE,999.9,0,0
42.2043,7.93938,0.63424,-2.38258,4.4,2.02616,8.91512,NONE,999.9,0,0
42.2099,7.90551,0.606155,-2.36225,4.4,2.02299,8.90115,NONE,999.9,0,0
42.2122,7.90551,0.606155,-2.36225,4.4,2.02299,8.90115,NONE,999.9,0,0
42.2163,7.90551,0.606155,-2.36225,4.4,2.02299,8.90115,NONE,999.9,0,0
42.2202,7.87219,0.577413,-2.3421,4.4,2.02413,8.90615,NONE,999.9,0,0
42.2241,7.87219,0.577413,-2.3421,4.4,2.02413,8.90615,NONE,999.9,0,0
42.2288,7.83947,0.548002,-2.32179,4.4,2.02114,8.893,NONE,999.9,0,0
42.2321,7.83947,0.548002,-2.32179,4.4,2.02114,8.893,NONE,999.9,0,0
42.2359,7.83947,0.548002,-2.32179,4.4,2.02114,8.893,NONE,999.9,0,0
42.2401,7.80733,0.517954,-2.30165,4.4,2.02246,8.8988,NONE,999.9,0,0
42.245,7.80733,0.517954,-2.30165,4.4,2.02246,8.8988,NONE,999.9,0,0
42.2496,7.77582,0.48724,-2.28104,4.4,2.11334,9.29871,NONE,999.9,0,0
42.2526,7.77582,0.48724,-2.28104,4.4,2.11334,9.29871,NONE,999.9,0,0
42.2569,7.77582,0.48724,-2.28104,4.4,2.11334,9.29871,NONE,999.9,0,0
42.2603,7.745,0.45584,-2.25947,4.4,2.18011,9.59248,NONE,999.9,0,0
42.2644,7.745,0.45584,-2.25947,4.4,2.18011,9.59248,NONE,999.9,0,0
42.2693,7.71486,0.423787,-2.23747,4.4,2.23541,9.83579,NONE,999.9,0,0
42.2719,7.71486,0.423787,-2.23747,4.4,2.23541,9.83579,NONE,999.9,0,0
42.2763,7.71486,0.423787,-2.23747,4.4,2.23541,9.83579,NONE,999.9,0,0
42.2804,7.68543,0.391076,-2.21483,4.4,2.27416,10.0063,NONE,999.9,0,0
42.2846,7.68543,0.391076,-2.21483,4.4,2.27416,10.0063,NONE,999.9,0,0
42.2888,7.65672,0.357738,-2.192,4.4,2.30746,10.1528,NONE,999.9,0,0
42.292,7.65672,0.357738,-2.192,4.4,2.30746,10.1528,NONE,999.9,0,0
42.296,7.65672,0.357738,-2.192,4.4,2.30746,10.1528,NONE,999.9,0,0
42.3002,7.62875,0.323767,-2.16872,4.4,2.329,10.2476,NONE,999.9,0,0
42.3043,7.62875,0.323767,-2.16872,4.4,2.329,10.2476,NONE,999.9,0,0
42.3099,7.60154,0.289195,-2.14541,4.4,2.34887,10.335,NONE,999.9,0,0
42.3125,7.60154,0.289195,-2.14541,4.4,2.34887,10.335,NONE,999.9,0,0
42.3166,7.60154,0.289195,-2.14541,4.4,2.34887,10.335,NONE,999.9,0,0
42.3202,7.57511,0.254016,-2.12178,4.4,2.35997,10.3839,NONE,999.9,0,0
42.3242,7.57511,0.254016,-2.12178,4.4,2.35997,10.3839,NONE,999.9,0,0
42.3287,7.54947,0.218261,-2.09821,4.4,2.37178,10.4358,NONE,999.9,0,0
42.332,7.54947,0.218261,-2.09821,4.4,2.37178,10.4358,NONE,999.9,0,0
42.3359,7.54947,0.218261,-2.09821,4.4,2.37178,10.4358,NONE,999.9,0,0
42.3406,7.52465,0.181929,-2.07438,4.4,2.37666,10.4573,NONE,999.9,0,0
42.3445,7.52465,0.181929,-2.07438,4.4,2.37666,10.4573,NONE,999.9,0,0
42.3498,7.50066,0.14505,-2.05066,4.4,2.38371,10.4883,NONE,999.9,0,0
42.3521,7.50066,0.14505,-2.05066,4.4,2.38371,10.4883,NONE,999.9,0,0
42.3596,7.50066,0.14505,-2.05066,4.4,2.38371,10.4883,NONE,999.9,0,0
42.3629,7.47752,0.107626,-2.02673,4.4,2.38499,10.4939,NONE,999.9,0,0
42.3648,7.47752,0.107626,-2.02673,4.4,2.38499,10.4939,NONE,999.9,0,0
42.3686,7.45523,0.0696882,-2.00294,4.4,2.38931,10.513,NONE,999.9,0,0
42.372,7.45523,0.0696882,-2.00294,4.4,2.38931,10.513,NONE,999.9,0,0
42.3764,7.45523,0.0696882,-2.00294,4.4,2.38931,10.513,NONE,999.9,0,0
42.3804,7.43384,0.03124,-1.97897,4.4,2.38854,10.5096,NONE,999.9,0,0
42.3841,7.43384,0.03124,-1.97897,4.4,2.38854,10.5096,NONE,999.9,0,0
42.3888,7.41333,-0.00768674,-1.95515,4.4,2.39137,10.522,NONE,999.9,0,0
42.392,7.41333,-0.00768674,-1.95515,4.4,2.39137,10.522,NONE,999.9,0,0
42.3959,7.41333,-0.00768674,-1.95515,4.4,2.39137,10.522,NONE,999.9,0,0
42.4,7.39374,-0.0470853,-1.93116,4.4,2.38951,10.5139,NONE,999.9,0,0
42.4041,7.39374,-0.0470853,-1.93116,4.4,2.38951,10.5139,NONE,999.9,0,0
42.4098,7.37507,-0.0869238,-1.90734,4.4,2.39155,10.5228,NONE,999.9,0,0
42.4128,7.37507,-0.0869238,-1.90734,4.4,2.39155,10.5228,NONE,999.9,0,0
42.4163,7.37507,-0.0869238,-1.90734,4.4,2.39155,10.5228,NONE,999.9,0,0
42.4201,7.35734,-0.127193,-1.88335,4.4,2.38916,10.5123,NONE,999.9,0,0
42.4241,7.35734,-0.127193,-1.88335,4.4,2.38916,10.5123,NONE,999.9,0,0
42.4285,7.34055,-0.167862,-1.85954,4.4,2.39085,10.5197,NONE,999.9,0,0
42.4318,7.34055,-0.167862,-1.85954,4.4,2.39085,10.5197,NONE,999.9,0,0
42.4359,7.34055,-0.167862,-1.85954,4.4,2.39085,10.5197,NONE,999.9,0,0
42.4404,7.32473,-0.208919,-1.83556,4.4,2.38823,10.5082,NONE,999.9,0,0
42.4442,7.32473,-0.208919,-1.83556,4.4,2.38823,10.5082,NONE,999.9,0,0
42.4491,7.30987,-0.250331,-1.81175,4.4,2.38978,10.515,NONE,999.9,0,0
42.452,7.30987,-0.250331,-1.81175,4.4,2.38978,10.515,NONE,999.9,0,0
42.4563,7.30987,-0.250331,-1.81175,4.4,2.38978,10.515,NONE,999.9,0,0
42.4603,7.296,-0.292087,-1.78778,4.4,2.38711,10.5033,NONE,999.9,0,0
42.4639,7.296,-0.292087,-1.78778,4.4,2.38711,10.5033,NONE,999.9,0,0
42.4689,7.2831,-0.334155,-1.76399,4.4,2.38866,10.5101,NONE,999.9,0,0
42.4723,7.2831,-0.334155,-1.76399,4.4,2.38866,10.5101,NONE,999.9,0,0
42.4769,7.2831,-0.334155,-1.76399,4.4,2.38866,10.5101,NONE,999.9,0,0
42.4804,7.27122,-0.376519,-1.74003,4.4,2.38601,10.4984,NONE,999.9,0,0
42.484,7.27122,-0.376519,-1.74003,4.4,2.38601,10.4984,NONE,999.9,0,0
42.4891,7.26033,-0.419149,-1.71625,4.4,2.38761,10.5055,NONE,999.9,0,0
42.492,7.26033,-0.419149,-1.71625,4.4,2.38761,10.5055,NONE,999.9,0,0
42.4961,7.26033,-0.419149,-1.71625,4.4,2.38761,10.5055,NONE,999.9,0,0
42.5002,7.25047,-0.462028,-1.6923,4.4,2.38503,10.4941,NONE,999.9,0,0
42.5046,7.25047,-0.462028,-1.6923,4.4,2.38503,10.4941,NONE,999.9,0,0
42.5103,7.24161,-0.505126,-1.66853,4.4,2.38671,10.5015,NONE,999.9,0,0
42.5126,7.24161,-0.505126,-1.66853,4.4,2.38671,10.5015,NONE,999.9,0,0
42.5164,7.24161,-0.505126,-1.66853,4.4,2.38671,10.5015,NONE,999.9,0,0
42.5199,7.23379,-0.548425,-1.64459,4.4,2.38421,10.4905,NONE,999.9,0,0
42.5249,7.23379,-0.548425,-1.64459,4.4,2.38421,10.4905,NONE,999.9,0,0
42.5286,7.22699,-0.591895,-1.62082,4.4,2.38596,10.4982,NONE,999.9,0,0
42.5318,7.22699,-0.591895,-1.62082,4.4,2.38596,10.4982,NONE,999.9,0,0
42.5362,7.22699,-0.591895,-1.62082,4.4,2.38596,10.4982,NONE,999.9,0,0
42.5403,7.22123,-0.635515,-1.59689,4.4,2.38353,10.4876,NONE,999.9,0,0
42.5441,7.22123,-0.635515,-1.59689,4.4,2.38353,10.4876,NONE,999.9,0,0
42.5488,7.2165,-0.679259,-1.57313,4.4,2.38536,10.4956,NONE,999.9,0,0
42.5521,7.2165,-0.679259,-1.57313,4.4,2.38536,10.4956,NONE,999.9,0,0
42.5561,7.2165,-0.679259,-1.57313,4.4,2.38536,10.4956,NONE,999.9,0,0
42.5602,7.21282,-0.723104,-1.5492,4.4,2.383,10.4852,NONE,999.9,0,0
42.5643,7.21282,-0.723104,-1.5492,4.4,2.383,10.4852,NONE,999.9,0,0
42.5693,7.21018,-0.767024,-1.52545,4.4,2.38489,10.4935,NONE,999.9,0,0
42.5725,7.21018,-0.767024,-1.52545,4.4,2.38489,10.4935,NONE,999.9,0,0
42.5765,7.21018,-0.767024,-1.52545,4.4,2.38489,10.4935,NONE,999.9,0,0
42.5802,7.20859,-0.810994,-1.50152,4.4,2.38258,10.4834,NONE,999.9,0,0
42.5843,7.20859,-0.810994,-1.50152,4.4,2.38258,10.4834,NONE,999.9,0,0
42.5899,7.20803,-0.854989,-1.47777,4.4,2.38452,10.4919,NONE,999.9,0,0
42.5923,7.20803,-0.854989,-1.47777,4.4,2.38452,10.4919,NONE,999.9,0,0
42.596,7.20803,-0.854989,-1.47777,4.4,2.38452,10.4919,NONE,999.9,0,0
42.6004,7.20854,-0.898985,-1.45386,4.4,2.38226,10.482,NONE,999.9,0,0
42.6044,7.20854,-0.898985,-1.45386,4.4,2.38226,10.482,NONE,999.9,0,0
42.6092,7.21008,-0.942958,-1.43011,4.4,2.38424,10.4907,NONE,999.9,0,0
42.6122,7.21008,-0.942958,-1.43011,4.4,2.38424,10.4907,NONE,999.9,0,0
42.6162,7.21008,-0.942958,-1.43011,4.4,2.38424,10.4907,NONE,999.9,0,0
42.6203,7.21267,-0.98688,-1.40619,4.4,2.38202,10.4809,NONE,999.9,0,0
42.624,7.21267,-0.98688,-1.40619,4.4,2.38202,10.4809,NONE,999.9,0,0
42.6292,7.2163,-1.03073,-1.38245,4.4,2.38403,10.4897,NONE,999.9,0,0
42.6324,7.2163,-1.03073,-1.38245,4.4,2.38403,10.4897,NONE,999.9,0,0
42.6366,7.2163,-1.03073,-1.38245,4.4,2.38403,10.4897,NONE,999.9,0,0
42.6401,7.22099,-1.07448,-1.35853,4.4,2.38184,10.4801,NONE,999.9,0,0
42.6442,7.22099,-1.07448,-1.35853,4.4,2.38184,10.4801,NONE,999.9,0,0
42.649,7.2267,-1.1181,-1.33479,4.4,2.38387,10.489,NONE,999.9,0,0
42.6519,7.2267,-1.1181,-1.33479,4.4,2.38387,10.489,NONE,999.9,0,0
42.656,7.2267,-1.1181,-1.33479,4.4,2.38387,10.489,NONE,999.9,0,0
42.6602,7.23347,-1.16158,-1.31088,4.4,2.3817,10.4795,NONE,999.9,0,0
42.6646,7.23347,-1.16158,-1.31088,4.4,2.3817,10.4795,NONE,999.9,0,0
42.6696,7.24125,-1.20489,-1.28713,4.4,2.38375,10.4885,NONE,999.9,0,0
42.672,7.24125,-1.20489,-1.28713,4.4,2.38375,10.4885,NONE,999.9,0,0
42.6763,7.24125,-1.20489,-1.28713,4.4,2.38375,10.4885,NONE,999.9,0,0
42.6805,7.25007,-1.24799,-1.26322,4.4,2.3816,10.479,NONE,999.9,0,0
42.6839,7.25007,-1.24799,-1.26322,4.4,2.3816,10.479,NONE,999.9,0,0
42.6895,7.25989,-1.29088,-1.2398,4.4,2.28996,10.0758,NONE,999.9,0,0
42.692,7.25989,-1.29088,-1.2398,4.4,2.28996,10.0758,NONE,999.9,0,0
42.6961,7.25989,-1.29088,-1.2398,4.4,2.28996,10.0758,NONE,999.9,0,0
42.7009,7.27063,-1.33355,-1.21733,4.4,2.22254,9.77916,NONE,999.9,0,0
42.7039,7.27063,-1.33355,-1.21733,4.4,2.22254,9.77916,NONE,999.9,0,0
42.7088,7.28233,-1.37596,-1.19532,4.4,2.16665,9.53328,NONE,999.9,0,0
42.7122,7.28233,-1.37596,-1.19532,4.4,2.16665,9.53328,NONE,999.9,0,0
42.716,7.28233,-1.37596,-1.19532,4.4,2.16665,9.53328,NONE,999.9,0,0
42.7204,7.29495,-1.41811,-1.17394,4.4,2.12739,9.36052,NONE,999.9,0,0
42.7242,7.29495,-1.41811,-1.17394,4.4,2.12739,9.36052,NONE,999.9,0,0
42.7289,7.3085,-1.45997,-1.15276,4.4,2.09364,9.21201,NONE,999.9,0,0
42.7324,7.3085,-1.45997,-1.15276,4.4,2.09364,9.21201,NONE,999.9,0,0
42.7359,7.3085,-1.45997,-1.15276,4.4,2.09364,9.21201,NONE,999.9,0,0
42.7402,7.32296,-1.50153,-1.13202,4.4,2.07171,9.11552,NONE,999.9,0,0
42.7446,7.32296,-1.50153,-1.13202,4.4,2.07171,9.11552,NONE,999.9,0,0
42.7491,7.33834,-1.54275,-1.11132,4.4,2.05149,9.02656,NONE,999.9,0,0
42.7518,7.33834,-1.54275,-1.11132,4.4,2.05149,9.02656,NONE,999.9,0,0
42.7562,7.33834,-1.54275,-1.11132,4.4,2.05149,9.02656,NONE,999.9,0,0
42.7607,7.35458,-1.58364,-1.09095,4.4,2.04009,8.97641,NONE,999.9,0,0
42.7646,7.35458,-1.58364,-1.09095,4.4,2.04009,8.97641,NONE,999.9,0,0
42.7692,7.37172,-1.62417,-1.07053,4.4,2.02803,8.92333,NONE,999.9,0,0
42.772,7.37172,-1.62417,-1.07053,4.4,2.02803,8.92333,NONE,999.9,0,0
42.7763,7.37172,-1.62417,-1.07053,4.4,2.02803,8.92333,NONE,999.9,0,0
42.7804,7.38971,-1.66432,-1.05036,4.4,2.02292,8.90084,NONE,999.9,0,0
42.784,7.38971,-1.66432,-1.05036,4.4,2.02292,8.90084,NONE,999.9,0,0
42.7894,7.40855,-1.70408,-1.03009,4.4,2.01568,8.86898,NONE,999.9,0,0
42.7921,7.40855,-1.70408,-1.03009,4.4,2.01568,8.86898,NONE,999.9,0,0
42.7962,7.40855,-1.70408,-1.03009,4.4,2.01568,8.86898,NONE,999.9,0,0
42.8001,7.42822,-1.74344,-1.01002,4.4,2.01424,8.86265,NONE,999.9,0,0
42.8041,7.42822,-1.74344,-1.01002,4.4,2.01424,8.86265,NONE,999.9,0,0
42.8095,7.44873,-1.78237,-0.98982,4.4,2.00977,8.843,NONE,999.9,0,0
42.8132,7.44873,-1.78237,-0.98982,4.4,2.00977,8.843,NONE,999.9,0,0
42.8161,7.44873,-1.78237,-0.98982,4.4,2.00977,8.843,NONE,999.9,0,0
42.821,7.47003,-1.82087,-0.969804,4.4,2.01041,8.84581,NONE,999.9,0,0
42.8266,7.47003,-1.82087,-0.969804,4.4,2.01041,8.84581,NONE,999.9,0,0
42.8292,7.49215,-1.85891,-0.949631,4.4,2.00748,8.83293,NONE,999.9,0,0
42.8322,7.49215,-1.85891,-0.949631,4.4,2.00748,8.83293,NONE,999.9,0,0
42.8362,7.49215,-1.85891,-0.949631,4.4,2.00748,8.83293,NONE,999.9,0,0
42.8402,7.51503,-1.89649,-0.929632,4.4,2.00925,8.84069,NONE,999.9,0,0
42.8443,7.51503,-1.89649,-0.929632,4.4,2.00925,8.84069,NONE,999.9,0,0
42.8488,7.5387,-1.93358,-0.909466,4.4,2.00713,8.83135,NONE,999.9,0,0
42.852,7.5387,-1.93358,-0.909466,4.4,2.00713,8.83135,NONE,999.9,0,0
42.8563,7.5387,-1.93358,-0.909466,4.4,2.00713,8.83135,NONE,999.9,0,0
42.8607,7.56311,-1.97018,-0.889468,4.4,2.00945,8.84159,NONE,999.9,0,0
42.864,7.56311,-1.97018,-0.889468,4.4,2.00945,8.84159,NONE,999.9,0,0
42.8688,7.58829,-2.00627,-0.869297,4.4,2.00771,8.83393,NONE,999.9,0,0
42.872,7.58829,-2.00627,-0.869297,4.4,2.00771,8.83393,NONE,999.9,0,0
42.8772,7.58829,-2.00627,-0.869297,4.4,2.00771,8.83393,NONE,999.9,0,0
42.8805,7.61418,-2.04184,-0.849292,4.4,2.01028,8.84524,NONE,999.9,0,0
42.884,7.61418,-2.04184,-0.849292,4.4,2.01028,8.84524,NONE,999.9,0,0
42.8892,7.64081,-2.07686,-0.829112,4.4,2.00868,8.83821,NONE,999.9,0,0
42.8922,7.64081,-2.07686,-0.829112,4.4,2.00868,8.83821,NONE,999.9,0,0
42.8963,7.64081,-2.07686,-0.829112,4.4,2.00868,8.83821,NONE,999.9,0,0
42.9,7.66814,-2.11135,-0.809097,4.4,2.01132,8.84982,NONE,999.9,0,0
42.904,7.66814,-2.11135,-0.809097,4.4,2.01132,8.84982,NONE,999.9,0,0
42.9095,7.69617,-2.14526,-0.788907,4.4,2.00974,8.84287,NONE,999.9,0,0
42.912,7.69617,-2.14526,-0.788907,4.4,2.00974,8.84287,NONE,999.9,0,0
42.9162,7.69617,-2.14526,-0.788907,4.4,2.00974,8.84287,NONE,999.9,0,0
42.9211,7.72488,-2.1786,-0.768881,4.4,2.01236,8.8544,NONE,999.9,0,0
42.9246,7.72488,-2.1786,-0.768881,4.4,2.01236,8.8544,NONE,999.9,0,0
42.9296,7.75427,-2.21135,-0.748681,4.4,2.01074,8.84725,NONE,999.9,0,0
42.9319,7.75427,-2.21135,-0.748681,4.4,2.01074,8.84725,NONE,999.9,0,0
42.936,7.75427,-2.21135,-0.748681,4.4,2.01074,8.84725,NONE,999.9,0,0
42.94,7.78429,-2.24351,-0.728963,4.4,1.9196,8.44623,NONE,999.9,0,0
42.9447,7.78429,-2.24351,-0.728963,4.4,1.9196,8.44623,NONE,999.9,0,0
42.9487,7.81489,-2.27513,-0.710202,4.4,1.85262,8.15154,NONE,999.9,0,0
42.9521,7.81489,-2.27513,-0.710202,4.4,1.85262,8.15154,NONE,999.9,0,0
42.9563,7.81489,-2.27513,-0.710202,4.4,1.85262,8.15154,NONE,999.9,0,0
42.9602,7.84609,-2.30616,-0.69188,4.4,1.79715,7.90746,NONE,999.9,0,0
42.964,7.84609,-2.30616,-0.69188,4.4,1.79715,7.90746,NONE,999.9,0,0
42.9689,7.87784,-2.33662,-0.674197,4.4,1.75826,7.73633,NONE,999.9,0,0
42.972,7.87784,-2.33662,-0.674197,4.4,1.75826,7.73633,NONE,999.9,0,0
42.977,7.87784,-2.33662,-0.674197,4.4,1.75826,7.73633,NONE,999.9,0,0
42.98,7.91016,-2.36647,-0.656704,4.4,1.72483,7.58926,NONE,999.9,0,0
42.9845,7.91016,-2.36647,-0.656704,4.4,1.72483,7.58926,NONE,999.9,0,0
42.9895,7.94301,-2.39574,-0.639654,4.4,1.7032,7.49407,NONE,999.9,0,0
42.992,7.94301,-2.39574,-0.639654,4.4,1.7032,7.49407,NONE,999.9,0,0
42.9959,7.94301,-2.39574,-0.639654,4.4,1.7032,7.49407,NONE,999.9,0,0
43,7.9764,-2.4244,-0.622641,4.4,1.68324,7.40626,NONE,999.9,0,0
43.0039,7.9764,-2.4244,-0.622641,4.4,1.68324,7.40626,NONE,999.9,0,0
43.0089,8.01028,-2.45247,-0.605953,4.4,1.67207,7.35711,NONE,999.9,0,0
43.0121,8.01028,-2.45247,-0.605953,4.4,1.67207,7.35711,NONE,999.9,0,0
43.0164,8.01028,-2.45247,-0.605953,4.4,1.67207,7.35711,NONE,999.9,0,0
43.0208,8.04468,-2.47991,-0.589209,4.4,1.66021,7.30492,NONE,999.9,0,0
43.0241,8.04468,-2.47991,-0.589209,4.4,1.66021,7.30492,NONE,999.9,0,0
43.0291,8.07954,-2.50675,-0.572719,4.4,1.65528,7.28321,NONE,999.9,0,0
43.0319,8.07954,-2.50675,-0.572719,4.4,1.65528,7.28321,NONE,999.9,0,0
43.036,8.07954,-2.50675,-0.572719,4.4,1.65528,7.28321,NONE,999.9,0,0
43.0401,8.11488,-2.53296,-0.556118,4.4,1.64819,7.25203,NONE,999.9,0,0
43.0446,8.11488,-2.53296,-0.556118,4.4,1.64819,7.25203,NONE,999.9,0,0
43.0492,8.15067,-2.55855,-0.539729,4.4,1.64688,7.24629,NONE,999.9,0,0
43.0521,8.15067,-2.55855,-0.539729,4.4,1.64688,7.24629,NONE,999.9,0,0
43.056,8.15067,-2.55855,-0.539729,4.4,1.64688,7.24629,NONE,999.9,0,0
43.06,8.1869,-2.58352,-0.523198,4.4,1.64253,7.22715,NONE,999.9,0,0
43.0639,8.1869,-2.58352,-0.523198,4.4,1.64253,7.22715,NONE,999.9,0,0
43.0691,8.22356,-2.60786,-0.506854,4.4,1.64327,7.23041,NONE,999.9,0,0
43.0719,8.22356,-2.60786,-0.506854,4.4,1.64327,7.23041,NONE,999.9,0,0
43.0773,8.22356,-2.60786,-0.506854,4.4,1.64327,7.23041,NONE,999.9,0,0
43.0816,8.26064,-2.63154,-0.490033,4.4,1.73414,7.63021,NONE,999.9,0,0
43.085,8.26064,-2.63154,-0.490033,4.4,1.73414,7.63021,NONE,999.9,0,0
43.0889,8.29817,-2.6545,-0.472257,4.4,1.80126,7.92554,NONE,999.9,0,0
43.092,8.29817,-2.6545,-0.472257,4.4,1.80126,7.92554,NONE,999.9,0,0
43.0959,8.29817,-2.6545,-0.472257,4.4,1.80126,7.92554,NONE,999.9,0,0
43.1002,8.33612,-2.67677,-0.454038,4.4,1.85716,8.17152,NONE,999.9,0,0
43.1038,8.33612,-2.67677,-0.454038,4.4,1.85716,8.17152,NONE,999.9,0,0
43.1096,8.37448,-2.69832,-0.435175,4.4,1.89668,8.34537,NONE,999.9,0,0
43.1121,8.37448,-2.69832,-0.435175,4.4,1.89668,8.34537,NONE,999.9,0,0
43.1166,8.37448,-2.69832,-0.435175,4.4,1.89668,8.34537,NONE,999.9,0,0
43.1206,8.41323,-2.71916,-0.416115,4.4,1.93082,8.49562,NONE,999.9,0,0
43.1243,8.41323,-2.71916,-0.416115,4.4,1.93082,8.49562,NONE,999.9,0,0
43.1287,8.45238,-2.73925,-0.396605,4.4,1.95324,8.59424,NONE,999.9,0,0
43.1319,8.45238,-2.73925,-0.396605,4.4,1.95324,8.59424,NONE,999.9,0,0
43.1361,8.45238,-2.73925,-0.396605,4.4,1.95324,8.59424,NONE,999.9,0,0
43.1403,8.49187,-2.75865,-0.377367,4.4,1.88028,8.27325,NONE,999.9,0,0
43.1449,8.49187,-2.75865,-0.377367,4.4,1.88028,8.27325,NONE,999.9,0,0
43.1491,8.53168,-2.77739,-0.359245,4.4,1.73324,7.62627,NONE,999.9,0,0
43.1521,8.53168,-2.77739,-0.359245,4.4,1.73324,7.62627,NONE,999.9,0,0
43.1559,8.53168,-2.77739,-0.359245,4.4,1.73324,7.62627,NONE,999.9,0,0
43.1606,8.57177,-2.79552,-0.342574,4.4,1.62261,7.13946,NONE,999.9,0,0
43.1639,8.57177,-2.79552,-0.342574,4.4,1.62261,7.13946,NONE,999.9,0,0
43.1691,8.61214,-2.81301,-0.326729,4.4,1.53315,6.74587,NONE,999.9,0,0
43.1719,8.61214,-2.81301,-0.326729,4.4,1.53315,6.74587,NONE,999.9,0,0
43.1767,8.61214,-2.81301,-0.326729,4.4,1.53315,6.74587,NONE,999.9,0,0
43.1804,8.65278,-2.82987,-0.311824,4.4,1.46792,6.45885,NONE,999.9,0,0
43.1843,8.65278,-2.82987,-0.311824,4.4,1.46792,6.45885,NONE,999.9,0,0
43.1897,8.69369,-2.84608,-0.29734,4.4,1.41418,6.22239,NONE,999.9,0,0
43.1918,8.69369,-2.84608,-0.29734,4.4,1.41418,6.22239,NONE,999.9,0,0
43.1961,8.69369,-2.84608,-0.29734,4.4,1.41418,6.22239,NONE,999.9,0,0
43.2004,8.73483,-2.86167,-0.283478,4.4,1.37696,6.05861,NONE,999.9,0,0
43.2042,8.73483,-2.86167,-0.283478,4.4,1.37696,6.05861,NONE,999.9,0,0
43.2106,8.77622,-2.87662,-0.26979,4.4,1.34512,5.91851,NONE,999.9,0,0
43.2124,8.77622,-2.87662,-0.26979,4.4,1.34512,5.91851,NONE,999.9,0,0
43.2162,8.77622,-2.87662,-0.26979,4.4,1.34512,5.91851,NONE,999.9,0,0
43.2211,8.81781,-2.89096,-0.25653,4.4,1.32496,5.82981,NONE,999.9,0,0
43.2247,8.81781,-2.89096,-0.25653,4.4,1.32496,5.82981,NONE,999.9,0,0
43.2296,8.85963,-2.90466,-0.243293,4.4,1.30635,5.74796,NONE,999.9,0,0
43.2331,8.85963,-2.90466,-0.243293,4.4,1.30635,5.74796,NONE,999.9,0,0
43.2367,8.85963,-2.90466,-0.243293,4.4,1.30635,5.74796,NONE,999.9,0,0
43.2423,8.90163,-2.91776,-0.230367,4.4,1.29642,5.70425,NONE,999.9,0,0
43.2466,8.90163,-2.91776,-0.230367,4.4,1.29642,5.70425,NONE,999.9,0,0
43.2503,8.94383,-2.93021,-0.217057,4.4,1.37938,6.06927,NONE,999.9,0,0
43.2523,8.94383,-2.93021,-0.217057,4.4,1.37938,6.06927,NONE,999.9,0,0
43.2662,8.94383,-2.93021,-0.217057,4.4,1.37938,6.06927,NONE,999.9,0,0
43.2697,8.98623,-2.94197,-0.202858,4.4,1.44073,6.33921,NONE,999.9,0,0
43.2852,9.0288,-2.95309,-0.188584,4.4,1.39879,6.1547,NONE,999.9,0,0
43.2986,9.07151,-2.96366,-0.175149,4.4,1.27643,5.61627,NONE,999.9,0,0
43.3017,9.11435,-2.97372,-0.162945,4.4,1.18537,5.21564,NONE,999.9,0,0
43.3143,9.11435,-2.97372,-0.162945,4.4,1.18537,5.21564,NONE,999.9,0,0
43.3181,9.15731,-2.98324,-0.151392,4.4,1.11144,4.89035,NONE,999.9,0,0
43.3323,9.20037,-2.99224,-0.140639,4.4,1.05849,4.65735,NONE,999.9,0,0
43.3345,9.20037,-2.99224,-0.140639,4.4,1.05849,4.65735,NONE,999.9,0,0
43.3481,9.24355,-3.00072,-0.1302,4.4,1.01444,4.46352,NONE,999.9,0,0
43.3513,9.28682,-3.00871,-0.120296,4.4,0.98484,4.3333,NONE,999.9,0,0
43.3535,9.28682,-3.00871,-0.120296,4.4,0.98484,4.3333,NONE,999.9,0,0
43.365,9.28682,-3.00871,-0.120296,4.4,0.98484,4.3333,NONE,999.9,0,0
43.3691,9.33018,-3.01618,-0.110498,4.4,0.958986,4.21954,NONE,999.9,0,0
43.3736,9.37362,-3.02317,-0.101074,4.4,0.943511,4.15145,NONE,999.9,0,0
43.3768,9.37362,-3.02317,-0.101074,4.4,0.943511,4.15145,NONE,999.9,0,0
43.3814,9.41714,-3.02966,-0.0916328,4.4,0.928564,4.08568,NONE,999.9,0,0
43.3841,9.41714,-3.02966,-0.0916328,4.4,0.928564,4.08568,NONE,999.9,0,0
43.3892,9.46072,-3.03569,-0.0824701,4.4,0.92147,4.05447,NONE,999.9,0,0
43.3923,9.46072,-3.03569,-0.0824701,4.4,0.92147,4.05447,NONE,999.9,0,0
43.3961,9.46072,-3.03569,-0.0824701,4.4,0.92147,4.05447,NONE,999.9,0,0
43.4012,9.50437,-3.04123,-0.0732153,4.4,0.912924,4.01686,NONE,999.9,0,0
43.4054,9.50437,-3.04123,-0.0732153,4.4,0.912924,4.01686,NONE,999.9,0,0
43.4105,9.54807,-3.04633,-0.0641836,4.4,0.910682,4.007,NONE,999.9,0,0
43.4123,9.54807,-3.04633,-0.0641836,4.4,0.910682,4.007,NONE,999.9,0,0
43.4162,9.54807,-3.04633,-0.0641836,4.4,0.910682,4.007,NONE,999.9,0,0
43.4204,9.59183,-3.05096,-0.0550176,4.4,0.905783,3.98545,NONE,999.9,0,0
43.4245,9.59183,-3.05096,-0.0550176,4.4,0.905783,3.98545,NONE,999.9,0,0
43.4297,9.63563,-3.05515,-0.046043,4.4,0.906256,3.98753,NONE,999.9,0,0
43.4324,9.63563,-3.05515,-0.046043,4.4,0.906256,3.98753,NONE,999.9,0,0
43.4364,9.63563,-3.05515,-0.046043,4.4,0.906256,3.98753,NONE,999.9,0,0
43.4404,9.67947,-3.05889,-0.0369108,4.4,0.90335,3.97474,NONE,999.9,0,0
43.4443,9.67947,-3.05889,-0.0369108,4.4,0.90335,3.97474,NONE,999.9,0,0
43.4489,9.72335,-3.0622,-0.0279529,4.4,0.905261,3.98315,NONE,999.9,0,0
43.4524,9.72335,-3.0622,-0.0279529,4.4,0.905261,3.98315,NONE,999.9,0,0
43.4562,9.72335,-3.0622,-0.0279529,4.4,0.905261,3.98315,NONE,999.9,0,0
43.4603,9.76725,-3.06506,-0.0188253,4.4,0.903372,3.97484,NONE,999.9,0,0
43.4645,9.76725,-3.06506,-0.0188253,4.4,0.903372,3.97484,NONE,999.9,0,0
43.4698,9.81118,-3.06751,-0.0098635,4.4,0.905981,3.98632,NONE,999.9,0,0
43.4721,9.81118,-3.06751,-0.0098635,4.4,0.905981,3.98632,NONE,999.9,0,0
43.4766,9.81118,-3.06751,-0.0098635,4.4,0.905981,3.98632,NONE,999.9,0,0
43.4801,9.85514,-3.06952,-0.000726163,4.4,0.90455,3.98002,NONE,999.9,0,0
43.484,9.85514,-3.06952,-0.000726163,4.4,0.90455,3.98002,NONE,999.9,0,0
43.4897,9.89911,-3.07111,0.00824892,4.4,0.907438,3.99273,NONE,999.9,0,0
43.492,9.89911,-3.07111,0.00824892,4.4,0.907438,3.99273,NONE,999.9,0,0
43.4962,9.89911,-3.07111,0.00824892,4.4,0.907438,3.99273,NONE,999.9,0,0
43.5002,9.94309,-3.07227,0.0174017,4.4,0.906155,3.98708,NONE,999.9,0,0
43.5044,9.94309,-3.07227,0.0174017,4.4,0.906155,3.98708,NONE,999.9,0,0
43.5102,9.98709,-3.07306,0.0260754,4.4,0.815396,3.58774,NONE,999.9,0,0
43.512,9.98709,-3.07306,0.0260754,4.4,0.815396,3.58774,NONE,999.9,0,0
43.5161,9.98709,-3.07306,0.0260754,4.4,0.815396,3.58774,NONE,999.9,0,0
43.52,10.0311,-3.07351,0.0337969,4.4,0.748819,3.2948,NONE,999.9,0,0
43.524,10.0311,-3.07351,0.0337969,4.4,0.748819,3.2948,NONE,999.9,0,0
43.5299,10.0751,-3.07361,0.0410828,4.4,0.693746,3.05248,NONE,999.9,0,0
43.5322,10.0751,-3.07361,0.0410828,4.4,0.693746,3.05248,NONE,999.9,0,0
43.5363,10.0751,-3.07361,0.0410828,4.4,0.693746,3.05248,NONE,999.9,0,0
43.5401,10.1191,-3.07339,0.0477338,4.4,0.655238,2.88305,NONE,999.9,0,0
43.5445,10.1191,-3.07339,0.0477338,4.4,0.655238,2.88305,NONE,999.9,0,0
43.5493,10.1631,-3.07282,0.0541986,4.4,0.622182,2.7376,NONE,999.9,0,0
43.5526,10.1631,-3.07282,0.0541986,4.4,0.622182,2.7376,NONE,999.9,0,0
43.556,10.1631,-3.07282,0.0541986,4.4,0.622182,2.7376,NONE,999.9,0,0
43.5607,10.2066,-3.07195,0.0610472,4.3049,0.7652,3.29411,NONE,999.9,0,0
43.5641,10.2066,-3.07195,0.0610472,4.3049,0.7652,3.29411,NONE,999.9,0,0
43.5694,10.2492,-3.07078,0.0693588,4.2098,0.868207,3.65498,NONE,999.9,0,0
43.5721,10.2492,-3.07078,0.0693588,4.2098,0.868207,3.65498,NONE,999.9,0,0
43.5765,10.2492,-3.07078,0.0693588,4.2098,0.868207,3.65498,NONE,999.9,0,0
43.5802,10.2908,-3.0694,0.0779215,4.1147,0.822752,3.38538,NONE,999.9,0,0
43.5841,10.2908,-3.0694,0.0779215,4.1147,0.822752,3.38538,NONE,999.9,0,0
43.5891,10.3314,-3.06786,0.0858905,4.0196,0.796812,3.20286,NONE,999.9,0,0
43.5923,10.3314,-3.06786,0.0858905,4.0196,0.796812,3.20286,NONE,999.9,0,0
43.5962,10.3314,-3.06786,0.0858905,4.0196,0.796812,3.20286,NONE,999.9,0,0
43.6002,10.3712,-3.0661,0.0937128,3.93989,0.746691,2.94188,NONE,999.9,0,0
43.6044,10.3712,-3.0661,0.0937128,3.93989,0.746691,2.94188,NONE,999.9,0,0
43.6093,10.4102,-3.06416,0.100769,3.87533,0.688821,2.66941,NONE,999.9,0,0
43.6121,10.4102,-3.06416,0.100769,3.87533,0.688821,2.66941,NONE,999.9,0,0
43.6161,10.4102,-3.06416,0.100769,3.87533,0.688821,2.66941,NONE,999.9,0,0
43.6204,10.4486,-3.06196,0.107389,3.82306,0.617147,2.35939,NONE,999.9,0,0
43.6251,10.4486,-3.06196,0.107389,3.82306,0.617147,2.35939,NONE,999.9,0,0
43.6295,10.4866,-3.05957,0.112741,3.78073,0.4413,1.66844,NONE,999.9,0,0
43.6321,10.4866,-3.05957,0.112741,3.78073,0.4413,1.66844,NONE,999.9,0,0
43.6361,10.4866,-3.05957,0.112741,3.78073,0.4413,1.66844,NONE,999.9,0,0
43.6401,10.5241,-3.05703,0.116339,3.74645,0.304396,1.14041,NONE,999.9,0,0
43.6444,10.5241,-3.05703,0.116339,3.74645,0.304396,1.14041,NONE,999.9,0,0
43.6495,10.5613,-3.05432,0.118873,3.71869,0.188712,0.701763,NONE,999.9,0,0
43.6525,10.5613,-3.05432,0.118873,3.71869,0.188712,0.701763,NONE,999.9,0,0
43.6566,10.5613,-3.05432,0.118873,3.71869,0.188712,0.701763,NONE,999.9,0,0
43.6603,10.5983,-3.05145,0.120208,3.69621,0.101525,0.375258,NONE,999.9,0,0
43.6645,10.5983,-3.05145,0.120208,3.69621,0.101525,0.375258,NONE,999.9,0,0
43.6694,10.635,-3.04843,0.120928,3.678,0.0276745,0.101787,NONE,999.9,0,0
43.6719,10.635,-3.04843,0.120928,3.678,0.0276745,0.101787,NONE,999.9,0,0
43.6764,10.635,-3.04843,0.120928,3.678,0.0276745,0.101787,NONE,999.9,0,0
43.6802,10.6716,-3.04528,0.120838,3.66326,-0.0248463,-0.0910186,NONE,999.9,0,0
43.6844,10.6716,-3.04528,0.120838,3.66326,-0.0248463,-0.0910186,NONE,999.9,0,0
43.6894,10.708,-3.04201,0.120442,3.65132,-0.0699298,-0.255336,NONE,999.9,0,0
43.6924,10.708,-3.04201,0.120442,3.65132,-0.0699298,-0.255336,NONE,999.9,0,0
43.6961,10.708,-3.04201,0.120442,3.65132,-0.0699298,-0.255336,NONE,999.9,0,0
43.7001,10.7443,-3.03865,0.119499,3.64166,-0.0991324,-0.361006,NONE,999.9,0,0
43.7046,10.7443,-3.03865,0.119499,3.64166,-0.0991324,-0.361006,NONE,999.9,0,0
43.7094,10.7806,-3.03519,0.118457,3.63383,-0.125376,-0.455596,NONE,999.9,0,0
43.7124,10.7806,-3.03519,0.118457,3.63383,-0.125376,-0.455596,NONE,999.9,0,0
43.7161,10.7806,-3.03519,0.118457,3.63383,-0.125376,-0.455596,NONE,999.9,0,0
43.7207,10.8167,-3.03168,0.117039,3.62749,-0.139741,-0.506908,NONE,999.9,0,0
43.7244,10.8167,-3.03168,0.117039,3.62749,-0.139741,-0.506908,NONE,999.9,0,0
43.7294,10.8528,-3.02811,0.115652,3.62235,-0.154345,-0.559092,NONE,999.9,0,0
43.7321,10.8528,-3.02811,0.115652,3.62235,-0.154345,-0.559092,NONE,999.9,0,0
43.7359,10.8528,-3.02811,0.115652,3.62235,-0.154345,-0.559092,NONE,999.9,0,0
43.74,10.8888,-3.02451,0.113991,3.6182,-0.159822,-0.578266,NONE,999.9,0,0
43.7446,10.8888,-3.02451,0.113991,3.6182,-0.159822,-0.578266,NONE,999.9,0,0
43.7492,10.9248,-3.02087,0.112438,3.61483,-0.167668,-0.606091,NONE,999.9,0,0
43.7522,10.9248,-3.02087,0.112438,3.61483,-0.167668,-0.606091,NONE,999.9,0,0
43.7567,10.9248,-3.02087,0.112438,3.61483,-0.167668,-0.606091,NONE,999.9,0,0
43.7604,10.9607,-3.01723,0.110671,3.6121,-0.168162,-0.607417,NONE,999.9,0,0
43.7641,10.9607,-3.01723,0.110671,3.6121,-0.168162,-0.607417,NONE,999.9,0,0
43.7696,10.9967,-3.01357,0.109053,3.6099,-0.172354,-0.62218,NONE,999.9,0,0
43.7729,10.9967,-3.01357,0.109053,3.6099,-0.172354,-0.62218,NONE,999.9,0,0
43.7764,10.9967,-3.01357,0.109053,3.6099,-0.172354,-0.62218,NONE,999.9,0,0
43.7806,11.0326,-3.00994,0.107254,3.60811,-0.170271,-0.614356,NONE,999.9,0,0
43.785,11.0326,-3.00994,0.107254,3.60811,-0.170271,-0.614356,NONE,999.9,0,0
43.7904,11.0684,-3.0063,0.105624,3.60666,-0.172667,-0.62275,NONE,999.9,0,0
43.7924,11.0684,-3.0063,0.105624,3.60666,-0.172667,-0.62275,NONE,999.9,0,0
43.7962,11.0684,-3.0063,0.105624,3.60666,-0.172667,-0.62275,NONE,999.9,0,0
43.8003,11.1043,-3.00269,0.103828,3.60549,-0.169404,-0.610784,NONE,999.9,0,0
43.8043,11.1043,-3.00269,0.103828,3.60549,-0.169404,-0.610784,NONE,999.9,0,0
43.8099,11.1402,-2.99909,0.102211,3.60454,-0.171049,-0.616552,NONE,999.9,0,0
43.8124,11.1402,-2.99909,0.102211,3.60454,-0.171049,-0.616552,NONE,999.9,0,0
43.8166,11.1402,-2.99909,0.102211,3.60454,-0.171049,-0.616552,NONE,999.9,0,0
43.8208,11.1761,-2.99554,0.100434,3.60377,-0.167366,-0.603149,NONE,999.9,0,0
43.824,11.1761,-2.99554,0.100434,3.60377,-0.167366,-0.603149,NONE,999.9,0,0
43.8293,11.2115,-2.99205,0.0987804,3.50867,-0.186803,-0.655431,NONE,999.9,0,0
43.832,11.2115,-2.99205,0.0987804,3.50867,-0.186803,-0.655431,NONE,999.9,0,0
43.836,11.2115,-2.99205,0.0987804,3.50867,-0.186803,-0.655431,NONE,999.9,0,0
43.84,11.2459,-2.98871,0.0967521,3.41357,-0.194161,-0.662781,NONE,999.9,0,0
43.8443,11.2459,-2.98871,0.0967521,3.41357,-0.194161,-0.662781,NONE,999.9,0,0
43.8499,11.2794,-2.98544,0.0952974,3.31847,-0.0796455,-0.264301,NONE,999.9,0,0
43.8522,11.2794,-2.98544,0.0952974,3.31847,-0.0796455,-0.264301,NONE,999.9,0,0
43.8559,11.2794,-2.98544,0.0952974,3.31847,-0.0796455,-0.264301,NONE,999.9,0,0
43.8604,11.312,-2.9822,0.095001,3.22337,-0.00865922,-0.0279119,NONE,999.9,0,0
43.864,11.312,-2.9822,0.095001,3.22337,-0.00865922,-0.0279119,NONE,999.9,0,0
43.8688,11.3436,-2.97903,0.0950944,3.12827,0.0482352,0.150893,NONE,999.9,0,0
43.872,11.3436,-2.97903,0.0950944,3.12827,0.0482352,0.150893,NONE,999.9,0,0
43.8766,11.3436,-2.97903,0.0950944,3.12827,0.0482352,0.150893,NONE,999.9,0,0
43.8809,11.3742,-2.97592,0.0958645,3.03317,0.0792908,0.240502,NONE,999.9,0,0
43.8845,11.3742,-2.97592,0.0958645,3.03317,0.0792908,0.240502,NONE,999.9,0,0
43.8894,11.4039,-2.9729,0.096694,2.93807,0.109266,0.321032,NONE,999.9,0,0
43.892,11.4039,-2.9729,0.096694,2.93807,0.109266,0.321032,NONE,999.9,0,0
43.8962,11.4039,-2.9729,0.096694,2.93807,0.109266,0.321032,NONE,999.9,0,0
43.9003,11.4327,-2.96993,0.0979728,2.84297,0.121143,0.344405,NONE,999.9,0,0
43.904,11.4327,-2.96993,0.0979728,2.84297,0.121143,0.344405,NONE,999.9,0,0
43.9098,11.4605,-2.96707,0.0991523,2.74787,0.138238,0.37986,NONE,999.9,0,0
43.9132,11.4605,-2.96707,0.0991523,2.74787,0.138238,0.37986,NONE,999.9,0,0
43.9162,11.4605,-2.96707,0.0991523,2.74787,0.138238,0.37986,NONE,999.9,0,0
43.9201,11.4873,-2.96426,0.100669,2.65277,0.140246,0.37204,NONE,999.9,0,0
43.9241,11.4873,-2.96426,0.100669,2.65277,0.140246,0.37204,NONE,999.9,0,0
43.9289,11.5132,-2.96155,0.102005,2.55767,0.150741,0.385545,NONE,999.9,0,0
43.932,11.5132,-2.96155,0.102005,2.55767,0.150741,0.385545,NONE,999.9,0,0
43.936,11.5132,-2.96155,0.102005,2.55767,0.150741,0.385545,NONE,999.9,0,0
43.9409,11.5382,-2.9589,0.103617,2.46257,0.146954,0.361884,NONE,999.9,0,0
43.9459,11.5382,-2.9589,0.103617,2.46257,0.146954,0.361884,NONE,999.9,0,0
43.9497,11.5622,-2.95637,0.104581,2.36747,0.0312862,0.074069,NONE,999.9,0,0
43.9526,11.5622,-2.95637,0.104581,2.36747,0.0312862,0.074069,NONE,999.9,0,0
43.9563,11.5622,-2.95637,0.104581,2.36747,0.0312862,0.074069,NONE,999.9,0,0
43.9601,11.5853,-2.95402,0.104449,2.27237,-0.0272509,-0.0619241,NONE,999.9,0,0
43.9639,11.5853,-2.95402,0.104449,2.27237,-0.0272509,-0.0619241,NONE,999.9,0,0
43.9691,11.6075,-2.95174,0.104462,2.18562,0.0468114,0.102312,NONE,999.9,0,0
43.972,11.6075,-2.95174,0.104462,2.18562,0.0468114,0.102312,NONE,999.9,0,0
43.9768,11.6075,-2.95174,0.104462,2.18562,0.0468114,0.102312,NONE,999.9,0,0
43.9817,11.6288,-2.94948,0.105201,2.11538,0.0748073,0.158246,NONE,999.9,0,0
43.984,11.6288,-2.94948,0.105201,2.11538,0.0748073,0.158246,NONE,999.9,0,0
43.9887,11.6496,-2.94726,0.105962,2.05849,0.0971621,0.200007,NONE,999.9,0,0
43.9923,11.6496,-2.94726,0.105962,2.05849,0.0971621,0.200007,NONE,999.9,0,0
43.9963,11.6496,-2.94726,0.105962,2.05849,0.0971621,0.200007,NONE,999.9,0,0
44.0006,11.6698,-2.94504,0.107043,2.01242,0.0974548,0.19612,NONE,999.9,0,0
44.004,11.6698,-2.94504,0.107043,2.01242,0.0974548,0.19612,NONE,999.9,0,0
44.0102,11.6897,-2.94286,0.107955,1.97512,0.104556,0.20651,NONE,999.9,0,0
44.0133,11.6897,-2.94286,0.107955,1.97512,0.104556,0.20651,NONE,999.9,0,0
44.0161,11.6897,-2.94286,0.107955,1.97512,0.104556,0.20651,NONE,999.9,0,0
44.02,11.7091,-2.94067,0.109064,1.94491,0.0976967,0.190011,NONE,999.9,0,0
44.024,11.7091,-2.94067,0.109064,1.94491,0.0976967,0.190011,NONE,999.9,0,0
44.0292,11.7283,-2.93849,0.109963,1.92045,0.101296,0.194535,NONE,999.9,0,0
44.033,11.7283,-2.93849,0.109963,1.92045,0.101296,0.194535,NONE,999.9,0,0
44.0363,11.7283,-2.93849,0.109963,1.92045,0.101296,0.194535,NONE,999.9,0,0
44.0402,11.7473,-2.93631,0.111031,1.90064,0.0935327,0.177772,NONE,999.9,0,0
44.0448,11.7473,-2.93631,0.111031,1.90064,0.0935327,0.177772,NONE,999.9,0,0
44.0493,11.7661,-2.93414,0.11189,1.88459,0.0969803,0.182769,NONE,999.9,0,0
44.0519,11.7661,-2.93414,0.11189,1.88459,0.0969803,0.182769,NONE,999.9,0,0
44.056,11.7661,-2.93414,0.11189,1.88459,0.0969803,0.182769,NONE,999.9,0,0
44.0603,11.7848,-2.93195,0.112915,1.8716,0.089795,0.168061,NONE,999.9,0,0
44.064,11.7848,-2.93195,0.112915,1.8716,0.089795,0.168061,NONE,999.9,0,0
44.0688,11.8033,-2.92976,0.113742,1.86108,0.0937522,0.174481,NONE,999.9,0,0
44.0721,11.8033,-2.92976,0.113742,1.86108,0.0937522,0.174481,NONE,999.9,0,0
44.0768,11.8033,-2.92976,0.113742,1.86108,0.0937522,0.174481,NONE,999.9,0,0
44.0806,11.8217,-2.92755,0.114736,1.85256,0.0872429,0.161623,NONE,999.9,0,0
44.0839,11.8217,-2.92755,0.114736,1.85256,0.0872429,0.161623,NONE,999.9,0,0
44.0888,11.8401,-2.92535,0.115541,1.84566,0.0916636,0.16918,NONE,999.9,0,0
44.092,11.8401,-2.92535,0.115541,1.84566,0.0916636,0.16918,NONE,999.9,0,0
44.0962,11.8401,-2.92535,0.115541,1.84566,0.0916636,0.16918,NONE,999.9,0,0
44.1002,11.8586,-2.92309,0.116482,1.89017,0.0833998,0.15764,NONE,999.9,0,0
44.1043,11.8586,-2.92309,0.116482,1.89017,0.0833998,0.15764,NONE,999.9,0,0
44.1102,11.8776,-2.92078,0.117257,1.93256,0.0858862,0.16598,NONE,999.9,0,0
44.1123,11.8776,-2.92078,0.117257,1.93256,0.0858862,0.16598,NONE,999.9,0,0
44.1159,11.8776,-2.92078,0.117257,1.93256,0.0858862,0.16598,NONE,999.9,0,0
44.1201,11.897,-2.91838,0.118168,1.97294,0.082488,0.162744,NONE,999.9,0,0
44.1244,11.897,-2.91838,0.118168,1.97294,0.082488,0.162744,NONE,999.9,0,0
44.1293,11.9168,-2.91596,0.1187,2.01139,0.0153317,0.030838,NONE,999.9,0,0
44.132,11.9168,-2.91596,0.1187,2.01139,0.0153317,0.030838,NONE,999.9,0,0
44.1367,11.9168,-2.91596,0.1187,2.01139,0.0153317,0.030838,NONE,999.9,0,0
44.1408,11.9369,-2.91356,0.118342,2.04802,-0.0925255,-0.189494,NONE,999.9,0,0
44.1444,11.9369,-2.91356,0.118342,2.04802,-0.0925255,-0.189494,NONE,999.9,0,0
44.1496,11.9574,-2.91123,0.117009,2.0829,-0.154183,-0.321147,NONE,999.9,0,0
44.152,11.9574,-2.91123,0.117009,2.0829,-0.154183,-0.321147,NONE,999.9,0,0
44.1559,11.9574,-2.91123,0.117009,2.0829,-0.154183,-0.321147,NONE,999.9,0,0
44.1602,11.9783,-2.90894,0.115295,2.11613,-0.200093,-0.423423,NONE,999.9,0,0
44.1641,11.9783,-2.90894,0.115295,2.11613,-0.200093,-0.423423,NONE,999.9,0,0
44.1692,11.9995,-2.9067,0.113087,2.14777,-0.224877,-0.482984,NONE,999.9,0,0
44.1721,11.9995,-2.9067,0.113087,2.14777,-0.224877,-0.482984,NONE,999.9,0,0
44.1767,11.9995,-2.9067,0.113087,2.14777,-0.224877,-0.482984,NONE,999.9,0,0
44.18,12.021,-2.90449,0.110789,2.17792,-0.248229,-0.540622,NONE,999.9,0,0
44.184,12.021,-2.90449,0.110789,2.17792,-0.248229,-0.540622,NONE,999.9,0,0
44.1888,12.0428,-2.90234,0.108174,2.20662,-0.258985,-0.571483,NONE,999.9,0,0
44.1918,12.0428,-2.90234,0.108174,2.20662,-0.258985,-0.571483,NONE,999.9,0,0
44.1962,12.0428,-2.90234,0.108174,2.20662,-0.258985,-0.571483,NONE,999.9,0,0
44.2004,12.0649,-2.90021,0.105585,2.23397,-0.273325,-0.610598,NONE,999.9,0,0
44.2049,12.0649,-2.90021,0.105585,2.23397,-0.273325,-0.610598,NONE,999.9,0,0
44.2102,12.0873,-2.89814,0.102749,2.26001,-0.278232,-0.628807,NONE,999.9,0,0
44.2129,12.0873,-2.89814,0.102749,2.26001,-0.278232,-0.628807,NONE,999.9,0,0
44.2163,12.0873,-2.89814,0.102749,2.26001,-0.278232,-0.628807,NONE,999.9,0,0
44.2202,12.11,-2.8961,0.0999896,2.28481,-0.288608,-0.659415,NONE,999.9,0,0
44.2238,12.11,-2.8961,0.0999896,2.28481,-0.288608,-0.659415,NONE,999.9,0,0
44.229,12.1328,-2.89411,0.0970147,2.30844,-0.290833,-0.67137,NONE,999.9,0,0
44.2325,12.1328,-2.89411,0.0970147,2.30844,-0.290833,-0.67137,NONE,999.9,0,0
44.2364,12.1328,-2.89411,0.0970147,2.30844,-0.290833,-0.67137,NONE,999.9,0,0
44.2399,12.156,-2.89216,0.0941444,2.33414,-0.298287,-0.696244,NONE,999.9,0,0
44.2447,12.156,-2.89216,0.0941444,2.33414,-0.298287,-0.696244,NONE,999.9,0,0
44.2492,12.1794,-2.89027,0.091082,2.35862,-0.298854,-0.704884,NONE,999.9,0,0
44.2524,12.1794,-2.89027,0.091082,2.35862,-0.298854,-0.704884,NONE,999.9,0,0
44.2558,12.1794,-2.89027,0.091082,2.35862,-0.298854,-0.704884,NONE,999.9,0,0
44.2602,12.203,-2.88839,0.0884035,2.38194,-0.226901,-0.540465,NONE,999.9,0,0
44.2644,12.203,-2.88839,0.0884035,2.38194,-0.226901,-0.540465,NONE,999.9,0,0
44.2694,12.2268,-2.88648,0.0864284,2.40415,-0.186875,-0.449275,NONE,999.9,0,0
44.272,12.2268,-2.88648,0.0864284,2.40415,-0.186875,-0.449275,NONE,999.9,0,0
44.2763,12.2268,-2.88648,0.0864284,2.40415,-0.186875,-0.449275,NONE,999.9,0,0
44.2803,12.2509,-2.88458,0.0846476,2.4253,-0.155941,-0.378203,NONE,999.9,0,0
44.2839,12.2509,-2.88458,0.0846476,2.4253,-0.155941,-0.378203,NONE,999.9,0,0
44.289,12.2752,-2.88267,0.083243,2.44544,-0.14188,-0.34696,NONE,999.9,0,0
44.2918,12.2752,-2.88267,0.083243,2.44544,-0.14188,-0.34696,NONE,999.9,0,0
44.2965,12.2752,-2.88267,0.083243,2.44544,-0.14188,-0.34696,NONE,999.9,0,0
44.3006,12.2997,-2.88077,0.0818222,2.46463,-0.12751,-0.314266,NONE,999.9,0,0
44.3049,12.2997,-2.88077,0.0818222,2.46463,-0.12751,-0.314266,NONE,999.9,0,0
44.3103,12.3243,-2.87886,0.0806457,2.48291,-0.124027,-0.307947,NONE,999.9,0,0
44.3121,12.3243,-2.87886,0.0806457,2.48291,-0.124027,-0.307947,NONE,999.9,0,0
44.3165,12.3243,-2.87886,0.0806457,2.48291,-0.124027,-0.307947,NONE,999.9,0,0
44.3202,12.3492,-2.87698,0.0793661,2.50031,-0.116472,-0.291215,NONE,999.9,0,0
44.324,12.3492,-2.87698,0.0793661,2.50031,-0.116472,-0.291215,NONE,999.9,0,0
44.3293,12.3742,-2.87509,0.0782771,2.51689,-0.117358,-0.295378,NONE,999.9,0,0
44.3322,12.3742,-2.87509,0.0782771,2.51689,-0.117358,-0.295378,NONE,999.9,0,0
44.3363,12.3742,-2.87509,0.0782771,2.51689,-0.117358,-0.295378,NONE,999.9,0,0
44.3401,12.3994,-2.87323,0.0770484,2.53268,-0.112642,-0.285285,NONE,999.9,0,0
44.3444,12.3994,-2.87323,0.0770484,2.53268,-0.112642,-0.285285,NONE,999.9,0,0
44.3488,12.4247,-2.87137,0.0759885,2.54772,-0.115343,-0.293863,NONE,999.9,0,0
44.3527,12.4247,-2.87137,0.0759885,2.54772,-0.115343,-0.293863,NONE,999.9,0,0
44.3563,12.4247,-2.87137,0.0759885,2.54772,-0.115343,-0.293863,NONE,999.9,0,0
44.3604,12.4502,-2.86954,0.074631,2.56205,-0.153479,-0.393221,NONE,999.9,0,0
44.3646,12.4502,-2.86954,0.074631,2.56205,-0.153479,-0.393221,NONE,999.9,0,0
44.369,12.4758,-2.86778,0.0728307,2.58202,-0.217909,-0.562645,NONE,999.9,0,0
44.3763,12.4758,-2.86778,0.0728307,2.58202,-0.217909,-0.562645,NONE,999.9,0,0
44.3795,12.5017,-2.86611,0.0703685,2.60104,-0.256123,-0.666185,NONE,999.9,0,0
44.3813,12.5017,-2.86611,0.0703685,2.60104,-0.256123,-0.666185,NONE,999.9,0,0
44.3838,12.5017,-2.86611,0.0703685,2.60104,-0.256123,-0.666185,NONE,999.9,0,0
44.3891,12.5278,-2.86447,0.0679987,2.61915,-0.205515,-0.538276,NONE,999.9,0,0
44.392,12.5278,-2.86447,0.0679987,2.61915,-0.205515,-0.538276,NONE,999.9,0,0
44.3963,12.5278,-2.86447,0.0679987,2.61915,-0.205515,-0.538276,NONE,999.9,0,0
44.4003,12.554,-2.86283,0.0661731,2.63641,-0.177547,-0.468087,NONE,999.9,0,0
44.4045,12.554,-2.86283,0.0661731,2.63641,-0.177547,-0.468087,NONE,999.9,0,0
44.4102,12.5804,-2.86122,0.0644439,2.65284,-0.153953,-0.408413,NONE,999.9,0,0
44.412,12.5804,-2.86122,0.0644439,2.65284,-0.153953,-0.408413,NONE,999.9,0,0
44.4159,12.5804,-2.86122,0.0644439,2.65284,-0.153953,-0.408413,NONE,999.9,0,0
44.42,12.6069,-2.8596,0.063039,2.6685,-0.143844,-0.383847,NONE,999.9,0,0
44.4243,12.6069,-2.8596,0.063039,2.6685,-0.143844,-0.383847,NONE,999.9,0,0
44.4293,12.6336,-2.85802,0.0615829,2.6834,-0.132093,-0.35446,NONE,999.9,0,0
44.4319,12.6336,-2.85802,0.0615829,2.6834,-0.132093,-0.35446,NONE,999.9,0,0
44.4359,12.6336,-2.85802,0.0615829,2.6834,-0.132093,-0.35446,NONE,999.9,0,0
44.44,12.6605,-2.85645,0.0603551,2.6976,-0.129824,-0.350213,NONE,999.9,0,0
44.4442,12.6605,-2.85645,0.0603551,2.6976,-0.129824,-0.350213,NONE,999.9,0,0
44.4491,12.6875,-2.85491,0.0590109,2.71113,-0.12328,-0.334228,NONE,999.9,0,0
44.4522,12.6875,-2.85491,0.0590109,2.71113,-0.12328,-0.334228,NONE,999.9,0,0
44.4561,12.6875,-2.85491,0.0590109,2.71113,-0.12328,-0.334228,NONE,999.9,0,0
44.4605,12.7146,-2.85338,0.0578534,2.72401,-0.124447,-0.338995,NONE,999.9,0,0
44.464,12.7146,-2.85338,0.0578534,2.72401,-0.124447,-0.338995,NONE,999.9,0,0
44.469,12.7419,-2.85189,0.0565502,2.73628,-0.120182,-0.328852,NONE,999.9,0,0
44.4719,12.7419,-2.85189,0.0565502,2.73628,-0.120182,-0.328852,NONE,999.9,0,0
44.4767,12.7419,-2.85189,0.0565502,2.73628,-0.120182,-0.328852,NONE,999.9,0,0
44.4804,12.7693,-2.85041,0.0554162,2.74796,-0.122839,-0.337557,NONE,999.9,0,0
44.4841,12.7693,-2.85041,0.0554162,2.74796,-0.122839,-0.337557,NONE,999.9,0,0
44.4895,12.7968,-2.84897,0.0541234,2.75909,-0.119555,-0.329864,NONE,999.9,0,0
44.4924,12.7968,-2.84897,0.0541234,2.75909,-0.119555,-0.329864,NONE,999.9,0,0
44.496,12.7968,-2.84897,0.0541234,2.75909,-0.119555,-0.329864,NONE,999.9,0,0
44.5001,12.8244,-2.84754,0.0529991,2.78206,-0.120791,-0.336047,NONE,999.9,0,0
44.5041,12.8244,-2.84754,0.0529991,2.78206,-0.120791,-0.336047,NONE,999.9,0,0
44.5106,12.8523,-2.84614,0.0517326,2.80394,-0.117224,-0.32869,NONE,999.9,0,0
44.5133,12.8523,-2.84614,0.0517326,2.80394,-0.117224,-0.32869,NONE,999.9,0,0
44.516,12.8523,-2.84614,0.0517326,2.80394,-0.117224,-0.32869,NONE,999.9,0,0
44.5205,12.8805,-2.84475,0.0506234,2.82477,-0.120122,-0.339316,NONE,999.9,0,0
44.5243,12.8805,-2.84475,0.0506234,2.82477,-0.120122,-0.339316,NONE,999.9,0,0
44.5294,12.9088,-2.8434,0.0493572,2.84461,-0.117614,-0.334565,NONE,999.9,0,0
44.5321,12.9088,-2.8434,0.0493572,2.84461,-0.117614,-0.334565,NONE,999.9,0,0
44.5362,12.9088,-2.8434,0.0493572,2.84461,-0.117614,-0.334565,NONE,999.9,0,0
44.5404,12.9373,-2.84205,0.0482414,2.86351,-0.121156,-0.346931,NONE,999.9,0,0
44.5449,12.9373,-2.84205,0.0482414,2.86351,-0.121156,-0.346931,NONE,999.9,0,0
44.5488,12.966,-2.84075,0.046962,2.88152,-0.119039,-0.343014,NONE,999.9,0,0
44.5525,12.966,-2.84075,0.046962,2.88152,-0.119039,-0.343014,NONE,999.9,0,0
44.5565,12.966,-2.84075,0.046962,2.88152,-0.119039,-0.343014,NONE,999.9,0,0
44.563,12.9948,-2.83945,0.0458314,2.89866,-0.122794,-0.355937,NONE,999.9,0,0
44.5649,12.9948,-2.83945,0.0458314,2.89866,-0.122794,-0.355937,NONE,999.9,0,0
44.5691,13.0239,-2.8382,0.0445344,2.91499,-0.120787,-0.352095,NONE,999.9,0,0
44.5721,13.0239,-2.8382,0.0445344,2.91499,-0.120787,-0.352095,NONE,999.9,0,0
44.5765,13.0239,-2.8382,0.0445344,2.91499,-0.120787,-0.352095,NONE,999.9,0,0
44.5823,13.0531,-2.83696,0.0433867,2.93055,-0.124575,-0.365072,NONE,999.9,0,0
44.5845,13.0531,-2.83696,0.0433867,2.93055,-0.124575,-0.365072,NONE,999.9,0,0
44.59,13.0824,-2.83575,0.0420714,2.94536,-0.122565,-0.360997,NONE,999.9,0,0
44.592,13.0824,-2.83575,0.0420714,2.94536,-0.122565,-0.360997,NONE,999.9,0,0
44.5963,13.0824,-2.83575,0.0420714,2.94536,-0.122565,-0.360997,NONE,999.9,0,0
44.6004,13.1119,-2.83457,0.0409066,2.95947,-0.126315,-0.373826,NONE,999.9,0,0
44.6044,13.1119,-2.83457,0.0409066,2.95947,-0.126315,-0.373826,NONE,999.9,0,0
44.6104,13.1416,-2.83343,0.0395736,2.97291,-0.124259,-0.369409,NONE,999.9,0,0
44.6126,13.1416,-2.83343,0.0395736,2.97291,-0.124259,-0.369409,NONE,999.9,0,0
44.6162,13.1416,-2.83343,0.0395736,2.97291,-0.124259,-0.369409,NONE,999.9,0,0
44.6255,13.1714,-2.8323,0.0383926,2.98571,-0.127948,-0.382017,NONE,999.9,0,0
44.6276,13.1714,-2.8323,0.0383926,2.98571,-0.127948,-0.382017,NONE,999.9,0,0
44.6303,13.2013,-2.83122,0.0370431,2.9979,-0.125833,-0.377234,NONE,999.9,0,0
44.6321,13.2013,-2.83122,0.0370431,2.9979,-0.125833,-0.377234,NONE,999.9,0,0
44.6362,13.2013,-2.83122,0.0370431,2.9979,-0.125833,-0.377234,NONE,999.9,0,0
44.6406,13.2313,-2.83016,0.0358472,3.00951,-0.129458,-0.389604,NONE,999.9,0,0
44.6443,13.2313,-2.83016,0.0358472,3.00951,-0.129458,-0.389604,NONE,999.9,0,0
44.6496,13.2614,-2.82914,0.0344825,3.02057,-0.127282,-0.384463,NONE,999.9,0,0
44.6522,13.2614,-2.82914,0.0344825,3.02057,-0.127282,-0.384463,NONE,999.9,0,0
44.6562,13.2614,-2.82914,0.0344825,3.02057,-0.127282,-0.384463,NONE,999.9,0,0
44.6602,13.2917,-2.82814,0.0332801,3.04222,-0.128704,-0.391545,NONE,999.9,0,0
44.6642,13.2917,-2.82814,0.0332801,3.04222,-0.128704,-0.391545,NONE,999.9,0,0
44.6693,13.3222,-2.82718,0.0319318,3.06284,-0.125572,-0.384606,NONE,999.9,0,0
44.6726,13.3222,-2.82718,0.0319318,3.06284,-0.125572,-0.384606,NONE,999.9,0,0
44.6764,13.3222,-2.82718,0.0319318,3.06284,-0.125572,-0.384606,NONE,999.9,0,0
44.6814,13.3529,-2.82625,0.0307401,3.08248,-0.128332,-0.39558,NONE,999.9,0,0
44.685,13.3529,-2.82625,0.0307401,3.08248,-0.128332,-0.39558,NONE,999.9,0,0
44.6897,13.3838,-2.82535,0.0293914,3.1022,-0.12591,-0.390597,NONE,999.9,0,0
44.6923,13.3838,-2.82535,0.0293914,3.1022,-0.12591,-0.390597,NONE,999.9,0,0
44.696,13.3838,-2.82535,0.0293914,3.1022,-0.12591,-0.390597,NONE,999.9,0,0
44.7003,13.4149,-2.82448,0.0281943,3.12098,-0.129104,-0.402932,NONE,999.9,0,0
44.7042,13.4149,-2.82448,0.0281943,3.12098,-0.129104,-0.402932,NONE,999.9,0,0
44.7095,13.4462,-2.82365,0.0268347,3.13888,-0.127162,-0.399147,NONE,999.9,0,0
44.7129,13.4462,-2.82365,0.0268347,3.13888,-0.127162,-0.399147,NONE,999.9,0,0
44.7164,13.4462,-2.82365,0.0268347,3.13888,-0.127162,-0.399147,NONE,999.9,0,0
44.7206,13.4777,-2.82284,0.0256241,3.15592,-0.130647,-0.412311,NONE,999.9,0,0
44.724,13.4777,-2.82284,0.0256241,3.15592,-0.130647,-0.412311,NONE,999.9,0,0
44.7293,13.5093,-2.82208,0.0242475,3.17215,-0.128871,-0.408797,NONE,999.9,0,0
44.7322,13.5093,-2.82208,0.0242475,3.17215,-0.128871,-0.408797,NONE,999.9,0,0
44.7367,13.5093,-2.82208,0.0242475,3.17215,-0.128871,-0.408797,NONE,999.9,0,0
44.7402,13.5411,-2.82134,0.02302,3.18761,-0.132435,-0.42215,NONE,999.9,0,0
44.7445,13.5411,-2.82134,0.02302,3.18761,-0.132435,-0.42215,NONE,999.9,0,0
44.7495,13.5731,-2.82066,0.0216249,3.20233,-0.130683,-0.418491,NONE,999.9,0,0
44.7521,13.5731,-2.82066,0.0216249,3.20233,-0.130683,-0.418491,NONE,999.9,0,0
44.756,13.5731,-2.82066,0.0216249,3.20233,-0.130683,-0.418491,NONE,999.9,0,0
44.76,13.6051,-2.81999,0.0203798,3.21636,-0.134234,-0.431746,NONE,999.9,0,0
44.7641,13.6051,-2.81999,0.0203798,3.21636,-0.134234,-0.431746,NONE,999.9,0,0
44.7691,13.6374,-2.81938,0.0189663,3.22971,-0.132448,-0.42777,NONE,999.9,0,0
44.772,13.6374,-2.81938,0.0189663,3.22971,-0.132448,-0.42777,NONE,999.9,0,0
44.7767,13.6374,-2.81938,0.0189663,3.22971,-0.132448,-0.42777,NONE,999.9,0,0
44.7876,13.6697,-2.81879,0.0177043,3.24244,-0.13595,-0.440809,NONE,999.9,0,0
44.7908,13.7022,-2.81825,0.0162735,3.25455,-0.134107,-0.43646,NONE,999.9,0,0
44.7926,13.7022,-2.81825,0.0162735,3.25455,-0.134107,-0.43646,NONE,999.9,0,0
44.797,13.7022,-2.81825,0.0162735,3.25455,-0.134107,-0.43646,NONE,999.9,0,0
44.8019,13.7348,-2.81774,0.0150036,3.27613,-0.135353,-0.443434,NONE,999.9,0,0
44.804,13.7348,-2.81774,0.0150036,3.27613,-0.135353,-0.443434,NONE,999.9,0,0
44.8101,13.7677,-2.81728,0.0135879,3.29668,-0.132396,-0.436469,NONE,999.9,0,0
44.8123,13.7677,-2.81728,0.0135879,3.29668,-0.132396,-0.436469,NONE,999.9,0,0
44.8166,13.7677,-2.81728,0.0135879,3.29668,-0.132396,-0.436469,NONE,999.9,0,0
44.8218,13.8008,-2.81685,0.012329,3.31626,-0.134944,-0.44751,NONE,999.9,0,0
44.8243,13.8008,-2.81685,0.012329,3.31626,-0.134944,-0.44751,NONE,999.9,0,0
44.8291,13.834,-2.81647,0.0109121,3.3349,-0.132866,-0.443095,NONE,999.9,0,0
44.832,13.834,-2.81647,0.0109121,3.3349,-0.132866,-0.443095,NONE,999.9,0,0
44.8364,13.834,-2.81647,0.0109121,3.3349,-0.132866,-0.443095,NONE,999.9,0,0
44.8407,13.8675,-2.81612,0.00964598,3.35266,-0.135996,-0.455948,NONE,999.9,0,0
44.8446,13.8675,-2.81612,0.00964598,3.35266,-0.135996,-0.455948,NONE,999.9,0,0
44.8496,13.9011,-2.81582,0.00821588,3.36957,-0.134289,-0.452498,NONE,999.9,0,0
44.8529,13.9011,-2.81582,0.00821588,3.36957,-0.134289,-0.452498,NONE,999.9,0,0
44.8561,13.9011,-2.81582,0.00821588,3.36957,-0.134289,-0.452498,NONE,999.9,0,0
44.8601,13.9348,-2.81555,0.00693496,3.38568,-0.137648,-0.466031,NONE,999.9,0,0
44.8644,13.9348,-2.81555,0.00693496,3.38568,-0.137648,-0.466031,NONE,999.9,0,0
44.8692,13.9688,-2.81534,0.00548707,3.40102,-0.136067,-0.462767,NONE,999.9,0,0
44.8723,13.9688,-2.81534,0.00548707,3.40102,-0.136067,-0.462767,NONE,999.9,0,0
44.8769,13.9688,-2.81534,0.00548707,3.40102,-0.136067,-0.462767,NONE,999.9,0,0
44.8812,14.0029,-2.81515,0.0041886,3.41564,-0.139484,-0.476428,NONE,999.9,0,0
44.884,14.0029,-2.81515,0.0041886,3.41564,-0.139484,-0.476428,NONE,999.9,0,0
44.889,14.0371,-2.81503,0.00272175,3.42955,-0.137914,-0.472984,NONE,999.9,0,0
44.892,14.0371,-2.81503,0.00272175,3.42955,-0.137914,-0.472984,NONE,999.9,0,0
44.896,14.0371,-2.81503,0.00272175,3.42955,-0.137914,-0.472984,NONE,999.9,0,0
44.9,14.0714,-2.81493,0.00140539,3.44281,-0.141313,-0.486515,NONE,999.9,0,0
44.9044,14.0714,-2.81493,0.00140539,3.44281,-0.141313,-0.486515,NONE,999.9,0,0
44.9103,14.1059,-2.8149,-8.00363e-05,3.45544,-0.139703,-0.482737,NONE,999.9,0,0
44.912,14.1059,-2.8149,-8.00363e-05,3.45544,-0.139703,-0.482737,NONE,999.9,0,0
44.9161,14.1059,-2.8149,-8.00363e-05,3.45544,-0.139703,-0.482737,NONE,999.9,0,0
44.9201,14.1406,-2.81489,-0.00141358,3.46746,-0.143052,-0.496029,NONE,999.9,0,0
44.9239,14.1406,-2.81489,-0.00141358,3.46746,-0.143052,-0.496029,NONE,999.9,0,0
44.9289,14.1753,-2.81495,-0.00291652,3.47892,-0.141383,-0.491861,NONE,999.9,0,0
44.9319,14.1753,-2.81495,-0.00291652,3.47892,-0.141383,-0.491861,NONE,999.9,0,0
44.9365,14.1753,-2.81495,-0.00291652,3.47892,-0.141383,-0.491861,NONE,999.9,0,0
44.9409,14.2101,-2.81504,-0.00426614,3.48983,-0.144671,-0.504877,NONE,999.9,0,0
44.9444,14.2101,-2.81504,-0.00426614,3.48983,-0.144671,-0.504877,NONE,999.9,0,0
44.9491,14.2451,-2.81519,-0.00578534,3.50022,-0.142938,-0.500315,NONE,999.9,0,0
44.952,14.2451,-2.81519,-0.00578534,3.50022,-0.142938,-0.500315,NONE,999.9,0,0
44.9567,14.2451,-2.81519,-0.00578534,3.50022,-0.142938,-0.500315,NONE,999.9,0,0
44.96,14.2802,-2.81538,-0.00714116,3.51913,-0.143893,-0.506378,NONE,999.9,0,0
44.9639,14.2802,-2.81538,-0.00714116,3.51913,-0.143893,-0.506378,NONE,999.9,0,0
44.9694,14.3155,-2.81562,-0.00864292,3.53715,-0.140896,-0.49837,NONE,999.9,0,0
44.9723,14.3155,-2.81562,-0.00864292,3.53715,-0.140896,-0.49837,NONE,999.9,0,0
44.9764,14.3155,-2.81562,-0.00864292,3.53715,-0.140896,-0.49837,NONE,999.9,0,0
44.98,14.3509,-2.8159,-0.00983963,3.55431,-0.100527,-0.357305,NONE,999.9,0,0
44.9841,14.3509,-2.8159,-0.00983963,3.55431,-0.100527,-0.357305,NONE,999.9,0,0
44.989,14.3865,-2.81617,-0.0105415,3.56284,-0.0271765,-0.0968254,NONE,999.9,0,0
44.9919,14.3865,-2.81617,-0.0105415,3.56284,-0.0271765,-0.0968254,NONE,999.9,0,0
44.9959,14.3865,-2.81617,-0.0105415,3.56284,-0.0271765,-0.0968254,NONE,999.9,0,0
45.0003,14.4222,-2.81641,-0.01047,3.57097,0.0223947,0.0799707,NONE,999.9,0,0
45.0042,14.4222,-2.81641,-0.01047,3.57097,0.0223947,0.0799707,NONE,999.9,0,0
45.0102,14.4579,-2.81665,-0.0101151,3.57871,0.0629464,0.225266,NONE,999.9,0,0
45.0121,14.4579,-2.81665,-0.0101151,3.57871,0.0629464,0.225266,NONE,999.9,0,0
45.016,14.4579,-2.81665,-0.0101151,3.57871,0.0629464,0.225266,NONE,999.9,0,0
45.0201,14.4937,-2.81685,-0.00926983,3.58608,0.0881892,0.316253,NONE,999.9,0,0
45.0239,14.4937,-2.81685,-0.00926983,3.58608,0.0881892,0.316253,NONE,999.9,0,0
45.0289,14.5296,-2.81704,-0.00835185,3.5931,0.110752,0.397943,NONE,999.9,0,0
45.032,14.5296,-2.81704,-0.00835185,3.5931,0.110752,0.397943,NONE,999.9,0,0
45.0361,14.5296,-2.81704,-0.00835185,3.5931,0.110752,0.397943,NONE,999.9,0,0
45.04,14.5656,-2.8172,-0.00709795,3.59978,0.122736,0.441824,NONE,999.9,0,0
45.0446,14.5656,-2.8172,-0.00709795,3.59978,0.122736,0.441824,NONE,999.9,0,0
45.0489,14.6016,-2.81735,-0.00588594,3.60615,0.135566,0.488872,NONE,999.9,0,0
45.0527,14.6016,-2.81735,-0.00588594,3.60615,0.135566,0.488872,NONE,999.9,0,0
45.0559,14.6016,-2.81735,-0.00588594,3.60615,0.135566,0.488872,NONE,999.9,0,0
45.0601,14.6377,-2.81745,-0.00442114,3.61222,0.140434,0.507279,NONE,999.9,0,0
45.0645,14.6377,-2.81745,-0.00442114,3.61222,0.140434,0.507279,NONE,999.9,0,0
45.0691,14.6739,-2.81753,-0.00305965,3.618,0.148089,0.535785,NONE,999.9,0,0
45.072,14.6739,-2.81753,-0.00305965,3.618,0.148089,0.535785,NONE,999.9,0,0
45.0769,14.6739,-2.81753,-0.00305965,3.618,0.148089,0.535785,NONE,999.9,0,0
45.081,14.7101,-2.81756,-0.00148915,3.6235,0.149213,0.540674,NONE,999.9,0,0
45.0845,14.7101,-2.81756,-0.00148915,3.6235,0.149213,0.540674,NONE,999.9,0,0
45.0891,14.7463,-2.81757,-5.42665e-05,3.62874,0.154179,0.559477,NONE,999.9,0,0
45.0919,14.7463,-2.81757,-5.42665e-05,3.62874,0.154179,0.559477,NONE,999.9,0,0
45.0961,14.7463,-2.81757,-5.42665e-05,3.62874,0.154179,0.559477,NONE,999.9,0,0
45.1002,14.7826,-2.81753,0.00156718,3.63373,0.153387,0.557367,NONE,999.9,0,0
45.1042,14.7826,-2.81753,0.00156718,3.63373,0.153387,0.557367,NONE,999.9,0,0
45.1092,14.819,-2.81747,0.002883,3.63849,0.111845,0.406947,NONE,999.9,0,0
45.1127,14.819,-2.81747,0.002883,3.63849,0.111845,0.406947,NONE,999.9,0,0
45.1168,14.819,-2.81747,0.002883,3.63849,0.111845,0.406947,NONE,999.9,0,0
45.1204,14.8554,-2.81741,0.0036859,3.64302,0.0358077,0.130448,NONE,999.9,0,0
45.124,14.8554,-2.81741,0.0036859,3.64302,0.0358077,0.130448,NONE,999.9,0,0
45.1293,14.8919,-2.81739,0.00368714,3.64733,-0.0161311,-0.0588353,NONE,999.9,0,0
45.1324,14.8919,-2.81739,0.00368714,3.64733,-0.0161311,-0.0588353,NONE,999.9,0,0
45.1365,14.8919,-2.81739,0.00368714,3.64733,-0.0161311,-0.0588353,NONE,999.9,0,0
45.1404,14.9284,-2.81738,0.00338759,3.65884,-0.0578546,-0.211681,NONE,999.9,0,0
45.1442,14.9284,-2.81738,0.00338759,3.65884,-0.0578546,-0.211681,NONE,999.9,0,0
45.149,14.965,-2.81741,0.00258795,3.66981,-0.0844018,-0.309739,NONE,999.9,0,0
45.1523,14.965,-2.81741,0.00258795,3.66981,-0.0844018,-0.309739,NONE,999.9,0,0
45.1562,14.965,-2.81741,0.00258795,3.66981,-0.0844018,-0.309739,NONE,999.9,0,0
45.1603,15.0018,-2.81744,0.00170164,3.68026,-0.107917,-0.397164,NONE,999.9,0,0
45.1645,15.0018,-2.81744,0.00170164,3.68026,-0.107917,-0.397164,NONE,999.9,0,0
45.1693,15.0386,-2.81751,0.000472074,3.69021,-0.120924,-0.446234,NONE,999.9,0,0
45.172,15.0386,-2.81751,0.000472074,3.69021,-0.120924,-0.446234,NONE,999.9,0,0
45.1764,15.0386,-2.81751,0.000472074,3.69021,-0.120924,-0.446234,NONE,999.9,0,0
45.1803,15.0756,-2.8176,-0.000726432,3.69969,-0.134415,-0.497293,NONE,999.9,0,0
45.1842,15.0756,-2.8176,-0.000726432,3.69969,-0.134415,-0.497293,NONE,999.9,0,0
45.1889,15.1126,-2.81774,-0.00218245,3.70871,-0.14003,-0.519329,NONE,999.9,0,0
45.1921,15.1126,-2.81774,-0.00218245,3.70871,-0.14003,-0.519329,NONE,999.9,0,0
45.1963,15.1126,-2.81774,-0.00218245,3.70871,-0.14003,-0.519329,NONE,999.9,0,0
45.2002,15.1498,-2.81789,-0.00354318,3.71731,-0.148102,-0.550541,NONE,999.9,0,0
45.2042,15.1498,-2.81789,-0.00354318,3.71731,-0.148102,-0.550541,NONE,999.9,0,0
45.2101,15.187,-2.81809,-0.00511556,3.7255,-0.149764,-0.557944,NONE,999.9,0,0
45.2124,15.187,-2.81809,-0.00511556,3.7255,-0.149764,-0.557944,NONE,999.9,0,0
45.2168,15.187,-2.81809,-0.00511556,3.7255,-0.149764,-0.557944,NONE,999.9,0,0
45.2201,15.2243,-2.8183,-0.00625479,3.7333,-0.0656559,-0.245113,NONE,999.9,0,0
45.2243,15.2243,-2.8183,-0.00625479,3.7333,-0.0656559,-0.245113,NONE,999.9,0,0
45.2294,15.2616,-2.81846,-0.0065202,3.74072,-0.00684471,-0.0256042,NONE,999.9,0,0
45.232,15.2616,-2.81846,-0.0065202,3.74072,-0.00684471,-0.0256042,NONE,999.9,0,0
45.2359,15.2616,-2.81846,-0.0065202,3.74072,-0.00684471,-0.0256042,NONE,999.9,0,0
45.24,15.2991,-2.81861,-0.00641945,3.7478,0.0411653,0.154279,NONE,999.9,0,0
45.2446,15.2991,-2.81861,-0.00641945,3.7478,0.0411653,0.154279,NONE,999.9,0,0
45.2489,15.3366,-2.81872,-0.0057593,3.75454,0.0726826,0.27289,NONE,999.9,0,0
45.2521,15.3366,-2.81872,-0.0057593,3.75454,0.0726826,0.27289,NONE,999.9,0,0
45.256,15.3366,-2.81872,-0.0057593,3.75454,0.0726826,0.27289,NONE,999.9,0,0
45.2604,15.3742,-2.81881,-0.0049713,3.76096,0.100117,0.376537,NONE,999.9,0,0
45.264,15.3742,-2.81881,-0.0049713,3.76096,0.100117,0.376537,NONE,999.9,0,0
45.2708,15.4118,-2.81887,-0.00380246,3.76707,0.11617,0.43762,NONE,999.9,0,0
45.2727,15.4118,-2.81887,-0.00380246,3.76707,0.11617,0.43762,NONE,999.9,0,0
45.2761,15.4118,-2.81887,-0.00380246,3.76707,0.11617,0.43762,NONE,999.9,0,0
45.2801,15.4495,-2.81892,-0.0026399,3.77152,0.132247,0.498772,NONE,999.9,0,0
45.2839,15.4495,-2.81892,-0.0026399,3.77152,0.132247,0.498772,NONE,999.9,0,0
45.2891,15.4872,-2.81891,-0.00119374,3.77576,0.139783,0.527785,NONE,999.9,0,0
45.2923,15.4872,-2.81891,-0.00119374,3.77576,0.139783,0.527785,NONE,999.9,0,0
45.2959,15.4872,-2.81891,-0.00119374,3.77576,0.139783,0.527785,NONE,999.9,0,0
45.3002,15.525,-2.81889,0.000170559,3.77979,0.149339,0.564472,NONE,999.9,0,0
45.3042,15.525,-2.81889,0.000170559,3.77979,0.149339,0.564472,NONE,999.9,0,0
45.3095,15.5628,-2.81882,0.00176243,3.78364,0.152049,0.575299,NONE,999.9,0,0
45.3124,15.5628,-2.81882,0.00176243,3.78364,0.152049,0.575299,NONE,999.9,0,0
45.3159,15.5628,-2.81882,0.00176243,3.78364,0.152049,0.575299,NONE,999.9,0,0
45.3203,15.6007,-2.81872,0.00323058,3.7873,0.158055,0.598601,NONE,999.9,0,0
45.3247,15.6007,-2.81872,0.00323058,3.7873,0.158055,0.598601,NONE,999.9,0,0
45.3289,15.6386,-2.81856,0.00489605,3.79078,0.158166,0.599573,NONE,999.9,0,0
45.3321,15.6386,-2.81856,0.00489605,3.79078,0.158166,0.599573,NONE,999.9,0,0
45.336,15.6386,-2.81856,0.00489605,3.79078,0.158166,0.599573,NONE,999.9,0,0
45.34,15.6765,-2.81837,0.00641529,3.79411,0.162286,0.615729,NONE,999.9,0,0
45.3442,15.6765,-2.81837,0.00641529,3.79411,0.162286,0.615729,NONE,999.9,0,0
45.349,15.7145,-2.81813,0.00811602,3.79727,0.161038,0.611506,NONE,999.9,0,0
45.3524,15.7145,-2.81813,0.00811602,3.79727,0.161038,0.611506,NONE,999.9,0,0
45.3567,15.7145,-2.81813,0.00811602,3.79727,0.161038,0.611506,NONE,999.9,0,0
45.3606,15.7524,-2.81787,0.00934843,3.80028,0.0728305,0.276776,NONE,999.9,0,0
45.3639,15.7524,-2.81787,0.00934843,3.80028,0.0728305,0.276776,NONE,999.9,0,0
45.3687,15.7905,-2.81765,0.0096677,3.80315,0.0109177,0.0415216,NONE,999.9,0,0
45.3719,15.7905,-2.81765,0.0096677,3.80315,0.0109177,0.0415216,NONE,999.9,0,0
45.3762,15.7905,-2.81765,0.0096677,3.80315,0.0109177,0.0415216,NONE,999.9,0,0
45.3804,15.8285,-2.81743,0.00959673,3.80589,-0.0395014,-0.150338,NONE,999.9,0,0
45.3863,15.8285,-2.81743,0.00959673,3.80589,-0.0395014,-0.150338,NONE,999.9,0,0
45.3901,15.8666,-2.81725,0.0089424,3.80849,-0.0727939,-0.277235,NONE,999.9,0,0
45.3921,15.8666,-2.81725,0.0089424,3.80849,-0.0727939,-0.277235,NONE,999.9,0,0
45.3959,15.8666,-2.81725,0.0089424,3.80849,-0.0727939,-0.277235,NONE,999.9,0,0
45.4002,15.9047,-2.81707,0.00814762,3.81097,-0.101594,-0.38717,NONE,999.9,0,0
45.4042,15.9047,-2.81707,0.00814762,3.81097,-0.101594,-0.38717,NONE,999.9,0,0
45.4098,15.9428,-2.81692,0.0069576,3.81333,-0.118601,-0.452264,NONE,999.9,0,0
45.4126,15.9428,-2.81692,0.0069576,3.81333,-0.118601,-0.452264,NONE,999.9,0,0
45.4163,15.9428,-2.81692,0.0069576,3.81333,-0.118601,-0.452264,NONE,999.9,0,0
45.4202,15.9809,-2.81679,0.00576893,3.81558,-0.135174,-0.515766,NONE,999.9,0,0
45.4243,15.9809,-2.81679,0.00576893,3.81558,-0.135174,-0.515766,NONE,999.9,0,0
45.4289,16.0191,-2.8167,0.00429644,3.8228,-0.142357,-0.544203,NONE,999.9,0,0
45.432,16.0191,-2.8167,0.00429644,3.8228,-0.142357,-0.544203,NONE,999.9,0,0
45.4361,16.0191,-2.8167,0.00429644,3.8228,-0.142357,-0.544203,NONE,999.9,0,0
45.4402,16.0574,-2.81663,0.00290751,3.82968,-0.151483,-0.580131,NONE,999.9,0,0
45.4452,16.0574,-2.81663,0.00290751,3.82968,-0.151483,-0.580131,NONE,999.9,0,0
45.4492,16.0957,-2.8166,0.00129641,3.83624,-0.153962,-0.590635,NONE,999.9,0,0
45.4525,16.0957,-2.8166,0.00129641,3.83624,-0.153962,-0.590635,NONE,999.9,0,0
45.4561,16.0957,-2.8166,0.00129641,3.83624,-0.153962,-0.590635,NONE,999.9,0,0
45.4605,16.1341,-2.8166,-0.000190228,3.84248,-0.159648,-0.613443,NONE,999.9,0,0
45.4639,16.1341,-2.8166,-0.000190228,3.84248,-0.159648,-0.613443,NONE,999.9,0,0
45.4686,16.1726,-2.81665,-0.00187004,3.84842,-0.159628,-0.614317,NONE,999.9,0,0
45.4721,16.1726,-2.81665,-0.00187004,3.84842,-0.159628,-0.614317,NONE,999.9,0,0
45.4763,16.1726,-2.81665,-0.00187004,3.84842,-0.159628,-0.614317,NONE,999.9,0,0
45.4802,16.2111,-2.81671,-0.00309655,3.85408,-0.0730961,-0.281719,NONE,999.9,0,0
45.4844,16.2111,-2.81671,-0.00309655,3.85408,-0.0730961,-0.281719,NONE,999.9,0,0
45.4889,16.2497,-2.81673,-0.00342361,3.85947,-0.0119146,-0.045984,NONE,999.9,0,0
45.4918,16.2497,-2.81673,-0.00342361,3.85947,-0.0119146,-0.045984,NONE,999.9,0,0
45.4959,16.2497,-2.81673,-0.00342361,3.85947,-0.0119146,-0.045984,NONE,999.9,0,0
45.5,16.2883,-2.81673,-0.00336387,3.86461,0.0381329,0.147369,NONE,999.9,0,0
45.5042,16.2883,-2.81673,-0.00336387,3.86461,0.0381329,0.147369,NONE,999.9,0,0
45.5091,16.3269,-2.81671,-0.00272393,3.8695,0.0714942,0.276647,NONE,999.9,0,0
45.513,16.3269,-2.81671,-0.00272393,3.8695,0.0714942,0.276647,NONE,999.9,0,0
45.5162,16.3269,-2.81671,-0.00272393,3.8695,0.0714942,0.276647,NONE,999.9,0,0
45.5201,16.3657,-2.81667,-0.00194093,3.87416,0.100391,0.388932,NONE,999.9,0,0
45.5239,16.3657,-2.81667,-0.00194093,3.87416,0.100391,0.388932,NONE,999.9,0,0
45.5287,16.4044,-2.81659,-0.000762135,3.8786,0.117721,0.456591,NONE,999.9,0,0
45.5318,16.4044,-2.81659,-0.000762135,3.8786,0.117721,0.456591,NONE,999.9,0,0
45.5359,16.4044,-2.81659,-0.000762135,3.8786,0.117721,0.456591,NONE,999.9,0,0
45.5403,16.4432,-2.81651,0.000419563,3.88283,0.13451,0.522279,NONE,999.9,0,0
45.5443,16.4432,-2.81651,0.000419563,3.88283,0.13451,0.522279,NONE,999.9,0,0
45.5494,16.4821,-2.81637,0.00189195,3.88685,0.142728,0.554761,NONE,999.9,0,0
45.5523,16.4821,-2.81637,0.00189195,3.88685,0.142728,0.554761,NONE,999.9,0,0
45.5575,16.4821,-2.81637,0.00189195,3.88685,0.142728,0.554761,NONE,999.9,0,0
45.5605,16.521,-2.81622,0.00328778,3.89069,0.152692,0.594075,NONE,999.9,0,0
45.5639,16.521,-2.81622,0.00328778,3.89069,0.152692,0.594075,NONE,999.9,0,0
45.5694,16.5599,-2.81602,0.00491281,3.89633,0.155465,0.605744,NONE,999.9,0,0
45.572,16.5599,-2.81602,0.00491281,3.89633,0.155465,0.605744,NONE,999.9,0,0
45.5766,16.5599,-2.81602,0.00491281,3.89633,0.155465,0.605744,NONE,999.9,0,0
45.581,16.5989,-2.81579,0.00641519,3.9017,0.161352,0.629548,NONE,999.9,0,0
45.584,16.5989,-2.81579,0.00641519,3.9017,0.161352,0.629548,NONE,999.9,0,0
45.5894,16.6379,-2.81551,0.0081134,3.90682,0.161537,0.631096,NONE,999.9,0,0
45.592,16.6379,-2.81551,0.0081134,3.90682,0.161537,0.631096,NONE,999.9,0,0
45.5961,16.6379,-2.81551,0.0081134,3.90682,0.161537,0.631096,NONE,999.9,0,0
45.6001,16.677,-2.81522,0.00935791,3.91169,0.074691,0.292168,NONE,999.9,0,0
45.6043,16.677,-2.81522,0.00935791,3.91169,0.074691,0.292168,NONE,999.9,0,0
45.6101,16.7162,-2.81497,0.00969817,3.91633,0.012997,0.0509005,NONE,999.9,0,0
45.6132,16.7162,-2.81497,0.00969817,3.91633,0.012997,0.0509005,NONE,999.9,0,0
45.6163,16.7162,-2.81497,0.00969817,3.91633,0.012997,0.0509005,NONE,999.9,0,0
45.62,16.7554,-2.81472,0.00964696,3.92075,-0.0375678,-0.147294,NONE,999.9,0,0
45.6241,16.7554,-2.81472,0.00964696,3.92075,-0.0375678,-0.147294,NONE,999.9,0,0
45.6291,16.7946,-2.81451,0.00900961,3.92496,-0.0714855,-0.280578,NONE,999.9,0,0
45.6319,16.7946,-2.81451,0.00900961,3.92496,-0.0714855,-0.280578,NONE,999.9,0,0
45.636,16.7946,-2.81451,0.00900961,3.92496,-0.0714855,-0.280578,NONE,999.9,0,0
45.6402,16.8339,-2.81431,0.00822457,3.92898,-0.100848,-0.39623,NONE,999.9,0,0
45.6442,16.8339,-2.81431,0.00822457,3.92898,-0.100848,-0.39623,NONE,999.9,0,0
45.6489,16.8732,-2.81414,0.00703867,3.9328,-0.11863,-0.466546,NONE,999.9,0,0
45.6524,16.8732,-2.81414,0.00703867,3.9328,-0.11863,-0.466546,NONE,999.9,0,0
45.6564,16.8732,-2.81414,0.00703867,3.9328,-0.11863,-0.466546,NONE,999.9,0,0
45.6602,16.9125,-2.81399,0.00584636,3.93643,-0.135756,-0.534394,NONE,999.9,0,0
45.6639,16.9125,-2.81399,0.00584636,3.93643,-0.135756,-0.534394,NONE,999.9,0,0
45.6689,16.9519,-2.81388,0.00435968,3.9399,-0.144291,-0.568494,NONE,999.9,0,0
45.6719,16.9519,-2.81388,0.00435968,3.9399,-0.144291,-0.568494,NONE,999.9,0,0
45.6768,16.9519,-2.81388,0.00435968,3.9399,-0.144291,-0.568494,NONE,999.9,0,0
45.6802,16.9913,-2.81379,0.00294732,3.9432,-0.154464,-0.609081,NONE,999.9,0,0
45.6839,16.9913,-2.81379,0.00294732,3.9432,-0.154464,-0.609081,NONE,999.9,0,0
45.6888,17.0307,-2.81375,0.00130074,3.94635,-0.157792,-0.622702,NONE,999.9,0,0
45.6918,17.0307,-2.81375,0.00130074,3.94635,-0.157792,-0.622702,NONE,999.9,0,0
45.6959,17.0307,-2.81375,0.00130074,3.94635,-0.157792,-0.622702,NONE,999.9,0,0
45.7002,17.0702,-2.81373,-0.000226164,3.94934,-0.164089,-0.648042,NONE,999.9,0,0
45.7042,17.0702,-2.81373,-0.000226164,3.94934,-0.164089,-0.648042,NONE,999.9,0,0
45.7103,17.1097,-2.81378,-0.00195403,3.95219,-0.16455,-0.650332,NONE,999.9,0,0
45.7123,17.1097,-2.81378,-0.00195403,3.95219,-0.16455,-0.650332,NONE,999.9,0,0
45.7161,17.1097,-2.81378,-0.00195403,3.95219,-0.16455,-0.650332,NONE,999.9,0,0
45.7201,17.1493,-2.81385,-0.00353733,3.95491,-0.168742,-0.667361,NONE,999.9,0,0
45.724,17.1493,-2.81385,-0.00353733,3.95491,-0.168742,-0.667361,NONE,999.9,0,0
45.729,17.1888,-2.81398,-0.00530376,3.95749,-0.167672,-0.663562,NONE,999.9,0,0
45.7319,17.1888,-2.81398,-0.00530376,3.95749,-0.167672,-0.663562,NONE,999.9,0,0
45.7362,17.1888,-2.81398,-0.00530376,3.95749,-0.167672,-0.663562,NONE,999.9,0,0
45.7406,17.2284,-2.81413,-0.00660142,3.96364,-0.0793053,-0.314338,NONE,999.9,0,0
45.7445,17.2284,-2.81413,-0.00660142,3.96364,-0.0793053,-0.314338,NONE,999.9,0,0
45.7501,17.2681,-2.81424,-0.00698094,3.96949,-0.0161742,-0.0642035,NONE,999.9,0,0
45.7528,17.2681,-2.81424,-0.00698094,3.96949,-0.0161742,-0.0642035,NONE,999.9,0,0
45.756,17.2681,-2.81424,-0.00698094,3.96949,-0.0161742,-0.0642035,NONE,999.9,0,0
45.7602,17.3078,-2.81435,-0.0069552,3.97507,0.0355285,0.141228,NONE,999.9,0,0
45.7639,17.3078,-2.81435,-0.0069552,3.97507,0.0355285,0.141228,NONE,999.9,0,0
45.7692,17.3476,-2.81443,-0.00633336,3.98037,0.0704747,0.280516,NONE,999.9,0,0
45.7722,17.3476,-2.81443,-0.00633336,3.98037,0.0704747,0.280516,NONE,999.9,0,0
45.7764,17.3476,-2.81443,-0.00633336,3.98037,0.0704747,0.280516,NONE,999.9,0,0
45.7803,17.3874,-2.81451,-0.00555415,3.98543,0.100582,0.400863,NONE,999.9,0,0
45.7841,17.3874,-2.81451,-0.00555415,3.98543,0.100582,0.400863,NONE,999.9,0,0
45.7893,17.4273,-2.81455,-0.00436781,3.99025,0.119035,0.474977,NONE,999.9,0,0
45.792,17.4273,-2.81455,-0.00436781,3.99025,0.119035,0.474977,NONE,999.9,0,0
45.796,17.4273,-2.81455,-0.00436781,3.99025,0.119035,0.474977,NONE,999.9,0,0
45.8006,17.4672,-2.81458,-0.0031688,3.99483,0.136595,0.545674,NONE,999.9,0,0
45.8049,17.4672,-2.81458,-0.0031688,3.99483,0.136595,0.545674,NONE,999.9,0,0
45.8095,17.5072,-2.81457,-0.00167193,3.9992,0.145539,0.582041,NONE,999.9,0,0
45.8123,17.5072,-2.81457,-0.00167193,3.9992,0.145539,0.582041,NONE,999.9,0,0
45.816,17.5072,-2.81457,-0.00167193,3.9992,0.145539,0.582041,NONE,999.9,0,0
45.8202,17.5472,-2.81454,-0.000245594,4.00336,0.15593,0.624245,NONE,999.9,0,0
45.8253,17.5472,-2.81454,-0.000245594,4.00336,0.15593,0.624245,NONE,999.9,0,0
45.8293,17.5873,-2.81446,0.00141657,4.00733,0.159494,0.639143,NONE,999.9,0,0
45.8322,17.5873,-2.81446,0.00141657,4.00733,0.159494,0.639143,NONE,999.9,0,0
45.8365,17.5873,-2.81446,0.00141657,4.00733,0.159494,0.639143,NONE,999.9,0,0
45.8404,17.6274,-2.81436,0.00296126,4.0111,0.165873,0.665335,NONE,999.9,0,0
45.8446,17.6274,-2.81436,0.00296126,4.0111,0.165873,0.665335,NONE,999.9,0,0
45.8493,17.6675,-2.81421,0.00470737,4.0147,0.166465,0.668305,NONE,999.9,0,0
45.8525,17.6675,-2.81421,0.00470737,4.0147,0.166465,0.668305,NONE,999.9,0,0
45.8564,17.6675,-2.81421,0.00470737,4.0147,0.166465,0.668305,NONE,999.9,0,0
45.8604,17.7077,-2.81404,0.00599908,4.01812,0.0790201,0.317512,NONE,999.9,0,0
45.8643,17.7077,-2.81404,0.00599908,4.01812,0.0790201,0.317512,NONE,999.9,0,0
45.8692,17.7479,-2.81392,0.00637741,4.02146,0.0163391,0.0657072,NONE,999.9,0,0
45.872,17.7479,-2.81392,0.00637741,4.02146,0.0163391,0.0657072,NONE,999.9,0,0
45.8762,17.7479,-2.81392,0.00637741,4.02146,0.0163391,0.0657072,NONE,999.9,0,0
45.8802,17.7881,-2.81381,0.00635499,4.02464,-0.0352524,-0.141878,NONE,999.9,0,0
45.884,17.7881,-2.81381,0.00635499,4.02464,-0.0352524,-0.141878,NONE,999.9,0,0
45.8893,17.8283,-2.81372,0.00573476,4.02768,-0.0702882,-0.283098,NONE,999.9,0,0
45.892,17.8283,-2.81372,0.00573476,4.02768,-0.0702882,-0.283098,NONE,999.9,0,0
45.896,17.8283,-2.81372,0.00573476,4.02768,-0.0702882,-0.283098,NONE,999.9,0,0
45.9004,17.8686,-2.81365,0.00495721,4.03056,-0.100615,-0.405534,NONE,999.9,0,0
45.905,17.8686,-2.81365,0.00495721,4.03056,-0.100615,-0.405534,NONE,999.9,0,0
45.9096,17.909,-2.81361,0.00376845,4.03331,-0.11934,-0.481336,NONE,999.9,0,0
45.912,17.909,-2.81361,0.00376845,4.03331,-0.11934,-0.481336,NONE,999.9,0,0
45.9162,17.909,-2.81361,0.00376845,4.03331,-0.11934,-0.481336,NONE,999.9,0,0
45.9204,17.9493,-2.81359,0.00256564,4.03593,-0.1372,-0.553728,NONE,999.9,0,0
45.9239,17.9493,-2.81359,0.00256564,4.03593,-0.1372,-0.553728,NONE,999.9,0,0
45.9292,17.9897,-2.81361,0.0010606,4.03843,-0.146429,-0.591343,NONE,999.9,0,0
45.9322,17.9897,-2.81361,0.0010606,4.03843,-0.146429,-0.591343,NONE,999.9,0,0
45.9363,17.9897,-2.81361,0.0010606,4.03843,-0.146429,-0.591343,NONE,999.9,0,0
45.94,18.0301,-2.81365,-0.000375318,4.0408,-0.157087,-0.634758,NONE,999.9,0,0
45.9445,18.0301,-2.81365,-0.000375318,4.0408,-0.157087,-0.634758,NONE,999.9,0,0
45.9493,18.0705,-2.81374,-0.00205084,4.04307,-0.160879,-0.650444,NONE,999.9,0,0
45.9521,18.0705,-2.81374,-0.00205084,4.04307,-0.160879,-0.650444,NONE,999.9,0,0
45.9562,18.0705,-2.81374,-0.00205084,4.04307,-0.160879,-0.650444,NONE,999.9,0,0
45.9605,18.1109,-2.81385,-0.00360977,4.04522,-0.167455,-0.67739,NONE,999.9,0,0
45.9646,18.1109,-2.81385,-0.00360977,4.04522,-0.167455,-0.67739,NONE,999.9,0,0
45.9688,18.1514,-2.81402,-0.00537306,4.04727,-0.168199,-0.680748,NONE,999.9,0,0
45.972,18.1514,-2.81402,-0.00537306,4.04727,-0.168199,-0.680748,NONE,999.9,0,0
45.9762,18.1514,-2.81402,-0.00537306,4.04727,-0.168199,-0.680748,NONE,999.9,0,0
45.9801,18.1919,-2.8142,-0.00668002,4.04923,-0.0802294,-0.324867,NONE,999.9,0,0
45.9841,18.1919,-2.8142,-0.00668002,4.04923,-0.0802294,-0.324867,NONE,999.9,0,0
45.9891,18.2324,-2.81434,-0.0070674,4.05109,-0.0170572,-0.0691002,NONE,999.9,0,0
45.9921,18.2324,-2.81434,-0.0070674,4.05109,-0.0170572,-0.0691002,NONE,999.9,0,0
45.9963,18.2324,-2.81434,-0.0070674,4.05109,-0.0170572,-0.0691002,NONE,999.9,0,0
46.0007,18.2729,-2.81448,-0.00705041,4.05286,0.0349821,0.141778,NONE,999.9,0,0
46.0041,18.2729,-2.81448,-0.00705041,4.05286,0.0349821,0.141778,NONE,999.9,0,0
46.0094,18.3134,-2.81458,-0.0064304,4.05455,0.0704061,0.285465,NONE,999.9,0,0
46.0123,18.3134,-2.81458,-0.0064304,4.05455,0.0704061,0.285465,NONE,999.9,0,0
46.016,18.3134,-2.81458,-0.0064304,4.05455,0.0704061,0.285465,NONE,999.9,0,0
46.0202,18.354,-2.81467,-0.00565042,4.05616,0.101072,0.409963,NONE,999.9,0,0
46.0242,18.354,-2.81467,-0.00565042,4.05616,0.101072,0.409963,NONE,999.9,0,0
46.0292,18.3946,-2.81473,-0.00445787,4.06063,0.119773,0.486354,NONE,999.9,0,0
46.032,18.3946,-2.81473,-0.00445787,4.06063,0.119773,0.486354,NONE,999.9,0,0
46.0359,18.3946,-2.81473,-0.00445787,4.06063,0.119773,0.486354,NONE,999.9,0,0
46.04,18.4352,-2.81478,-0.00325052,4.06489,0.137552,0.559133,NONE,999.9,0,0
46.0447,18.4352,-2.81478,-0.00325052,4.06489,0.137552,0.559133,NONE,999.9,0,0
46.0491,18.4759,-2.81479,-0.0017425,4.06894,0.146789,0.597277,NONE,999.9,0,0
46.0519,18.4759,-2.81479,-0.0017425,4.06894,0.146789,0.597277,NONE,999.9,0,0
46.0564,18.4759,-2.81479,-0.0017425,4.06894,0.146789,0.597277,NONE,999.9,0,0
46.0602,18.5166,-2.81477,-0.000302707,4.0728,0.157388,0.641011,NONE,999.9,0,0
46.0642,18.5166,-2.81477,-0.000302707,4.0728,0.157388,0.641011,NONE,999.9,0,0
46.0686,18.5573,-2.81471,0.00137542,4.07648,0.161203,0.65714,NONE,999.9,0,0
46.0719,18.5573,-2.81471,0.00137542,4.07648,0.161203,0.65714,NONE,999.9,0,0
46.0764,18.5573,-2.81471,0.00137542,4.07648,0.161203,0.65714,NONE,999.9,0,0
46.08,18.5981,-2.81462,0.00293788,4.07998,0.167732,0.684345,NONE,999.9,0,0
46.0838,18.5981,-2.81462,0.00293788,4.07998,0.167732,0.684345,NONE,999.9,0,0
46.089,18.6389,-2.81447,0.00470363,4.08331,0.168511,0.688083,NONE,999.9,0,0
46.0921,18.6389,-2.81447,0.00470363,4.08331,0.168511,0.688083,NONE,999.9,0,0
46.0963,18.6389,-2.81447,0.00470363,4.08331,0.168511,0.688083,NONE,999.9,0,0
46.1007,18.6798,-2.8143,0.00617136,4.08649,0.12686,0.518411,NONE,999.9,0,0
46.1041,18.6798,-2.8143,0.00617136,4.08649,0.12686,0.518411,NONE,999.9,0,0
46.1093,18.7206,-2.81413,0.00711681,4.08952,0.0488843,0.199913,NONE,999.9,0,0
46.1124,18.7206,-2.81413,0.00711681,4.08952,0.0488843,0.199913,NONE,999.9,0,0
46.116,18.7206,-2.81413,0.00711681,4.08952,0.0488843,0.199913,NONE,999.9,0,0
46.1204,18.7616,-2.814,0.0072304,4.0924,-0.00678561,-0.0277694,NONE,999.9,0,0
46.1242,18.7616,-2.814,0.0072304,4.0924,-0.00678561,-0.0277694,NONE,999.9,0,0
46.1291,18.8025,-2.81388,0.00700465,4.09514,-0.0530862,-0.217396,NONE,999.9,0,0
46.133,18.8025,-2.81388,0.00700465,4.09514,-0.0530862,-0.217396,NONE,999.9,0,0
46.1361,18.8025,-2.81388,0.00700465,4.09514,-0.0530862,-0.217396,NONE,999.9,0,0
46.1401,18.8435,-2.81378,0.00622632,4.09776,-0.0842384,-0.345189,NONE,999.9,0,0
46.145,18.8435,-2.81378,0.00622632,4.09776,-0.0842384,-0.345189,NONE,999.9,0,0
46.1487,18.8845,-2.81369,0.00532488,4.10025,-0.111618,-0.457659,NONE,999.9,0,0
46.1547,18.8845,-2.81369,0.00532488,4.10025,-0.111618,-0.457659,NONE,999.9,0,0
46.1569,18.8845,-2.81369,0.00532488,4.10025,-0.111618,-0.457659,NONE,999.9,0,0
46.1609,18.9255,-2.81364,0.00403782,4.10332,-0.128134,-0.525774,NONE,999.9,0,0
46.164,18.9255,-2.81364,0.00403782,4.10332,-0.128134,-0.525774,NONE,999.9,0,0
46.1689,18.9665,-2.8136,0.00275597,4.10625,-0.144273,-0.59242,NONE,999.9,0,0
46.1719,18.9665,-2.8136,0.00275597,4.10625,-0.144273,-0.59242,NONE,999.9,0,0
46.1763,18.9665,-2.8136,0.00275597,4.10625,-0.144273,-0.59242,NONE,999.9,0,0
46.1802,19.0076,-2.81361,0.00118665,4.10904,-0.152296,-0.625793,NONE,999.9,0,0
46.1844,19.0076,-2.81361,0.00118665,4.10904,-0.152296,-0.625793,NONE,999.9,0,0
46.1893,19.0487,-2.81363,-0.000302965,4.1117,-0.161982,-0.666022,NONE,999.9,0,0
46.192,19.0487,-2.81363,-0.000302965,4.1117,-0.161982,-0.666022,NONE,999.9,0,0
46.1962,19.0487,-2.81363,-0.000302965,4.1117,-0.161982,-0.666022,NONE,999.9,0,0
46.2012,19.0898,-2.81371,-0.00202392,4.11424,-0.165125,-0.679365,NONE,999.9,0,0
46.2042,19.0898,-2.81371,-0.00202392,4.11424,-0.165125,-0.679365,NONE,999.9,0,0
46.2092,19.131,-2.8138,-0.00346601,4.11665,-0.125027,-0.514692,NONE,999.9,0,0
46.2124,19.131,-2.8138,-0.00346601,4.11665,-0.125027,-0.514692,NONE,999.9,0,0
46.2162,19.131,-2.8138,-0.00346601,4.11665,-0.125027,-0.514692,NONE,999.9,0,0
46.2204,19.1722,-2.81389,-0.00439827,4.11894,-0.0479511,-0.197508,NONE,999.9,0,0
46.2243,19.1722,-2.81389,-0.00439827,4.11894,-0.0479511,-0.197508,NONE,999.9,0,0
46.2288,19.2134,-2.81394,-0.00450516,4.12113,0.0071922,0.02964,NONE,999.9,0,0
46.232,19.2134,-2.81394,-0.00450516,4.12113,0.0071922,0.02964,NONE,999.9,0,0
46.2359,19.2134,-2.81394,-0.00450516,4.12113,0.0071922,0.02964,NONE,999.9,0,0
46.2402,19.2546,-2.81398,-0.00427721,4.12322,0.0532021,0.219364,NONE,999.9,0,0
46.2446,19.2546,-2.81398,-0.00427721,4.12322,0.0532021,0.219364,NONE,999.9,0,0
46.2492,19.2958,-2.81399,-0.00349816,4.1252,0.0842443,0.347525,NONE,999.9,0,0
46.2523,19.2958,-2.81399,-0.00349816,4.1252,0.0842443,0.347525,NONE,999.9,0,0
46.2561,19.2958,-2.81399,-0.00349816,4.1252,0.0842443,0.347525,NONE,999.9,0,0
46.2603,19.3371,-2.81398,-0.00259702,4.12709,0.111609,0.460619,NONE,999.9,0,0
46.2643,19.3371,-2.81398,-0.00259702,4.12709,0.111609,0.460619,NONE,999.9,0,0
46.2691,19.3784,-2.81394,-0.0013089,4.12889,0.128268,0.529603,NONE,999.9,0,0
46.272,19.3784,-2.81394,-0.0013089,4.12889,0.128268,0.529603,NONE,999.9,0,0
46.2765,19.3784,-2.81394,-0.0013089,4.12889,0.128268,0.529603,NONE,999.9,0,0
46.2805,19.4197,-2.81388,-2.53337e-05,4.13061,0.144575,0.597181,NONE,999.9,0,0
46.2845,19.4197,-2.81388,-2.53337e-05,4.13061,0.144575,0.597181,NONE,999.9,0,0
46.2892,19.461,-2.81378,0.00154825,4.13224,0.152763,0.631254,NONE,999.9,0,0
46.292,19.461,-2.81378,0.00154825,4.13224,0.152763,0.631254,NONE,999.9,0,0
46.2961,19.461,-2.81378,0.00154825,4.13224,0.152763,0.631254,NONE,999.9,0,0
46.3003,19.5023,-2.81365,0.00304293,4.1338,0.162609,0.672194,NONE,999.9,0,0
46.3044,19.5023,-2.81365,0.00304293,4.1338,0.162609,0.672194,NONE,999.9,0,0
46.3097,19.5437,-2.81347,0.00477125,4.13528,0.165892,0.68601,NONE,999.9,0,0
46.3125,19.5437,-2.81347,0.00477125,4.13528,0.165892,0.68601,NONE,999.9,0,0
46.3166,19.5437,-2.81347,0.00477125,4.13528,0.165892,0.68601,NONE,999.9,0,0
46.3202,19.585,-2.81327,0.00622054,4.13669,0.125699,0.519978,NONE,999.9,0,0
46.3239,19.585,-2.81327,0.00622054,4.13669,0.125699,0.519978,NONE,999.9,0,0
46.3291,19.6264,-2.81308,0.00715914,4.14025,0.0486238,0.201315,NONE,999.9,0,0
46.332,19.6264,-2.81308,0.00715914,4.14025,0.0486238,0.201315,NONE,999.9,0,0
46.3362,19.6264,-2.81308,0.00715914,4.14025,0.0486238,0.201315,NONE,999.9,0,0
46.3401,19.6678,-2.81292,0.00727255,4.14364,-0.00665956,-0.0275948,NONE,999.9,0,0
46.3449,19.6678,-2.81292,0.00727255,4.14364,-0.00665956,-0.0275948,NONE,999.9,0,0
46.3493,19.7093,-2.81278,0.00704891,4.14686,-0.0527893,-0.21891,NONE,999.9,0,0
46.353,19.7093,-2.81278,0.00704891,4.14686,-0.0527893,-0.21891,NONE,999.9,0,0
46.356,19.7093,-2.81278,0.00704891,4.14686,-0.0527893,-0.21891,NONE,999.9,0,0
46.3603,19.7507,-2.81266,0.00627348,4.14994,-0.0840131,-0.348649,NONE,999.9,0,0
46.3643,19.7507,-2.81266,0.00627348,4.14994,-0.0840131,-0.348649,NONE,999.9,0,0
46.3697,19.7923,-2.81256,0.00537367,4.15287,-0.111494,-0.463021,NONE,999.9,0,0
46.3724,19.7923,-2.81256,0.00537367,4.15287,-0.111494,-0.463021,NONE,999.9,0,0
46.3775,19.7923,-2.81256,0.00537367,4.15287,-0.111494,-0.463021,NONE,999.9,0,0
46.3854,19.8338,-2.81249,0.00408626,4.15565,-0.128308,-0.533203,NONE,999.9,0,0
46.3896,19.8754,-2.81244,0.00280152,4.15831,-0.144695,-0.601688,NONE,999.9,0,0
46.392,19.8754,-2.81244,0.00280152,4.15831,-0.144695,-0.601688,NONE,999.9,0,0
46.3962,19.8754,-2.81244,0.00280152,4.15831,-0.144695,-0.601688,NONE,999.9,0,0
46.4006,19.917,-2.81243,0.00122646,4.16084,-0.152999,-0.636606,NONE,999.9,0,0
46.4042,19.917,-2.81243,0.00122646,4.16084,-0.152999,-0.636606,NONE,999.9,0,0
46.4093,19.9586,-2.81244,-0.000271143,4.16325,-0.16289,-0.678153,NONE,999.9,0,0
46.4126,19.9586,-2.81244,-0.000271143,4.16325,-0.16289,-0.678153,NONE,999.9,0,0
46.4166,19.9586,-2.81244,-0.000271143,4.16325,-0.16289,-0.678153,NONE,999.9,0,0
46.4207,20.0002,-2.81251,-0.0020024,4.16555,-0.166257,-0.692551,NONE,999.9,0,0
46.424,20.0002,-2.81251,-0.0020024,4.16555,-0.166257,-0.692551,NONE,999.9,0,0
46.4292,20.0419,-2.81258,-0.0032994,4.16773,-0.0800001,-0.333419,NONE,999.9,0,0
46.4319,20.0419,-2.81258,-0.0032994,4.16773,-0.0800001,-0.333419,NONE,999.9,0,0
46.4362,20.0419,-2.81258,-0.0032994,4.16773,-0.0800001,-0.333419,NONE,999.9,0,0
46.4406,20.0836,-2.81261,-0.00368835,4.16981,-0.0174548,-0.0727831,NONE,999.9,0,0
46.4446,20.0836,-2.81261,-0.00368835,4.16981,-0.0174548,-0.0727831,NONE,999.9,0,0
46.4491,20.1253,-2.81263,-0.00367647,4.1718,0.0344186,0.143587,NONE,999.9,0,0
46.4519,20.1253,-2.81263,-0.00367647,4.1718,0.0344186,0.143587,NONE,999.9,0,0
46.4561,20.1253,-2.81263,-0.00367647,4.1718,0.0344186,0.143587,NONE,999.9,0,0
46.4605,20.167,-2.81261,-0.00306079,4.17369,0.070165,0.292847,NONE,999.9,0,0
46.4643,20.167,-2.81261,-0.00306079,4.17369,0.070165,0.292847,NONE,999.9,0,0
46.4686,20.2088,-2.81259,-0.00228136,4.17548,0.101207,0.422588,NONE,999.9,0,0
46.4721,20.2088,-2.81259,-0.00228136,4.17548,0.101207,0.422588,NONE,999.9,0,0
46.4765,20.2088,-2.81259,-0.00228136,4.17548,0.101207,0.422588,NONE,999.9,0,0
46.4801,20.2505,-2.81253,-0.00108194,4.1772,0.120806,0.504629,NONE,999.9,0,0
46.4838,20.2505,-2.81253,-0.00108194,4.1772,0.120806,0.504629,NONE,999.9,0,0
46.4888,20.2923,-2.81245,0.000138648,4.17904,0.139337,0.582296,NONE,999.9,0,0
46.4921,20.2923,-2.81245,0.000138648,4.17904,0.139337,0.582296,NONE,999.9,0,0
46.496,20.2923,-2.81245,0.000138648,4.17904,0.139337,0.582296,NONE,999.9,0,0
46.4999,20.3341,-2.81233,0.00166909,4.1808,0.149306,0.62422,NONE,999.9,0,0
46.5044,20.3341,-2.81233,0.00166909,4.1808,0.149306,0.62422,NONE,999.9,0,0
46.5098,20.3759,-2.81218,0.00313618,4.18248,0.160481,0.671209,NONE,999.9,0,0
46.512,20.3759,-2.81218,0.00313618,4.18248,0.160481,0.671209,NONE,999.9,0,0
46.5163,20.3759,-2.81218,0.00313618,4.18248,0.160481,0.671209,NONE,999.9,0,0
46.5201,20.4178,-2.81199,0.00484876,4.18407,0.164833,0.689673,NONE,999.9,0,0
46.524,20.4178,-2.81199,0.00484876,4.18407,0.164833,0.689673,NONE,999.9,0,0
46.5293,20.4596,-2.81177,0.00644873,4.18559,0.171741,0.718838,NONE,999.9,0,0
46.5322,20.4596,-2.81177,0.00644873,4.18559,0.171741,0.718838,NONE,999.9,0,0
46.5364,20.4596,-2.81177,0.00644873,4.18559,0.171741,0.718838,NONE,999.9,0,0
46.5412,20.5015,-2.81149,0.00825708,4.18704,0.17287,0.723814,NONE,999.9,0,0
46.5448,20.5015,-2.81149,0.00825708,4.18704,0.17287,0.723814,NONE,999.9,0,0
46.5493,20.5433,-2.81117,0.00992471,4.18841,0.177362,0.742865,NONE,999.9,0,0
46.5525,20.5433,-2.81117,0.00992471,4.18841,0.177362,0.742865,NONE,999.9,0,0
46.5562,20.5433,-2.81117,0.00992471,4.18841,0.177362,0.742865,NONE,999.9,0,0
46.5602,20.5852,-2.81079,0.0117799,4.18973,0.176692,0.740292,NONE,999.9,0,0
46.5644,20.5852,-2.81079,0.0117799,4.18973,0.176692,0.740292,NONE,999.9,0,0
46.571,20.6271,-2.81039,0.0131637,4.19097,0.0870234,0.364713,NONE,999.9,0,0
46.5744,20.6271,-2.81039,0.0131637,4.19097,0.0870234,0.364713,NONE,999.9,0,0
46.5776,20.6271,-2.81039,0.0131637,4.19097,0.0870234,0.364713,NONE,999.9,0,0
46.5812,20.6691,-2.81002,0.0136091,4.19217,0.0218914,0.0917725,NONE,999.9,0,0
46.5841,20.6691,-2.81002,0.0136091,4.19217,0.0218914,0.0917725,NONE,999.9,0,0
46.5893,20.711,-2.80966,0.0136317,4.1933,-0.0319268,-0.133879,NONE,999.9,0,0
46.5922,20.711,-2.80966,0.0136317,4.1933,-0.0319268,-0.133879,NONE,999.9,0,0
46.5968,20.711,-2.80966,0.0136317,4.1933,-0.0319268,-0.133879,NONE,999.9,0,0
46.6003,20.7529,-2.80932,0.013033,4.19438,-0.0691217,-0.289923,NONE,999.9,0,0
46.6053,20.7529,-2.80932,0.013033,4.19438,-0.0691217,-0.289923,NONE,999.9,0,0
46.6107,20.7949,-2.80898,0.0122587,4.19541,-0.101227,-0.424687,NONE,999.9,0,0
46.6131,20.7949,-2.80898,0.0122587,4.19541,-0.101227,-0.424687,NONE,999.9,0,0
46.6164,20.7949,-2.80898,0.0122587,4.19541,-0.101227,-0.424687,NONE,999.9,0,0
46.6207,20.8368,-2.80868,0.0110561,4.19812,-0.121449,-0.509859,NONE,999.9,0,0
46.6244,20.8368,-2.80868,0.0110561,4.19812,-0.121449,-0.509859,NONE,999.9,0,0
46.6295,20.8788,-2.80838,0.00982665,4.2007,-0.140386,-0.58972,NONE,999.9,0,0
46.6344,20.8788,-2.80838,0.00982665,4.2007,-0.140386,-0.58972,NONE,999.9,0,0
46.6365,20.8788,-2.80838,0.00982665,4.2007,-0.140386,-0.58972,NONE,999.9,0,0
46.6432,20.9208,-2.80812,0.00828443,4.20316,-0.150643,-0.633178,NONE,999.9,0,0
46.6459,20.9208,-2.80812,0.00828443,4.20316,-0.150643,-0.633178,NONE,999.9,0,0
46.6501,20.9629,-2.80786,0.00711653,4.20551,-0.0695246,-0.292386,NONE,999.9,0,0
46.6519,20.9629,-2.80786,0.00711653,4.20551,-0.0695246,-0.292386,NONE,999.9,0,0
46.6562,20.9629,-2.80786,0.00711653,4.20551,-0.0695246,-0.292386,NONE,999.9,0,0
46.66,21.0049,-2.80754,0.00681307,4.20774,-0.0106089,-0.0446394,NONE,999.9,0,0
46.665,21.0049,-2.80754,0.00681307,4.20774,-0.0106089,-0.0446394,NONE,999.9,0,0
46.6689,21.047,-2.80719,0.00687975,4.20987,0.0386753,0.162818,NONE,999.9,0,0
46.6722,21.047,-2.80719,0.00687975,4.20987,0.0386753,0.162818,NONE,999.9,0,0
46.6765,21.047,-2.80719,0.00687975,4.20987,0.0386753,0.162818,NONE,999.9,0,0
46.68,21.0891,-2.80681,0.00752863,4.21189,0.0726732,0.306092,NONE,999.9,0,0
46.6843,21.0891,-2.80681,0.00752863,4.21189,0.0726732,0.306092,NONE,999.9,0,0
46.6898,21.1313,-2.8064,0.00832674,4.21382,0.102504,0.431934,NONE,999.9,0,0
46.692,21.1313,-2.8064,0.00832674,4.21382,0.102504,0.431934,NONE,999.9,0,0
46.6961,21.1313,-2.8064,0.00832674,4.21382,0.102504,0.431934,NONE,999.9,0,0
46.7004,21.1734,-2.80595,0.00953505,4.21566,0.121355,0.511591,NONE,999.9,0,0
46.704,21.1734,-2.80595,0.00953505,4.21566,0.121355,0.511591,NONE,999.9,0,0
46.7097,21.2156,-2.80548,0.0107586,4.21741,0.139428,0.588026,NONE,999.9,0,0
46.7121,21.2156,-2.80548,0.0107586,4.21741,0.139428,0.588026,NONE,999.9,0,0
46.7161,21.2156,-2.80548,0.0107586,4.21741,0.139428,0.588026,NONE,999.9,0,0
46.7202,21.2578,-2.80496,0.0122888,4.21907,0.149181,0.629408,NONE,999.9,0,0
46.7242,21.2578,-2.80496,0.0122888,4.21907,0.149181,0.629408,NONE,999.9,0,0
46.7296,21.3,-2.80441,0.0137539,4.22066,0.160242,0.676329,NONE,999.9,0,0
46.7323,21.3,-2.80441,0.0137539,4.22066,0.160242,0.676329,NONE,999.9,0,0
46.736,21.3,-2.80441,0.0137539,4.22066,0.160242,0.676329,NONE,999.9,0,0
46.74,21.3422,-2.8038,0.0154641,4.22217,0.164611,0.695016,NONE,999.9,0,0
46.7447,21.3422,-2.8038,0.0154641,4.22217,0.164611,0.695016,NONE,999.9,0,0
46.749,21.3844,-2.80316,0.017062,4.22361,0.171558,0.724595,NONE,999.9,0,0
46.752,21.3844,-2.80316,0.017062,4.22361,0.171558,0.724595,NONE,999.9,0,0
46.7563,21.3844,-2.80316,0.017062,4.22361,0.171558,0.724595,NONE,999.9,0,0
46.7606,21.4266,-2.80246,0.0188691,4.22499,0.172799,0.730073,NONE,999.9,0,0
46.7645,21.4266,-2.80246,0.0188691,4.22499,0.172799,0.730073,NONE,999.9,0,0
46.7691,21.4689,-2.80171,0.0205365,4.22629,0.177384,0.749676,NONE,999.9,0,0
46.7721,21.4689,-2.80171,0.0205365,4.22629,0.177384,0.749676,NONE,999.9,0,0
46.7762,21.4689,-2.80171,0.0205365,4.22629,0.177384,0.749676,NONE,999.9,0,0
46.7802,21.5111,-2.8009,0.0223925,4.22754,0.176852,0.747649,NONE,999.9,0,0
46.784,21.5111,-2.8009,0.0223925,4.22754,0.176852,0.747649,NONE,999.9,0,0
46.7895,21.5534,-2.80008,0.0237782,4.22872,0.0871894,0.3687,NONE,999.9,0,0
46.7922,21.5534,-2.80008,0.0237782,4.22872,0.0871894,0.3687,NONE,999.9,0,0
46.797,21.5534,-2.80008,0.0237782,4.22872,0.0871894,0.3687,NONE,999.9,0,0
46.8018,21.5957,-2.79928,0.0242244,4.22985,0.021897,0.0926211,NONE,999.9,0,0
46.804,21.5957,-2.79928,0.0242244,4.22985,0.021897,0.0926211,NONE,999.9,0,0
46.8091,21.638,-2.79848,0.0242461,4.23257,-0.0320138,-0.1355,NONE,999.9,0,0
46.8123,21.638,-2.79848,0.0242461,4.23257,-0.0320138,-0.1355,NONE,999.9,0,0
46.8162,21.638,-2.79848,0.0242461,4.23257,-0.0320138,-0.1355,NONE,999.9,0,0
46.8202,21.6803,-2.7977,0.0236454,4.23398,-0.0694652,-0.294114,NONE,999.9,0,0
46.8244,21.6803,-2.7977,0.0236454,4.23398,-0.0694652,-0.294114,NONE,999.9,0,0
46.8293,21.7227,-2.7969,0.0231816,4.23533,-0.00889715,-0.0376824,NONE,999.9,0,0
46.832,21.7227,-2.7969,0.0231816,4.23533,-0.00889715,-0.0376824,NONE,999.9,0,0
46.836,21.7227,-2.7969,0.0231816,4.23533,-0.00889715,-0.0376824,NONE,999.9,0,0
46.8403,21.765,-2.79602,0.0234026,4.23662,0.0343053,0.145339,NONE,999.9,0,0
46.8447,21.765,-2.79602,0.0234026,4.23662,0.0343053,0.145339,NONE,999.9,0,0
46.8488,21.8074,-2.79511,0.0238555,4.23784,0.0716278,0.303547,NONE,999.9,0,0
46.8521,21.8074,-2.79511,0.0238555,4.23784,0.0716278,0.303547,NONE,999.9,0,0
46.8564,21.8074,-2.79511,0.0238555,4.23784,0.0716278,0.303547,NONE,999.9,0,0
46.861,21.8497,-2.79413,0.0247869,4.23901,0.0965814,0.409409,NONE,999.9,0,0
46.8645,21.8497,-2.79413,0.0247869,4.23901,0.0965814,0.409409,NONE,999.9,0,0
46.8687,21.8921,-2.79312,0.0257881,4.24012,0.11961,0.50716,NONE,999.9,0,0
46.8719,21.8921,-2.79312,0.0257881,4.24012,0.11961,0.50716,NONE,999.9,0,0
46.8764,21.8921,-2.79312,0.0257881,4.24012,0.11961,0.50716,NONE,999.9,0,0
46.8802,21.9345,-2.79205,0.0271412,4.24117,0.133393,0.565745,NONE,999.9,0,0
46.884,21.9345,-2.79205,0.0271412,4.24117,0.133393,0.565745,NONE,999.9,0,0
46.8897,21.9769,-2.79094,0.0284651,4.24218,0.147717,0.626641,NONE,999.9,0,0
46.8921,21.9769,-2.79094,0.0284651,4.24218,0.147717,0.626641,NONE,999.9,0,0
46.8961,21.9769,-2.79094,0.0284651,4.24218,0.147717,0.626641,NONE,999.9,0,0
46.9001,22.0193,-2.78976,0.030064,4.24314,0.154734,0.656559,NONE,999.9,0,0
46.904,22.0193,-2.78976,0.030064,4.24314,0.154734,0.656559,NONE,999.9,0,0
46.9093,22.0618,-2.78855,0.031574,4.24406,0.163817,0.695248,NONE,999.9,0,0
46.9124,22.0618,-2.78855,0.031574,4.24406,0.163817,0.695248,NONE,999.9,0,0
46.9164,22.0618,-2.78855,0.031574,4.24406,0.163817,0.695248,NONE,999.9,0,0
46.9208,22.1042,-2.78727,0.0333128,4.24493,0.166789,0.708006,NONE,999.9,0,0
46.9244,22.1042,-2.78727,0.0333128,4.24493,0.166789,0.708006,NONE,999.9,0,0
46.9289,22.1466,-2.78594,0.0349271,4.24575,0.172762,0.733503,NONE,999.9,0,0
46.9319,22.1466,-2.78594,0.0349271,4.24575,0.172762,0.733503,NONE,999.9,0,0
46.936,22.1466,-2.78594,0.0349271,4.24575,0.172762,0.733503,NONE,999.9,0,0
46.9402,22.1891,-2.78454,0.0367404,4.24784,0.172975,0.734768,NONE,999.9,0,0
46.9444,22.1891,-2.78454,0.0367404,4.24784,0.172975,0.734768,NONE,999.9,0,0
46.949,22.2315,-2.78313,0.0380917,4.24983,0.0841906,0.357796,NONE,999.9,0,0
46.9521,22.2315,-2.78313,0.0380917,4.24983,0.0841906,0.357796,NONE,999.9,0,0
46.9565,22.2315,-2.78313,0.0380917,4.24983,0.0841906,0.357796,NONE,999.9,0,0
46.9605,22.274,-2.78173,0.0385113,4.25172,0.0194749,0.082802,NONE,999.9,0,0
46.965,22.274,-2.78173,0.0385113,4.25172,0.0194749,0.082802,NONE,999.9,0,0
46.9691,22.3165,-2.78031,0.0388254,4.25352,0.0586363,0.249411,NONE,999.9,0,0
46.9719,22.3165,-2.78031,0.0388254,4.25352,0.0586363,0.249411,NONE,999.9,0,0
46.9765,22.3165,-2.78031,0.0388254,4.25352,0.0586363,0.249411,NONE,999.9,0,0
46.9804,22.359,-2.77881,0.0396354,4.25524,0.0853002,0.362973,NONE,999.9,0,0
46.9844,22.359,-2.77881,0.0396354,4.25524,0.0853002,0.362973,NONE,999.9,0,0
46.9897,22.4016,-2.77726,0.0405317,4.25687,0.109841,0.467581,NONE,999.9,0,0
46.9928,22.4016,-2.77726,0.0405317,4.25687,0.109841,0.467581,NONE,999.9,0,0
46.9962,22.4016,-2.77726,0.0405317,4.25687,0.109841,0.467581,NONE,999.9,0,0
47.0002,22.4441,-2.77564,0.0417939,4.25843,0.125003,0.532316,NONE,999.9,0,0
47.004,22.4441,-2.77564,0.0417939,4.25843,0.125003,0.532316,NONE,999.9,0,0
47.0093,22.4867,-2.77397,0.0430402,4.25991,0.140516,0.598586,NONE,999.9,0,0
47.012,22.4867,-2.77397,0.0430402,4.25991,0.140516,0.598586,NONE,999.9,0,0
47.0168,22.4867,-2.77397,0.0430402,4.25991,0.140516,0.598586,NONE,999.9,0,0
47.0207,22.5292,-2.77223,0.0445724,4.26133,0.148607,0.633265,NONE,999.9,0,0
47.0246,22.5292,-2.77223,0.0445724,4.26133,0.148607,0.633265,NONE,999.9,0,0
47.0287,22.5718,-2.77044,0.0460259,4.26267,0.1586,0.676058,NONE,999.9,0,0
47.032,22.5718,-2.77044,0.0460259,4.26267,0.1586,0.676058,NONE,999.9,0,0
47.0361,22.5718,-2.77044,0.0460259,4.26267,0.1586,0.676058,NONE,999.9,0,0
47.04,22.6144,-2.76858,0.0477166,4.26395,0.162391,0.692427,NONE,999.9,0,0
47.0442,22.6144,-2.76858,0.0477166,4.26395,0.162391,0.692427,NONE,999.9,0,0
47.0493,22.657,-2.76668,0.0492905,4.26518,0.169045,0.721008,NONE,999.9,0,0
47.0524,22.657,-2.76668,0.0492905,4.26518,0.169045,0.721008,NONE,999.9,0,0
47.056,22.657,-2.76668,0.0492905,4.26518,0.169045,0.721008,NONE,999.9,0,0
47.0602,22.6996,-2.76469,0.0510723,4.26634,0.170254,0.726361,NONE,999.9,0,0
47.0648,22.6996,-2.76469,0.0510723,4.26634,0.170254,0.726361,NONE,999.9,0,0
47.0698,22.7422,-2.76266,0.0527144,4.26745,0.174919,0.746458,NONE,999.9,0,0
47.0721,22.7422,-2.76266,0.0527144,4.26745,0.174919,0.746458,NONE,999.9,0,0
47.0763,22.7422,-2.76266,0.0527144,4.26745,0.174919,0.746458,NONE,999.9,0,0
47.0808,22.7849,-2.76055,0.0545469,4.2685,0.174601,0.745285,NONE,999.9,0,0
47.0845,22.7849,-2.76055,0.0545469,4.2685,0.174601,0.745285,NONE,999.9,0,0
47.0896,22.8275,-2.75839,0.0560685,4.2695,0.131564,0.561713,NONE,999.9,0,0
47.0919,22.8275,-2.75839,0.0560685,4.2695,0.131564,0.561713,NONE,999.9,0,0
47.096,22.8275,-2.75839,0.0560685,4.2695,0.131564,0.561713,NONE,999.9,0,0
47.1001,22.8702,-2.75622,0.0570527,4.27046,0.0517495,0.220994,NONE,999.9,0,0
47.1039,22.8702,-2.75622,0.0570527,4.27046,0.0517495,0.220994,NONE,999.9,0,0
47.1093,22.9128,-2.75407,0.0571841,4.27137,-0.00593118,-0.0253343,NONE,999.9,0,0
47.1124,22.9128,-2.75407,0.0571841,4.27137,-0.00593118,-0.0253343,NONE,999.9,0,0
47.1166,22.9128,-2.75407,0.0571841,4.27137,-0.00593118,-0.0253343,NONE,999.9,0,0
47.1205,22.9555,-2.75191,0.0569587,4.27224,-0.053999,-0.230697,NONE,999.9,0,0
47.1241,22.9555,-2.75191,0.0569587,4.27224,-0.053999,-0.230697,NONE,999.9,0,0
47.1292,22.9981,-2.74977,0.0561618,4.27307,-0.0868709,-0.371205,NONE,999.9,0,0
47.1324,22.9981,-2.74977,0.0561618,4.27307,-0.0868709,-0.371205,NONE,999.9,0,0
47.1366,22.9981,-2.74977,0.0561618,4.27307,-0.0868709,-0.371205,NONE,999.9,0,0
47.1404,23.0408,-2.74763,0.0552277,4.27421,-0.115584,-0.494029,NONE,999.9,0,0
47.1444,23.0408,-2.74763,0.0552277,4.27421,-0.115584,-0.494029,NONE,999.9,0,0
47.1495,23.0835,-2.74552,0.0538934,4.2753,-0.133423,-0.570421,NONE,999.9,0,0
47.1521,23.0835,-2.74552,0.0538934,4.2753,-0.133423,-0.570421,NONE,999.9,0,0
47.1563,23.0835,-2.74552,0.0538934,4.2753,-0.133423,-0.570421,NONE,999.9,0,0
47.1604,23.1262,-2.74338,0.0528701,4.27633,-0.0574342,-0.245608,NONE,999.9,0,0
47.1643,23.1262,-2.74338,0.0528701,4.27633,-0.0574342,-0.245608,NONE,999.9,0,0
47.169,23.1689,-2.74118,0.0526689,4.27732,-0.00213872,-0.00914798,NONE,999.9,0,0
47.1719,23.1689,-2.74118,0.0526689,4.27732,-0.00213872,-0.00914798,NONE,999.9,0,0
47.1769,23.1689,-2.74118,0.0526689,4.27732,-0.00213872,-0.00914798,NONE,999.9,0,0
47.1807,23.2117,-2.73894,0.0528062,4.27825,0.0445773,0.190713,NONE,999.9,0,0
47.1843,23.2117,-2.73894,0.0528062,4.27825,0.0445773,0.190713,NONE,999.9,0,0
47.1899,23.2544,-2.73666,0.0535053,4.27915,0.0768497,0.328851,NONE,999.9,0,0
47.1923,23.2544,-2.73666,0.0535053,4.27915,0.0768497,0.328851,NONE,999.9,0,0
47.1961,23.2544,-2.73666,0.0535053,4.27915,0.0768497,0.328851,NONE,999.9,0,0
47.2001,23.2971,-2.73434,0.0543384,4.28,0.105499,0.451535,NONE,999.9,0,0
47.2039,23.2971,-2.73434,0.0543384,4.28,0.105499,0.451535,NONE,999.9,0,0
47.2092,23.3399,-2.73197,0.0555732,4.28081,0.123627,0.529225,NONE,999.9,0,0
47.2124,23.3399,-2.73197,0.0555732,4.28081,0.123627,0.529225,NONE,999.9,0,0
47.216,23.3399,-2.73197,0.0555732,4.28081,0.123627,0.529225,NONE,999.9,0,0
47.2202,23.3826,-2.72958,0.0568165,4.28158,0.141233,0.604703,NONE,999.9,0,0
47.2242,23.3826,-2.72958,0.0568165,4.28158,0.141233,0.604703,NONE,999.9,0,0
47.2292,23.4253,-2.72712,0.0583638,4.28232,0.150765,0.645624,NONE,999.9,0,0
47.2325,23.4253,-2.72712,0.0583638,4.28232,0.150765,0.645624,NONE,999.9,0,0
47.2362,23.4253,-2.72712,0.0583638,4.28232,0.150765,0.645624,NONE,999.9,0,0
47.2404,23.4681,-2.72464,0.0598438,4.28302,0.161701,0.69257,NONE,999.9,0,0
47.2446,23.4681,-2.72464,0.0598438,4.28302,0.161701,0.69257,NONE,999.9,0,0
47.2504,23.5109,-2.72209,0.0615689,4.28369,0.166076,0.711419,NONE,999.9,0,0
47.2519,23.5109,-2.72209,0.0615689,4.28369,0.166076,0.711419,NONE,999.9,0,0
47.2561,23.5109,-2.72209,0.0615689,4.28369,0.166076,0.711419,NONE,999.9,0,0
47.26,23.5536,-2.7195,0.0631812,4.28433,0.173043,0.741372,NONE,999.9,0,0
47.2639,23.5536,-2.7195,0.0631812,4.28433,0.173043,0.741372,NONE,999.9,0,0
47.2686,23.5964,-2.71685,0.0650038,4.28493,0.174376,0.747187,NONE,999.9,0,0
47.2726,23.5964,-2.71685,0.0650038,4.28493,0.174376,0.747187,NONE,999.9,0,0
47.2768,23.5964,-2.71685,0.0650038,4.28493,0.174376,0.747187,NONE,999.9,0,0
47.2802,23.6392,-2.71418,0.0663707,4.28648,0.0858404,0.367953,NONE,999.9,0,0
47.2842,23.6392,-2.71418,0.0663707,4.28648,0.0858404,0.367953,NONE,999.9,0,0
47.2894,23.682,-2.71153,0.0668067,4.28795,0.0211006,0.0904785,NONE,999.9,0,0
47.2924,23.682,-2.71153,0.0668067,4.28795,0.0211006,0.0904785,NONE,999.9,0,0
47.2959,23.682,-2.71153,0.0668067,4.28795,0.0211006,0.0904785,NONE,999.9,0,0
47.3,23.7248,-2.70889,0.0668221,4.28935,-0.0326154,-0.139899,NONE,999.9,0,0
47.304,23.7248,-2.70889,0.0668221,4.28935,-0.0326154,-0.139899,NONE,999.9,0,0
47.3096,23.7676,-2.70627,0.0662156,4.29069,-0.0700449,-0.300541,NONE,999.9,0,0
47.3124,23.7676,-2.70627,0.0662156,4.29069,-0.0700449,-0.300541,NONE,999.9,0,0
47.3159,23.7676,-2.70627,0.0662156,4.29069,-0.0700449,-0.300541,NONE,999.9,0,0
47.3202,23.8104,-2.70365,0.0654308,4.29196,-0.102399,-0.439492,NONE,999.9,0,0
47.324,23.8104,-2.70365,0.0654308,4.29196,-0.102399,-0.439492,NONE,999.9,0,0
47.3289,23.8533,-2.70107,0.0642132,4.29317,-0.123167,-0.528778,NONE,999.9,0,0
47.332,23.8533,-2.70107,0.0642132,4.29317,-0.123167,-0.528778,NONE,999.9,0,0
47.3363,23.8533,-2.70107,0.0642132,4.29317,-0.123167,-0.528778,NONE,999.9,0,0
47.3408,23.8961,-2.69848,0.0629647,4.29433,-0.14257,-0.612241,NONE,999.9,0,0
47.3445,23.8961,-2.69848,0.0629647,4.29433,-0.14257,-0.612241,NONE,999.9,0,0
47.3489,23.939,-2.69594,0.0613977,4.29543,-0.153306,-0.658514,NONE,999.9,0,0
47.352,23.939,-2.69594,0.0613977,4.29543,-0.153306,-0.658514,NONE,999.9,0,0
47.3558,23.939,-2.69594,0.0613977,4.29543,-0.153306,-0.658514,NONE,999.9,0,0
47.36,23.9819,-2.69342,0.0598883,4.29648,-0.16497,-0.70879,NONE,999.9,0,0
47.364,23.9819,-2.69342,0.0598883,4.29648,-0.16497,-0.70879,NONE,999.9,0,0
47.369,24.0248,-2.69094,0.0581283,4.29747,-0.169764,-0.729556,NONE,999.9,0,0
47.3722,24.0248,-2.69094,0.0581283,4.29747,-0.169764,-0.729556,NONE,999.9,0,0
47.3766,24.0248,-2.69094,0.0581283,4.29747,-0.169764,-0.729556,NONE,999.9,0,0
47.3807,24.0677,-2.68848,0.056478,4.29842,-0.17689,-0.760348,NONE,999.9,0,0
47.384,24.0677,-2.68848,0.056478,4.29842,-0.17689,-0.760348,NONE,999.9,0,0
47.389,24.1106,-2.68608,0.0546169,4.29933,-0.178238,-0.766305,NONE,999.9,0,0
47.3924,24.1106,-2.68608,0.0546169,4.29933,-0.178238,-0.766305,NONE,999.9,0,0
47.3962,24.1106,-2.68608,0.0546169,4.29933,-0.178238,-0.766305,NONE,999.9,0,0
47.4004,24.1535,-2.68372,0.0528955,4.30019,-0.182768,-0.785935,NONE,999.9,0,0
47.4045,24.1535,-2.68372,0.0528955,4.30019,-0.182768,-0.785935,NONE,999.9,0,0
47.4096,24.1965,-2.68142,0.0509857,4.30101,-0.182175,-0.783536,NONE,999.9,0,0
47.4119,24.1965,-2.68142,0.0509857,4.30101,-0.182175,-0.783536,NONE,999.9,0,0
47.416,24.1965,-2.68142,0.0509857,4.30101,-0.182175,-0.783536,NONE,999.9,0,0
47.42,24.2394,-2.67915,0.0492325,4.30179,-0.185269,-0.796988,NONE,999.9,0,0
47.4239,24.2394,-2.67915,0.0492325,4.30179,-0.185269,-0.796988,NONE,999.9,0,0
47.4289,24.2824,-2.67696,0.0473032,4.30254,-0.183628,-0.790065,NONE,999.9,0,0
47.4323,24.2824,-2.67696,0.0473032,4.30254,-0.183628,-0.790065,NONE,999.9,0,0
47.4368,24.2824,-2.67696,0.0473032,4.30254,-0.183628,-0.790065,NONE,999.9,0,0
47.4405,24.3254,-2.6748,0.0456977,4.30325,-0.139342,-0.599625,NONE,999.9,0,0
47.4442,24.3254,-2.6748,0.0456977,4.30325,-0.139342,-0.599625,NONE,999.9,0,0
47.4489,24.3684,-2.67265,0.0446417,4.30417,-0.0583326,-0.251073,NONE,999.9,0,0
47.4519,24.3684,-2.67265,0.0446417,4.30417,-0.0583326,-0.251073,NONE,999.9,0,0
47.4559,24.3684,-2.67265,0.0446417,4.30417,-0.0583326,-0.251073,NONE,999.9,0,0
47.4602,24.4114,-2.67048,0.0444503,4.30505,0.000497104,0.00214006,NONE,999.9,0,0
47.4642,24.4114,-2.67048,0.0444503,4.30505,0.000497104,0.00214006,NONE,999.9,0,0
47.4693,24.4544,-2.66831,0.0446265,4.30589,0.0495773,0.213474,NONE,999.9,0,0
47.4719,24.4544,-2.66831,0.0446265,4.30589,0.0495773,0.213474,NONE,999.9,0,0
47.4764,24.4544,-2.66831,0.0446265,4.30589,0.0495773,0.213474,NONE,999.9,0,0
47.4802,24.4974,-2.66611,0.045384,4.30669,0.083381,0.359096,NONE,999.9,0,0
47.4844,24.4974,-2.66611,0.045384,4.30669,0.083381,0.359096,NONE,999.9,0,0
47.4889,24.5404,-2.66392,0.0462872,4.30745,0.112901,0.486313,NONE,999.9,0,0
47.4925,24.5404,-2.66392,0.0462872,4.30745,0.112901,0.486313,NONE,999.9,0,0
47.4966,24.5404,-2.66392,0.0462872,4.30745,0.112901,0.486313,NONE,999.9,0,0
47.5006,24.5834,-2.6617,0.0475984,4.30817,0.131461,0.566355,NONE,999.9,0,0
47.5041,24.5834,-2.6617,0.0475984,4.30817,0.131461,0.566355,NONE,999.9,0,0
47.5092,24.6264,-2.65947,0.0489207,4.30886,0.149142,0.642631,NONE,999.9,0,0
47.5121,24.6264,-2.65947,0.0489207,4.30886,0.149142,0.642631,NONE,999.9,0,0
47.5159,24.6264,-2.65947,0.0489207,4.30886,0.149142,0.642631,NONE,999.9,0,0
47.5201,24.6695,-2.6572,0.0505466,4.30952,0.158542,0.68324,NONE,999.9,0,0
47.5241,24.6695,-2.6572,0.0505466,4.30952,0.158542,0.68324,NONE,999.9,0,0
47.5288,24.7125,-2.65491,0.0521028,4.31014,0.169166,0.729131,NONE,999.9,0,0
47.5322,24.7125,-2.65491,0.0521028,4.31014,0.169166,0.729131,NONE,999.9,0,0
47.5361,24.7125,-2.65491,0.0521028,4.31014,0.169166,0.729131,NONE,999.9,0,0
47.5405,24.7555,-2.65258,0.0539007,4.31074,0.173156,0.74643,NONE,999.9,0,0
47.5442,24.7555,-2.65258,0.0539007,4.31074,0.173156,0.74643,NONE,999.9,0,0
47.5489,24.7986,-2.65022,0.0555815,4.3113,0.179656,0.774551,NONE,999.9,0,0
47.552,24.7986,-2.65022,0.0555815,4.3113,0.179656,0.774551,NONE,999.9,0,0
47.5562,24.7986,-2.65022,0.0555815,4.3113,0.179656,0.774551,NONE,999.9,0,0
47.5601,24.8416,-2.6478,0.057468,4.31184,0.180521,0.778379,NONE,999.9,0,0
47.5646,24.8416,-2.6478,0.057468,4.31184,0.180521,0.778379,NONE,999.9,0,0
47.5688,24.8847,-2.64534,0.0592101,4.31236,0.184673,0.796377,NONE,999.9,0,0
47.5719,24.8847,-2.64534,0.0592101,4.31236,0.184673,0.796377,NONE,999.9,0,0
47.5762,24.8847,-2.64534,0.0592101,4.31236,0.184673,0.796377,NONE,999.9,0,0
47.5802,24.9277,-2.64283,0.0611375,4.31285,0.18379,0.79266,NONE,999.9,0,0
47.5842,24.9277,-2.64283,0.0611375,4.31285,0.18379,0.79266,NONE,999.9,0,0
47.5888,24.9708,-2.64027,0.0629055,4.31332,0.186655,0.805103,NONE,999.9,0,0
47.5927,24.9708,-2.64027,0.0629055,4.31332,0.186655,0.805103,NONE,999.9,0,0
47.5964,24.9708,-2.64027,0.0629055,4.31332,0.186655,0.805103,NONE,999.9,0,0
47.6003,25.0138,-2.63764,0.0648465,4.31449,0.184626,0.796565,NONE,999.9,0,0
47.6043,25.0138,-2.63764,0.0648465,4.31449,0.184626,0.796565,NONE,999.9,0,0
47.609,25.0569,-2.63496,0.0666187,4.31561,0.186655,0.805528,NONE,999.9,0,0
47.6121,25.0569,-2.63496,0.0666187,4.31561,0.186655,0.805528,NONE,999.9,0,0
47.6159,25.0569,-2.63496,0.0666187,4.31561,0.186655,0.805528,NONE,999.9,0,0
47.6203,25.1,-2.6322,0.0685579,4.31667,0.184271,0.795439,NONE,999.9,0,0
47.6246,25.1,-2.6322,0.0685579,4.31667,0.184271,0.795439,NONE,999.9,0,0
47.6296,25.1431,-2.62942,0.0700093,4.31769,0.092922,0.401208,NONE,999.9,0,0
47.6322,25.1431,-2.62942,0.0700093,4.31769,0.092922,0.401208,NONE,999.9,0,0
47.636,25.1431,-2.62942,0.0700093,4.31769,0.092922,0.401208,NONE,999.9,0,0
47.6408,25.1862,-2.62667,0.0705043,4.31865,0.0259388,0.11202,NONE,999.9,0,0
47.6446,25.1862,-2.62667,0.0705043,4.31865,0.0259388,0.11202,NONE,999.9,0,0
47.6491,25.2293,-2.6239,0.0705591,4.31957,-0.0295244,-0.127533,NONE,999.9,0,0
47.6519,25.2293,-2.6239,0.0705591,4.31957,-0.0295244,-0.127533,NONE,999.9,0,0
47.6563,25.2293,-2.6239,0.0705591,4.31957,-0.0295244,-0.127533,NONE,999.9,0,0
47.6604,25.2724,-2.62115,0.0699762,4.32045,-0.068331,-0.295221,NONE,999.9,0,0
47.664,25.2724,-2.62115,0.0699762,4.32045,-0.068331,-0.295221,NONE,999.9,0,0
47.6686,25.3155,-2.6184,0.0692032,4.32128,-0.101731,-0.439607,NONE,999.9,0,0
47.6719,25.3155,-2.6184,0.0692032,4.32128,-0.101731,-0.439607,NONE,999.9,0,0
47.6762,25.3155,-2.6184,0.0692032,4.32128,-0.101731,-0.439607,NONE,999.9,0,0
47.6801,25.3586,-2.61567,0.0679879,4.32207,-0.123311,-0.53296,NONE,999.9,0,0
47.6841,25.3586,-2.61567,0.0679879,4.32207,-0.123311,-0.53296,NONE,999.9,0,0
47.6891,25.4018,-2.61295,0.0667351,4.32283,-0.143306,-0.619487,NONE,999.9,0,0
47.6923,25.4018,-2.61295,0.0667351,4.32283,-0.143306,-0.619487,NONE,999.9,0,0
47.6964,25.4018,-2.61295,0.0667351,4.32283,-0.143306,-0.619487,NONE,999.9,0,0
47.7002,25.4449,-2.61025,0.0651582,4.32355,-0.154492,-0.667954,NONE,999.9,0,0
47.7039,25.4449,-2.61025,0.0651582,4.32355,-0.154492,-0.667954,NONE,999.9,0,0
47.7092,25.4881,-2.60758,0.0636354,4.32424,-0.166461,-0.719816,NONE,999.9,0,0
47.7121,25.4881,-2.60758,0.0636354,4.32424,-0.166461,-0.719816,NONE,999.9,0,0
47.716,25.4881,-2.60758,0.0636354,4.32424,-0.166461,-0.719816,NONE,999.9,0,0
47.7204,25.5312,-2.60494,0.0618592,4.32489,-0.171478,-0.741625,NONE,999.9,0,0
47.7246,25.5312,-2.60494,0.0618592,4.32489,-0.171478,-0.741625,NONE,999.9,0,0
47.7287,25.5744,-2.60233,0.0601912,4.32552,-0.178732,-0.773107,NONE,999.9,0,0
47.732,25.5744,-2.60233,0.0601912,4.32552,-0.178732,-0.773107,NONE,999.9,0,0
47.736,25.5744,-2.60233,0.0601912,4.32552,-0.178732,-0.773107,NONE,999.9,0,0
47.7406,25.6176,-2.59977,0.058311,4.32611,-0.180167,-0.779421,NONE,999.9,0,0
47.7442,25.6176,-2.59977,0.058311,4.32611,-0.180167,-0.779421,NONE,999.9,0,0
47.7489,25.6608,-2.59722,0.0568869,4.32667,-0.0913682,-0.39532,NONE,999.9,0,0
47.7521,25.6608,-2.59722,0.0568869,4.32667,-0.0913682,-0.39532,NONE,999.9,0,0
47.7566,25.6608,-2.59722,0.0568869,4.32667,-0.0913682,-0.39532,NONE,999.9,0,0
47.7602,25.704,-2.59463,0.0563982,4.32735,-0.0261572,-0.113191,NONE,999.9,0,0
47.7642,25.704,-2.59463,0.0563982,4.32735,-0.0261572,-0.113191,NONE,999.9,0,0
47.769,25.7472,-2.59203,0.0563348,4.32799,0.0281312,0.121751,NONE,999.9,0,0
47.7722,25.7472,-2.59203,0.0563348,4.32799,0.0281312,0.121751,NONE,999.9,0,0
47.7761,25.7472,-2.59203,0.0563348,4.32799,0.0281312,0.121751,NONE,999.9,0,0
47.7803,25.7904,-2.5894,0.0568999,4.3286,0.0662064,0.286581,NONE,999.9,0,0
47.7843,25.7904,-2.5894,0.0568999,4.3286,0.0662064,0.286581,NONE,999.9,0,0
47.7892,25.8336,-2.58679,0.0573326,4.32918,0.00584668,0.0253114,NONE,999.9,0,0
47.7929,25.8336,-2.58679,0.0573326,4.32918,0.00584668,0.0253114,NONE,999.9,0,0
47.7977,25.8336,-2.58679,0.0573326,4.32918,0.00584668,0.0253114,NONE,999.9,0,0
47.8007,25.8768,-2.58424,0.0570807,4.32974,-0.0374056,-0.161956,NONE,999.9,0,0
47.8041,25.8768,-2.58424,0.0570807,4.32974,-0.0374056,-0.161956,NONE,999.9,0,0
47.8093,25.92,-2.58173,0.0565967,4.33027,-0.0748035,-0.323919,NONE,999.9,0,0
47.8121,25.92,-2.58173,0.0565967,4.33027,-0.0748035,-0.323919,NONE,999.9,0,0
47.8162,25.92,-2.58173,0.0565967,4.33027,-0.0748035,-0.323919,NONE,999.9,0,0
47.8207,25.9633,-2.57927,0.0556324,4.33077,-0.0999549,-0.432882,NONE,999.9,0,0
47.8246,25.9633,-2.57927,0.0556324,4.33077,-0.0999549,-0.432882,NONE,999.9,0,0
47.8291,26.0065,-2.57685,0.054597,4.33125,-0.123116,-0.533247,NONE,999.9,0,0
47.8321,26.0065,-2.57685,0.054597,4.33125,-0.123116,-0.533247,NONE,999.9,0,0
47.8362,26.0065,-2.57685,0.054597,4.33125,-0.123116,-0.533247,NONE,999.9,0,0
47.8403,26.0498,-2.57448,0.0532077,4.33171,-0.137097,-0.593866,NONE,999.9,0,0
47.8451,26.0498,-2.57448,0.0532077,4.33171,-0.137097,-0.593866,NONE,999.9,0,0
47.8492,26.093,-2.57215,0.0518464,4.33214,-0.151519,-0.6564,NONE,999.9,0,0
47.8522,26.093,-2.57215,0.0518464,4.33214,-0.151519,-0.6564,NONE,999.9,0,0
47.8566,26.093,-2.57215,0.0518464,4.33214,-0.151519,-0.6564,NONE,999.9,0,0
47.8609,26.1363,-2.56989,0.0502086,4.33256,-0.158681,-0.687495,NONE,999.9,0,0
47.8645,26.1363,-2.56989,0.0502086,4.33256,-0.158681,-0.687495,NONE,999.9,0,0
47.8694,26.1795,-2.56766,0.0486591,4.33295,-0.167801,-0.727074,NONE,999.9,0,0
47.872,26.1795,-2.56766,0.0486591,4.33295,-0.167801,-0.727074,NONE,999.9,0,0
47.8764,26.1795,-2.56766,0.0486591,4.33295,-0.167801,-0.727074,NONE,999.9,0,0
47.8823,26.2228,-2.56549,0.0468799,4.33333,-0.170857,-0.740379,NONE,999.9,0,0
47.8849,26.2228,-2.56549,0.0468799,4.33333,-0.170857,-0.740379,NONE,999.9,0,0
47.8897,26.2661,-2.56337,0.0452252,4.33368,-0.17681,-0.766238,NONE,999.9,0,0
47.8923,26.2661,-2.56337,0.0452252,4.33368,-0.17681,-0.766238,NONE,999.9,0,0
47.896,26.2661,-2.56337,0.0452252,4.33368,-0.17681,-0.766238,NONE,999.9,0,0
47.9003,26.3094,-2.56132,0.0433685,4.33402,-0.177435,-0.769006,NONE,999.9,0,0
47.904,26.3094,-2.56132,0.0433685,4.33402,-0.177435,-0.769006,NONE,999.9,0,0
47.91,26.3527,-2.55932,0.0416585,4.33491,-0.181348,-0.786128,NONE,999.9,0,0
47.9122,26.3527,-2.55932,0.0416585,4.33491,-0.181348,-0.786128,NONE,999.9,0,0
47.917,26.3527,-2.55932,0.0416585,4.33491,-0.181348,-0.786128,NONE,999.9,0,0
47.9211,26.396,-2.55739,0.0397646,4.33575,-0.180447,-0.782372,NONE,999.9,0,0
47.924,26.396,-2.55739,0.0397646,4.33575,-0.180447,-0.782372,NONE,999.9,0,0
47.929,26.4393,-2.55552,0.0380296,4.33655,-0.183391,-0.795283,NONE,999.9,0,0
47.9319,26.4393,-2.55552,0.0380296,4.33655,-0.183391,-0.795283,NONE,999.9,0,0
47.9359,26.4393,-2.55552,0.0380296,4.33655,-0.183391,-0.795283,NONE,999.9,0,0
47.9401,26.4827,-2.55372,0.0361191,4.33731,-0.18177,-0.788391,NONE,999.9,0,0
47.9448,26.4827,-2.55372,0.0361191,4.33731,-0.18177,-0.788391,NONE,999.9,0,0
47.9494,26.526,-2.55197,0.0343737,4.33803,-0.184187,-0.799009,NONE,999.9,0,0
47.9523,26.526,-2.55197,0.0343737,4.33803,-0.184187,-0.799009,NONE,999.9,0,0
47.9564,26.526,-2.55197,0.0343737,4.33803,-0.184187,-0.799009,NONE,999.9,0,0
47.96,26.5694,-2.55031,0.0324571,4.33873,-0.182185,-0.790451,NONE,999.9,0,0
47.964,26.5694,-2.55031,0.0324571,4.33873,-0.182185,-0.790451,NONE,999.9,0,0
47.9695,26.6127,-2.54868,0.0310255,4.33938,-0.0909986,-0.394878,NONE,999.9,0,0
47.9724,26.6127,-2.54868,0.0310255,4.33938,-0.0909986,-0.394878,NONE,999.9,0,0
47.9774,26.6127,-2.54868,0.0310255,4.33938,-0.0909986,-0.394878,NONE,999.9,0,0
47.9822,26.6561,-2.54703,0.0305494,4.34001,-0.0241054,-0.104618,NONE,999.9,0,0
47.9841,26.6561,-2.54703,0.0305494,4.34001,-0.0241054,-0.104618,NONE,999.9,0,0
47.9904,26.6995,-2.54539,0.0305125,4.34061,0.0312921,0.135827,NONE,999.9,0,0
47.9923,26.6995,-2.54539,0.0305125,4.34061,0.0312921,0.135827,NONE,999.9,0,0
47.9964,26.6995,-2.54539,0.0305125,4.34061,0.0312921,0.135827,NONE,999.9,0,0
47.9999,26.7428,-2.54374,0.031113,4.34118,0.070067,0.304173,NONE,999.9,0,0
48.0043,26.7428,-2.54374,0.031113,4.34118,0.070067,0.304173,NONE,999.9,0,0
48.0107,26.7862,-2.54209,0.031903,4.34172,0.103432,0.449074,NONE,999.9,0,0
48.0138,26.7862,-2.54209,0.031903,4.34172,0.103432,0.449074,NONE,999.9,0,0
48.0163,26.7862,-2.54209,0.031903,4.34172,0.103432,0.449074,NONE,999.9,0,0
48.0201,26.8296,-2.54042,0.0331353,4.34223,0.124994,0.542755,NONE,999.9,0,0
48.0241,26.8296,-2.54042,0.0331353,4.34223,0.124994,0.542755,NONE,999.9,0,0
48.0291,26.873,-2.53875,0.0344048,4.34273,0.144956,0.629506,NONE,999.9,0,0
48.0319,26.873,-2.53875,0.0344048,4.34273,0.144956,0.629506,NONE,999.9,0,0
48.036,26.873,-2.53875,0.0344048,4.34273,0.144956,0.629506,NONE,999.9,0,0
48.0408,26.9164,-2.53705,0.0359981,4.34319,0.15612,0.678058,NONE,999.9,0,0
48.048,26.9164,-2.53705,0.0359981,4.34319,0.15612,0.678058,NONE,999.9,0,0
48.0515,26.9598,-2.53533,0.0375369,4.34364,0.168048,0.729939,NONE,999.9,0,0
48.0535,26.9598,-2.53533,0.0375369,4.34364,0.168048,0.729939,NONE,999.9,0,0
48.056,26.9598,-2.53533,0.0375369,4.34364,0.168048,0.729939,NONE,999.9,0,0
48.0603,27.0032,-2.53357,0.0393289,4.34406,0.173033,0.751667,NONE,999.9,0,0
48.0642,27.0032,-2.53357,0.0393289,4.34406,0.173033,0.751667,NONE,999.9,0,0
48.0699,27.0466,-2.53179,0.0410121,4.34447,0.180237,0.783034,NONE,999.9,0,0
48.0736,27.0466,-2.53179,0.0410121,4.34447,0.180237,0.783034,NONE,999.9,0,0
48.0781,27.0466,-2.53179,0.0410121,4.34447,0.180237,0.783034,NONE,999.9,0,0
48.0831,27.09,-2.52996,0.0429071,4.34497,0.181607,0.78908,NONE,999.9,0,0
48.085,27.09,-2.52996,0.0429071,4.34497,0.181607,0.78908,NONE,999.9,0,0
48.0892,27.1334,-2.52812,0.0443449,4.34546,0.0926654,0.402673,NONE,999.9,0,0
48.0921,27.1334,-2.52812,0.0443449,4.34546,0.0926654,0.402673,NONE,999.9,0,0
48.0959,27.1334,-2.52812,0.0443449,4.34546,0.0926654,0.402673,NONE,999.9,0,0
48.1002,27.1768,-2.52632,0.0448455,4.34592,0.0272324,0.11835,NONE,999.9,0,0
48.1044,27.1768,-2.52632,0.0448455,4.34592,0.0272324,0.11835,NONE,999.9,0,0
48.1098,27.2203,-2.52453,0.0449186,4.34635,-0.0272802,-0.118569,NONE,999.9,0,0
48.1123,27.2203,-2.52453,0.0449186,4.34635,-0.0272802,-0.118569,NONE,999.9,0,0
48.1161,27.2203,-2.52453,0.0449186,4.34635,-0.0272802,-0.118569,NONE,999.9,0,0
48.1201,27.2637,-2.52277,0.0443608,4.34677,-0.0655908,-0.285108,NONE,999.9,0,0
48.1253,27.2637,-2.52277,0.0443608,4.34677,-0.0655908,-0.285108,NONE,999.9,0,0
48.1287,27.3071,-2.52102,0.0436166,4.34716,-0.0987886,-0.42945,NONE,999.9,0,0
48.1321,27.3071,-2.52102,0.0436166,4.34716,-0.0987886,-0.42945,NONE,999.9,0,0
48.1362,27.3071,-2.52102,0.0436166,4.34716,-0.0987886,-0.42945,NONE,999.9,0,0
48.1405,27.3506,-2.5193,0.0424306,4.34754,-0.120392,-0.52341,NONE,999.9,0,0
48.1444,27.3506,-2.5193,0.0424306,4.34754,-0.120392,-0.52341,NONE,999.9,0,0
48.149,27.394,-2.5176,0.0412064,4.3479,-0.140533,-0.611024,NONE,999.9,0,0
48.152,27.394,-2.5176,0.0412064,4.3479,-0.140533,-0.611024,NONE,999.9,0,0
48.1561,27.394,-2.5176,0.0412064,4.3479,-0.140533,-0.611024,NONE,999.9,0,0
48.1605,27.4375,-2.51594,0.039656,4.34824,-0.151965,-0.660783,NONE,999.9,0,0
48.1642,27.4375,-2.51594,0.039656,4.34824,-0.151965,-0.660783,NONE,999.9,0,0
48.1699,27.4809,-2.5143,0.0381572,4.34857,-0.164212,-0.714088,NONE,999.9,0,0
48.1722,27.4809,-2.5143,0.0381572,4.34857,-0.164212,-0.714088,NONE,999.9,0,0
48.1767,27.4809,-2.5143,0.0381572,4.34857,-0.164212,-0.714088,NONE,999.9,0,0
48.1802,27.5244,-2.51271,0.0364018,4.34888,-0.169542,-0.73732,NONE,999.9,0,0
48.1844,27.5244,-2.51271,0.0364018,4.34888,-0.169542,-0.73732,NONE,999.9,0,0
48.1891,27.5678,-2.51115,0.0347518,4.34918,-0.177095,-0.770217,NONE,999.9,0,0
48.192,27.5678,-2.51115,0.0347518,4.34918,-0.177095,-0.770217,NONE,999.9,0,0
48.196,27.5678,-2.51115,0.0347518,4.34918,-0.177095,-0.770217,NONE,999.9,0,0
48.2005,27.6113,-2.50964,0.0328864,4.34946,-0.178833,-0.777827,NONE,999.9,0,0
48.2046,27.6113,-2.50964,0.0328864,4.34946,-0.178833,-0.777827,NONE,999.9,0,0
48.2094,27.6548,-2.50818,0.0311578,4.34973,-0.183654,-0.798846,NONE,999.9,0,0
48.2121,27.6548,-2.50818,0.0311578,4.34973,-0.183654,-0.798846,NONE,999.9,0,0
48.2159,27.6548,-2.50818,0.0311578,4.34973,-0.183654,-0.798846,NONE,999.9,0,0
48.2202,27.6982,-2.50678,0.0292383,4.35041,-0.183218,-0.797071,NONE,999.9,0,0
48.224,27.6982,-2.50678,0.0292383,4.35041,-0.183218,-0.797071,NONE,999.9,0,0
48.2297,27.7417,-2.50542,0.0274742,4.35105,-0.186404,-0.811053,NONE,999.9,0,0
48.2321,27.7417,-2.50542,0.0274742,4.35105,-0.186404,-0.811053,NONE,999.9,0,0
48.2363,27.7417,-2.50542,0.0274742,4.35105,-0.186404,-0.811053,NONE,999.9,0,0
48.2407,27.7852,-2.50413,0.0255329,4.35167,-0.184883,-0.804547,NONE,999.9,0,0
48.2451,27.7852,-2.50413,0.0255329,4.35167,-0.184883,-0.804547,NONE,999.9,0,0
48.2493,27.8287,-2.50289,0.0237564,4.35225,-0.187282,-0.815097,NONE,999.9,0,0
48.2519,27.8287,-2.50289,0.0237564,4.35225,-0.187282,-0.815097,NONE,999.9,0,0
48.256,27.8287,-2.50289,0.0237564,4.35225,-0.187282,-0.815097,NONE,999.9,0,0
48.2601,27.8722,-2.50173,0.0218093,4.35281,-0.185199,-0.806136,NONE,999.9,0,0
48.2651,27.8722,-2.50173,0.0218093,4.35281,-0.185199,-0.806136,NONE,999.9,0,0
48.2691,27.9158,-2.50062,0.0200317,4.35334,-0.187208,-0.814981,NONE,999.9,0,0
48.272,27.9158,-2.50062,0.0200317,4.35334,-0.187208,-0.814981,NONE,999.9,0,0
48.2762,27.9158,-2.50062,0.0200317,4.35334,-0.187208,-0.814981,NONE,999.9,0,0
48.2802,27.9593,-2.49958,0.0180867,4.35385,-0.184864,-0.804869,NONE,999.9,0,0
48.2844,27.9593,-2.49958,0.0180867,4.35385,-0.184864,-0.804869,NONE,999.9,0,0
48.2893,28.0028,-2.49861,0.0163134,4.35433,-0.186707,-0.812983,NONE,999.9,0,0
48.2919,28.0028,-2.49861,0.0163134,4.35433,-0.186707,-0.812983,NONE,999.9,0,0
48.2967,28.0028,-2.49861,0.0163134,4.35433,-0.186707,-0.812983,NONE,999.9,0,0
48.3009,28.0463,-2.49772,0.0143739,4.35479,-0.184266,-0.80244,NONE,999.9,0,0
48.3039,28.0463,-2.49772,0.0143739,4.35479,-0.184266,-0.80244,NONE,999.9,0,0
48.3091,28.0899,-2.49688,0.0126069,4.35523,-0.186063,-0.810349,NONE,999.9,0,0
48.3121,28.0899,-2.49688,0.0126069,4.35523,-0.186063,-0.810349,NONE,999.9,0,0
48.3162,28.0899,-2.49688,0.0126069,4.35523,-0.186063,-0.810349,NONE,999.9,0,0
48.3201,28.1334,-2.49613,0.0106738,4.35565,-0.183613,-0.799752,NONE,999.9,0,0
48.324,28.1334,-2.49613,0.0106738,4.35565,-0.183613,-0.799752,NONE,999.9,0,0
48.3308,28.177,-2.49544,0.0089133,4.35604,-0.185425,-0.807719,NONE,999.9,0,0
48.3326,28.177,-2.49544,0.0089133,4.35604,-0.185425,-0.807719,NONE,999.9,0,0
48.336,28.177,-2.49544,0.0089133,4.35604,-0.185425,-0.807719,NONE,999.9,0,0
48.3401,28.2205,-2.49484,0.0069865,4.35642,-0.183005,-0.797246,NONE,999.9,0,0
48.3443,28.2205,-2.49484,0.0069865,4.35642,-0.183005,-0.797246,NONE,999.9,0,0
48.3487,28.2641,-2.4943,0.00523187,4.35678,-0.184858,-0.805386,NONE,999.9,0,0
48.3518,28.2641,-2.4943,0.00523187,4.35678,-0.184858,-0.805386,NONE,999.9,0,0
48.3559,28.2641,-2.4943,0.00523187,4.35678,-0.184858,-0.805386,NONE,999.9,0,0
48.3607,28.3077,-2.49385,0.0033105,4.35713,-0.182484,-0.795108,NONE,999.9,0,0
48.3641,28.3077,-2.49385,0.0033105,4.35713,-0.182484,-0.795108,NONE,999.9,0,0
48.369,28.3513,-2.49346,0.00156083,4.35745,-0.184387,-0.803456,NONE,999.9,0,0
48.3719,28.3513,-2.49346,0.00156083,4.35745,-0.184387,-0.803456,NONE,999.9,0,0
48.3761,28.3513,-2.49346,0.00156083,4.35745,-0.184387,-0.803456,NONE,999.9,0,0
48.3816,28.3948,-2.49316,-0.000356074,4.35776,-0.182062,-0.793381,NONE,999.9,0,0
48.3852,28.3948,-2.49316,-0.000356074,4.35776,-0.182062,-0.793381,NONE,999.9,0,0
48.389,28.4384,-2.49292,-0.00210156,4.35816,-0.183971,-0.801774,NONE,999.9,0,0
48.3923,28.4384,-2.49292,-0.00210156,4.35816,-0.183971,-0.801774,NONE,999.9,0,0
48.4023,28.482,-2.49278,-0.00401438,4.35853,-0.181664,-0.79179,NONE,999.9,0,0
48.4049,28.482,-2.49278,-0.00401438,4.35853,-0.181664,-0.79179,NONE,999.9,0,0
48.4097,28.5256,-2.4927,-0.0057562,4.35889,-0.183636,-0.80045,NONE,999.9,0,0
48.4126,28.5256,-2.4927,-0.0057562,4.35889,-0.183636,-0.80045,NONE,999.9,0,0
48.416,28.5256,-2.4927,-0.0057562,4.35889,-0.183636,-0.80045,NONE,999.9,0,0
48.4202,28.5692,-2.4927,-0.00766596,4.35923,-0.181384,-0.790694,NONE,999.9,0,0
48.4245,28.5692,-2.4927,-0.00766596,4.35923,-0.181384,-0.790694,NONE,999.9,0,0
48.4296,28.6128,-2.49278,-0.0094052,4.35956,-0.183402,-0.799552,NONE,999.9,0,0
48.4321,28.6128,-2.49278,-0.0094052,4.35956,-0.183402,-0.799552,NONE,999.9,0,0
48.4367,28.6128,-2.49278,-0.0094052,4.35956,-0.183402,-0.799552,NONE,999.9,0,0
48.4406,28.6564,-2.49294,-0.0113128,4.35987,-0.18119,-0.789964,NONE,999.9,0,0
48.4443,28.6564,-2.49294,-0.0113128,4.35987,-0.18119,-0.789964,NONE,999.9,0,0
48.4488,28.7,-2.49317,-0.0130503,4.36016,-0.183243,-0.798968,NONE,999.9,0,0
48.4521,28.7,-2.49317,-0.0130503,4.36016,-0.183243,-0.798968,NONE,999.9,0,0
48.4564,28.7,-2.49317,-0.0130503,4.36016,-0.183243,-0.798968,NONE,999.9,0,0
48.4604,28.7436,-2.49349,-0.0149565,4.36044,-0.18106,-0.789501,NONE,999.9,0,0
48.464,28.7436,-2.49349,-0.0149565,4.36044,-0.18106,-0.789501,NONE,999.9,0,0
48.4688,28.7872,-2.49388,-0.0166928,4.36071,-0.183138,-0.798612,NONE,999.9,0,0
48.4719,28.7872,-2.49388,-0.0166928,4.36071,-0.183138,-0.798612,NONE,999.9,0,0
48.4763,28.7872,-2.49388,-0.0166928,4.36071,-0.183138,-0.798612,NONE,999.9,0,0
48.48,28.8308,-2.49436,-0.0185981,4.36096,-0.180977,-0.789232,NONE,999.9,0,0
48.4841,28.8308,-2.49436,-0.0185981,4.36096,-0.180977,-0.789232,NONE,999.9,0,0
48.4903,28.8744,-2.4949,-0.0203336,4.36121,-0.183073,-0.798418,NONE,999.9,0,0
48.4926,28.8744,-2.4949,-0.0203336,4.36121,-0.183073,-0.798418,NONE,999.9,0,0
48.4962,28.8744,-2.4949,-0.0203336,4.36121,-0.183073,-0.798418,NONE,999.9,0,0
48.5,28.918,-2.49554,-0.0222383,4.36144,-0.180926,-0.789099,NONE,999.9,0,0
48.5041,28.918,-2.49554,-0.0222383,4.36144,-0.180926,-0.789099,NONE,999.9,0,0
48.5093,28.9616,-2.49621,-0.0236562,4.36166,-0.0894861,-0.390308,NONE,999.9,0,0
48.5121,28.9616,-2.49621,-0.0236562,4.36166,-0.0894861,-0.390308,NONE,999.9,0,0
48.516,28.9616,-2.49621,-0.0236562,4.36166,-0.0894861,-0.390308,NONE,999.9,0,0
48.5211,29.0052,-2.49688,-0.0241159,4.36187,-0.0223848,-0.0976397,NONE,999.9,0,0
48.5245,29.0052,-2.49688,-0.0241159,4.36187,-0.0223848,-0.0976397,NONE,999.9,0,0
48.5297,29.0488,-2.49756,-0.024135,4.36207,0.0331586,0.14464,NONE,999.9,0,0
48.5326,29.0488,-2.49756,-0.024135,4.36207,0.0331586,0.14464,NONE,999.9,0,0
48.5368,29.0488,-2.49756,-0.024135,4.36207,0.0331586,0.14464,NONE,999.9,0,0
48.5408,29.0924,-2.49824,-0.0235152,4.36257,0.0720563,0.314351,NONE,999.9,0,0
48.5449,29.0924,-2.49824,-0.0235152,4.36257,0.0720563,0.314351,NONE,999.9,0,0
48.5497,29.1361,-2.49892,-0.0227049,4.36306,0.105477,0.460203,NONE,999.9,0,0
48.5533,29.1361,-2.49892,-0.0227049,4.36306,0.105477,0.460203,NONE,999.9,0,0
48.5566,29.1361,-2.49892,-0.0227049,4.36306,0.105477,0.460203,NONE,999.9,0,0
48.5605,29.1797,-2.49959,-0.021452,4.36352,0.127074,0.55449,NONE,999.9,0,0
48.5642,29.1797,-2.49959,-0.021452,4.36352,0.127074,0.55449,NONE,999.9,0,0
48.5694,29.2233,-2.50027,-0.0201618,4.36396,0.147019,0.641587,NONE,999.9,0,0
48.5721,29.2233,-2.50027,-0.0201618,4.36396,0.147019,0.641587,NONE,999.9,0,0
48.5765,29.2233,-2.50027,-0.0201618,4.36396,0.147019,0.641587,NONE,999.9,0,0
48.5802,29.267,-2.50091,-0.0185479,4.36438,0.15816,0.690271,NONE,999.9,0,0
48.5845,29.267,-2.50091,-0.0185479,4.36438,0.15816,0.690271,NONE,999.9,0,0
48.5891,29.3106,-2.50154,-0.016989,4.36478,0.170027,0.742131,NONE,999.9,0,0
48.592,29.3106,-2.50154,-0.016989,4.36478,0.170027,0.742131,NONE,999.9,0,0
48.5964,29.3106,-2.50154,-0.016989,4.36478,0.170027,0.742131,NONE,999.9,0,0
48.6007,29.3542,-2.50214,-0.0151775,4.36516,0.174957,0.763716,NONE,999.9,0,0
48.6043,29.3542,-2.50214,-0.0151775,4.36516,0.174957,0.763716,NONE,999.9,0,0
48.6096,29.3979,-2.50271,-0.0134755,4.36552,0.182077,0.79486,NONE,999.9,0,0
48.6125,29.3979,-2.50271,-0.0134755,4.36552,0.182077,0.79486,NONE,999.9,0,0
48.6163,29.3979,-2.50271,-0.0134755,4.36552,0.182077,0.79486,NONE,999.9,0,0
48.6203,29.4415,-2.50323,-0.0115623,4.36587,0.183401,0.800706,NONE,999.9,0,0
48.624,29.4415,-2.50323,-0.0115623,4.36587,0.183401,0.800706,NONE,999.9,0,0
48.6291,29.4852,-2.50372,-0.00979008,4.3662,0.187805,0.819994,NONE,999.9,0,0
48.6319,29.4852,-2.50372,-0.00979008,4.3662,0.187805,0.819994,NONE,999.9,0,0
48.6361,29.4852,-2.50372,-0.00979008,4.3662,0.187805,0.819994,NONE,999.9,0,0
48.6411,29.5289,-2.50416,-0.00783024,4.36651,0.187103,0.816985,NONE,999.9,0,0
48.6446,29.5289,-2.50416,-0.00783024,4.36651,0.187103,0.816985,NONE,999.9,0,0
48.6494,29.5725,-2.50458,-0.00634606,4.36681,0.0964843,0.421329,NONE,999.9,0,0
48.652,29.5725,-2.50458,-0.00634606,4.36681,0.0964843,0.421329,NONE,999.9,0,0
48.656,29.5725,-2.50458,-0.00634606,4.36681,0.0964843,0.421329,NONE,999.9,0,0
48.6602,29.6162,-2.50503,-0.00581433,4.36709,0.0297119,0.129755,NONE,999.9,0,0
48.6653,29.6162,-2.50503,-0.00581433,4.36709,0.0297119,0.129755,NONE,999.9,0,0
48.6694,29.6599,-2.50548,-0.00572173,4.36736,-0.025835,-0.112831,NONE,999.9,0,0
48.672,29.6599,-2.50548,-0.00572173,4.36736,-0.025835,-0.112831,NONE,999.9,0,0
48.6767,29.6599,-2.50548,-0.00572173,4.36736,-0.025835,-0.112831,NONE,999.9,0,0
48.6806,29.7035,-2.50597,-0.00626944,4.36762,-0.0649613,-0.283726,NONE,999.9,0,0
48.6843,29.7035,-2.50597,-0.00626944,4.36762,-0.0649613,-0.283726,NONE,999.9,0,0
48.6892,29.7472,-2.50646,-0.00701046,4.36787,-0.0987682,-0.431406,NONE,999.9,0,0
48.6921,29.7472,-2.50646,-0.00701046,4.36787,-0.0987682,-0.431406,NONE,999.9,0,0
48.6962,29.7472,-2.50646,-0.00701046,4.36787,-0.0987682,-0.431406,NONE,999.9,0,0
48.7001,29.7909,-2.50697,-0.00819877,4.3681,-0.120844,-0.52786,NONE,999.9,0,0
48.7045,29.7909,-2.50697,-0.00819877,4.3681,-0.120844,-0.52786,NONE,999.9,0,0
48.7096,29.8346,-2.5075,-0.00942919,4.36832,-0.141319,-0.617326,NONE,999.9,0,0
48.7122,29.8346,-2.5075,-0.00942919,4.36832,-0.141319,-0.617326,NONE,999.9,0,0
48.7164,29.8346,-2.5075,-0.00942919,4.36832,-0.141319,-0.617326,NONE,999.9,0,0
48.7202,29.8783,-2.50807,-0.0109888,4.36859,-0.152997,-0.66838,NONE,999.9,0,0
48.7239,29.8783,-2.50807,-0.0109888,4.36859,-0.152997,-0.66838,NONE,999.9,0,0
48.7287,29.9219,-2.50865,-0.0124987,4.36885,-0.165396,-0.72259,NONE,999.9,0,0
48.7321,29.9219,-2.50865,-0.0124987,4.36885,-0.165396,-0.72259,NONE,999.9,0,0
48.7359,29.9219,-2.50865,-0.0124987,4.36885,-0.165396,-0.72259,NONE,999.9,0,0
48.74,29.9656,-2.50929,-0.0142665,4.36909,-0.170839,-0.74641,NONE,999.9,0,0
48.7447,29.9656,-2.50929,-0.0142665,4.36909,-0.170839,-0.74641,NONE,999.9,0,0
48.7498,30.0093,-2.50992,-0.0156125,4.36932,-0.0848831,-0.370882,NONE,999.9,0,0
48.7524,30.0093,-2.50992,-0.0156125,4.36932,-0.0848831,-0.370882,NONE,999.9,0,0
48.756,30.0093,-2.50992,-0.0156125,4.36932,-0.0848831,-0.370882,NONE,999.9,0,0
48.7605,30.053,-2.51051,-0.0160467,4.36954,-0.0216391,-0.094553,NONE,999.9,0,0
48.7646,30.053,-2.51051,-0.0160467,4.36954,-0.0216391,-0.094553,NONE,999.9,0,0
48.7689,30.0967,-2.51109,-0.0160724,4.36975,0.0312589,0.136593,NONE,999.9,0,0
48.7723,30.0967,-2.51109,-0.0160724,4.36975,0.0312589,0.136593,NONE,999.9,0,0
48.7768,30.0967,-2.51109,-0.0160724,4.36975,0.0312589,0.136593,NONE,999.9,0,0
48.7811,30.1404,-2.51163,-0.0154808,4.36995,0.0684179,0.298983,NONE,999.9,0,0
48.7842,30.1404,-2.51163,-0.0154808,4.36995,0.0684179,0.298983,NONE,999.9,0,0
48.789,30.1841,-2.51216,-0.0147129,4.37014,0.100781,0.440426,NONE,999.9,0,0
48.7919,30.1841,-2.51216,-0.0147129,4.37014,0.100781,0.440426,NONE,999.9,0,0
48.7959,30.1841,-2.51216,-0.0147129,4.37014,0.100781,0.440426,NONE,999.9,0,0
48.8004,30.2278,-2.51265,-0.0135099,4.37032,0.121815,0.53237,NONE,999.9,0,0
48.8041,30.2278,-2.51265,-0.0135099,4.37032,0.121815,0.53237,NONE,999.9,0,0
48.8108,30.2715,-2.51312,-0.0122737,4.37049,0.141552,0.618651,NONE,999.9,0,0
48.813,30.2715,-2.51312,-0.0122737,4.37049,0.141552,0.618651,NONE,999.9,0,0
48.8161,30.2715,-2.51312,-0.0122737,4.37049,0.141552,0.618651,NONE,999.9,0,0
48.82,30.3152,-2.51355,-0.0107144,4.37066,0.152731,0.667534,NONE,999.9,0,0
48.8239,30.3152,-2.51355,-0.0107144,4.37066,0.152731,0.667534,NONE,999.9,0,0
48.8288,30.3589,-2.51395,-0.00920898,4.37082,0.164803,0.720322,NONE,999.9,0,0
48.8319,30.3589,-2.51395,-0.00920898,4.37082,0.164803,0.720322,NONE,999.9,0,0
48.8359,30.3589,-2.51395,-0.00920898,4.37082,0.164803,0.720322,NONE,999.9,0,0
48.8402,30.4026,-2.51431,-0.00744811,4.37096,0.170044,0.743256,NONE,999.9,0,0
48.8444,30.4026,-2.51431,-0.00744811,4.37096,0.170044,0.743256,NONE,999.9,0,0
48.8495,30.4463,-2.51463,-0.00579371,4.37135,0.177476,0.775812,NONE,999.9,0,0
48.8521,30.4463,-2.51463,-0.00579371,4.37135,0.177476,0.775812,NONE,999.9,0,0
48.8573,30.4463,-2.51463,-0.00579371,4.37135,0.177476,0.775812,NONE,999.9,0,0
48.8614,30.49,-2.51489,-0.00392474,4.37172,0.179165,0.783258,NONE,999.9,0,0
48.8641,30.49,-2.51489,-0.00392474,4.37172,0.179165,0.783258,NONE,999.9,0,0
48.8689,30.5337,-2.51511,-0.00219302,4.37207,0.183945,0.804219,NONE,999.9,0,0
48.8721,30.5337,-2.51511,-0.00219302,4.37207,0.183945,0.804219,NONE,999.9,0,0
48.8766,30.5337,-2.51511,-0.00219302,4.37207,0.183945,0.804219,NONE,999.9,0,0
48.8803,30.5775,-2.51527,-0.000269868,4.37241,0.183626,0.802889,NONE,999.9,0,0
48.884,30.5775,-2.51527,-0.000269868,4.37241,0.183626,0.802889,NONE,999.9,0,0
48.8887,30.6212,-2.51538,0.00149856,4.37273,0.186902,0.81727,NONE,999.9,0,0
48.8918,30.6212,-2.51538,0.00149856,4.37273,0.186902,0.81727,NONE,999.9,0,0
48.896,30.6212,-2.51538,0.00149856,4.37273,0.186902,0.81727,NONE,999.9,0,0
48.8999,30.6649,-2.51541,0.00344543,4.37303,0.185467,0.811054,NONE,999.9,0,0
48.9043,30.6649,-2.51541,0.00344543,4.37303,0.185467,0.811054,NONE,999.9,0,0
48.9103,30.7087,-2.5154,0.00522796,4.37332,0.187926,0.821859,NONE,999.9,0,0
48.9122,30.7087,-2.5154,0.00522796,4.37332,0.187926,0.821859,NONE,999.9,0,0
48.9163,30.7087,-2.5154,0.00522796,4.37332,0.187926,0.821859,NONE,999.9,0,0
48.9203,30.7524,-2.51531,0.00718197,4.37359,0.185903,0.813063,NONE,999.9,0,0
48.9243,30.7524,-2.51531,0.00718197,4.37359,0.185903,0.813063,NONE,999.9,0,0
48.9293,30.7961,-2.51517,0.00896664,4.37386,0.187947,0.822052,NONE,999.9,0,0
48.9322,30.7961,-2.51517,0.00896664,4.37386,0.187947,0.822052,NONE,999.9,0,0
48.9364,30.7961,-2.51517,0.00896664,4.37386,0.187947,0.822052,NONE,999.9,0,0
48.9404,30.8399,-2.51495,0.0109194,4.37411,0.185641,0.812012,NONE,999.9,0,0
48.9442,30.8399,-2.51495,0.0109194,4.37411,0.185641,0.812012,NONE,999.9,0,0
48.9489,30.8836,-2.51467,0.0127004,4.37434,0.1875,0.820189,NONE,999.9,0,0
48.952,30.8836,-2.51467,0.0127004,4.37434,0.1875,0.820189,NONE,999.9,0,0
48.9566,30.8836,-2.51467,0.0127004,4.37434,0.1875,0.820189,NONE,999.9,0,0
48.9609,30.9273,-2.5143,0.0146481,4.37457,0.185082,0.809653,NONE,999.9,0,0
48.965,30.9273,-2.5143,0.0146481,4.37457,0.185082,0.809653,NONE,999.9,0,0
48.9691,30.9711,-2.51388,0.0164232,4.37479,0.186882,0.817569,NONE,999.9,0,0
48.9726,30.9711,-2.51388,0.0164232,4.37479,0.186882,0.817569,NONE,999.9,0,0
48.9771,30.9711,-2.51388,0.0164232,4.37479,0.186882,0.817569,NONE,999.9,0,0
48.9814,31.0148,-2.51337,0.0183645,4.37499,0.184443,0.806935,NONE,999.9,0,0
48.9839,31.0148,-2.51337,0.0183645,4.37499,0.184443,0.806935,NONE,999.9,0,0
48.9889,31.0586,-2.5128,0.0201332,4.37519,0.186248,0.814872,NONE,999.9,0,0
48.9922,31.0586,-2.5128,0.0201332,4.37519,0.186248,0.814872,NONE,999.9,0,0
48.9962,31.0586,-2.5128,0.0201332,4.37519,0.186248,0.814872,NONE,999.9,0,0
49.0005,31.1023,-2.51214,0.0220684,4.37538,0.183832,0.804335,NONE,999.9,0,0
49.005,31.1023,-2.51214,0.0220684,4.37538,0.183832,0.804335,NONE,999.9,0,0
49.0096,31.1461,-2.51142,0.0238311,4.37555,0.185673,0.812422,NONE,999.9,0,0
49.0121,31.1461,-2.51142,0.0238311,4.37555,0.185673,0.812422,NONE,999.9,0,0
49.016,31.1461,-2.51142,0.0238311,4.37555,0.185673,0.812422,NONE,999.9,0,0
49.0206,31.1898,-2.51061,0.0257607,4.37572,0.183299,0.802064,NONE,999.9,0,0
49.0249,31.1898,-2.51061,0.0257607,4.37572,0.183299,0.802064,NONE,999.9,0,0
49.0293,31.2336,-2.50973,0.0275184,4.37588,0.185185,0.810346,NONE,999.9,0,0
49.0323,31.2336,-2.50973,0.0275184,4.37588,0.185185,0.810346,NONE,999.9,0,0
49.0365,31.2336,-2.50973,0.0275184,4.37588,0.185185,0.810346,NONE,999.9,0,0
49.0409,31.2773,-2.50877,0.0294433,4.37604,0.182856,0.800186,NONE,999.9,0,0
49.0443,31.2773,-2.50877,0.0294433,4.37604,0.182856,0.800186,NONE,999.9,0,0
49.0492,31.3211,-2.50774,0.0311963,4.37642,0.184691,0.808285,NONE,999.9,0,0
49.0524,31.3211,-2.50774,0.0311963,4.37642,0.184691,0.808285,NONE,999.9,0,0
49.056,31.3211,-2.50774,0.0311963,4.37642,0.184691,0.808285,NONE,999.9,0,0
49.0601,31.3648,-2.50662,0.0331165,4.37662,0.182406,0.798321,NONE,999.9,0,0
49.0647,31.3648,-2.50662,0.0331165,4.37662,0.182406,0.798321,NONE,999.9,0,0
49.0694,31.4086,-2.50543,0.0348657,4.37681,0.184379,0.80699,NONE,999.9,0,0
49.0723,31.4086,-2.50543,0.0348657,4.37681,0.184379,0.80699,NONE,999.9,0,0
49.0765,31.4086,-2.50543,0.0348657,4.37681,0.184379,0.80699,NONE,999.9,0,0
49.0807,31.4523,-2.50416,0.036783,4.37699,0.182135,0.797204,NONE,999.9,0,0
49.0842,31.4523,-2.50416,0.036783,4.37699,0.182135,0.797204,NONE,999.9,0,0
49.0887,31.4961,-2.50284,0.0382123,4.37717,0.090551,0.396357,NONE,999.9,0,0
49.092,31.4961,-2.50284,0.0382123,4.37717,0.090551,0.396357,NONE,999.9,0,0
49.0962,31.4961,-2.50284,0.0382123,4.37717,0.090551,0.396357,NONE,999.9,0,0
49.101,31.5398,-2.50153,0.0386817,4.37733,0.0232563,0.101801,NONE,999.9,0,0
49.1039,31.5398,-2.50153,0.0386817,4.37733,0.0232563,0.101801,NONE,999.9,0,0
49.1092,31.5836,-2.50021,0.0387086,4.37749,-0.0324784,-0.142174,NONE,999.9,0,0
49.1124,31.5836,-2.50021,0.0387086,4.37749,-0.0324784,-0.142174,NONE,999.9,0,0
49.1164,31.5836,-2.50021,0.0387086,4.37749,-0.0324784,-0.142174,NONE,999.9,0,0
49.1201,31.6273,-2.49889,0.0380945,4.37764,-0.071567,-0.313295,NONE,999.9,0,0
49.1242,31.6273,-2.49889,0.0380945,4.37764,-0.071567,-0.313295,NONE,999.9,0,0
49.1291,31.6711,-2.49757,0.0372883,4.37779,-0.105169,-0.460405,NONE,999.9,0,0
49.1322,31.6711,-2.49757,0.0372883,4.37779,-0.105169,-0.460405,NONE,999.9,0,0
49.1364,31.6711,-2.49757,0.0372883,4.37779,-0.105169,-0.460405,NONE,999.9,0,0
49.14,31.7149,-2.49626,0.0360374,4.37792,-0.12694,-0.555735,NONE,999.9,0,0
49.1442,31.7149,-2.49626,0.0360374,4.37792,-0.12694,-0.555735,NONE,999.9,0,0
49.1498,31.7586,-2.49494,0.0347479,4.37805,-0.147038,-0.643741,NONE,999.9,0,0
49.1526,31.7586,-2.49494,0.0347479,4.37805,-0.147038,-0.643741,NONE,999.9,0,0
49.1564,31.7586,-2.49494,0.0347479,4.37805,-0.147038,-0.643741,NONE,999.9,0,0
49.1605,31.8024,-2.49366,0.033133,4.37818,-0.158319,-0.693148,NONE,999.9,0,0
49.1642,31.8024,-2.49366,0.033133,4.37818,-0.158319,-0.693148,NONE,999.9,0,0
49.1693,31.8461,-2.49239,0.0315721,4.37829,-0.170301,-0.745626,NONE,999.9,0,0
49.1719,31.8461,-2.49239,0.0315721,4.37829,-0.170301,-0.745626,NONE,999.9,0,0
49.1766,31.8461,-2.49239,0.0315721,4.37829,-0.170301,-0.745626,NONE,999.9,0,0
49.1803,31.8899,-2.49115,0.0297572,4.37841,-0.175332,-0.767676,NONE,999.9,0,0
49.184,31.8899,-2.49115,0.0297572,4.37841,-0.175332,-0.767676,NONE,999.9,0,0
49.189,31.9337,-2.48994,0.0280513,4.3787,-0.182494,-0.799086,NONE,999.9,0,0
49.1923,31.9337,-2.48994,0.0280513,4.3787,-0.182494,-0.799086,NONE,999.9,0,0
49.1961,31.9337,-2.48994,0.0280513,4.3787,-0.182494,-0.799086,NONE,999.9,0,0
49.2005,31.9775,-2.48878,0.0261336,4.37897,-0.183862,-0.805127,NONE,999.9,0,0
49.2043,31.9775,-2.48878,0.0261336,4.37897,-0.183862,-0.805127,NONE,999.9,0,0
49.2091,32.0212,-2.48764,0.0243567,4.37923,-0.188289,-0.824562,NONE,999.9,0,0
49.2125,32.0212,-2.48764,0.0243567,4.37923,-0.188289,-0.824562,NONE,999.9,0,0
49.2159,32.0212,-2.48764,0.0243567,4.37923,-0.188289,-0.824562,NONE,999.9,0,0
49.2202,32.065,-2.48657,0.0223919,4.37948,-0.187613,-0.82165,NONE,999.9,0,0
49.2241,32.065,-2.48657,0.0223919,4.37948,-0.187613,-0.82165,NONE,999.9,0,0
49.2291,32.1088,-2.48554,0.0205854,4.37972,-0.190531,-0.834472,NONE,999.9,0,0
49.232,32.1088,-2.48554,0.0205854,4.37972,-0.190531,-0.834472,NONE,999.9,0,0
49.236,32.1088,-2.48554,0.0205854,4.37972,-0.190531,-0.834472,NONE,999.9,0,0
49.2409,32.1526,-2.48457,0.0186039,4.37995,-0.188756,-0.826741,NONE,999.9,0,0
49.2443,32.1526,-2.48457,0.0186039,4.37995,-0.188756,-0.826741,NONE,999.9,0,0
49.2489,32.1964,-2.48365,0.0167902,4.38017,-0.190888,-0.836121,NONE,999.9,0,0
49.252,32.1964,-2.48365,0.0167902,4.38017,-0.190888,-0.836121,NONE,999.9,0,0
49.2564,32.1964,-2.48365,0.0167902,4.38017,-0.190888,-0.836121,NONE,999.9,0,0
49.2604,32.2402,-2.48281,0.0148081,4.38037,-0.188565,-0.825987,NONE,999.9,0,0
49.2642,32.2402,-2.48281,0.0148081,4.38037,-0.188565,-0.825987,NONE,999.9,0,0
49.2688,32.284,-2.48201,0.0129982,4.38057,-0.190329,-0.83375,NONE,999.9,0,0
49.272,32.284,-2.48201,0.0129982,4.38057,-0.190329,-0.83375,NONE,999.9,0,0
49.277,32.284,-2.48201,0.0129982,4.38057,-0.190329,-0.83375,NONE,999.9,0,0
49.281,32.3278,-2.48129,0.0110229,4.38075,-0.187772,-0.822583,NONE,999.9,0,0
49.2843,32.3278,-2.48129,0.0110229,4.38075,-0.187772,-0.822583,NONE,999.9,0,0
49.2889,32.3716,-2.4806,0.00953915,4.38093,-0.0958007,-0.419696,NONE,999.9,0,0
49.2923,32.3716,-2.4806,0.00953915,4.38093,-0.0958007,-0.419696,NONE,999.9,0,0
49.2964,32.3716,-2.4806,0.00953915,4.38093,-0.0958007,-0.419696,NONE,999.9,0,0
49.3007,32.4154,-2.47989,0.00901939,4.3811,-0.028069,-0.122973,NONE,999.9,0,0
49.3041,32.4154,-2.47989,0.00901939,4.3811,-0.028069,-0.122973,NONE,999.9,0,0
49.3095,32.4592,-2.4792,0.0089466,4.38126,0.0281158,0.123183,NONE,999.9,0,0
49.3121,32.4592,-2.4792,0.0089466,4.38126,0.0281158,0.123183,NONE,999.9,0,0
49.3161,32.4592,-2.4792,0.0089466,4.38126,0.0281158,0.123183,NONE,999.9,0,0
49.3204,32.503,-2.47848,0.00951939,4.38142,0.0676548,0.296424,NONE,999.9,0,0
49.3245,32.503,-2.47848,0.00951939,4.38142,0.0676548,0.296424,NONE,999.9,0,0
49.3289,32.5468,-2.47777,0.0102886,4.38156,0.101686,0.445544,NONE,999.9,0,0
49.3319,32.5468,-2.47777,0.0102886,4.38156,0.101686,0.445544,NONE,999.9,0,0
49.3362,32.5468,-2.47777,0.0102886,4.38156,0.101686,0.445544,NONE,999.9,0,0
49.3404,32.5906,-2.47704,0.0115067,4.3817,0.123866,0.542744,NONE,999.9,0,0
49.3451,32.5906,-2.47704,0.0115067,4.3817,0.123866,0.542744,NONE,999.9,0,0
49.3492,32.6344,-2.47631,0.0127673,4.38183,0.144338,0.632466,NONE,999.9,0,0
49.352,32.6344,-2.47631,0.0127673,4.38183,0.144338,0.632466,NONE,999.9,0,0
49.3563,32.6344,-2.47631,0.0127673,4.38183,0.144338,0.632466,NONE,999.9,0,0
49.3601,32.6782,-2.47554,0.014357,4.38196,0.155964,0.68343,NONE,999.9,0,0
49.3639,32.6782,-2.47554,0.014357,4.38196,0.155964,0.68343,NONE,999.9,0,0
49.369,32.722,-2.47476,0.015896,4.38208,0.168255,0.737307,NONE,999.9,0,0
49.3726,32.722,-2.47476,0.015896,4.38208,0.168255,0.737307,NONE,999.9,0,0
49.3762,32.722,-2.47476,0.015896,4.38208,0.168255,0.737307,NONE,999.9,0,0
49.3801,32.7659,-2.47394,0.0176919,4.3822,0.173567,0.760605,NONE,999.9,0,0
49.3844,32.7659,-2.47394,0.0176919,4.3822,0.173567,0.760605,NONE,999.9,0,0
49.3896,32.8097,-2.47309,0.0193815,4.38235,0.181001,0.793208,NONE,999.9,0,0
49.392,32.8097,-2.47309,0.0193815,4.38235,0.181001,0.793208,NONE,999.9,0,0
49.3961,32.8097,-2.47309,0.0193815,4.38235,0.181001,0.793208,NONE,999.9,0,0
49.4007,32.8535,-2.47219,0.0212854,4.3825,0.182607,0.800277,NONE,999.9,0,0
49.404,32.8535,-2.47219,0.0212854,4.3825,0.182607,0.800277,NONE,999.9,0,0
49.4107,32.8973,-2.47129,0.0227334,4.38265,0.0936266,0.410332,NONE,999.9,0,0
49.4129,32.8973,-2.47129,0.0227334,4.38265,0.0936266,0.410332,NONE,999.9,0,0
49.4161,32.8973,-2.47129,0.0227334,4.38265,0.0936266,0.410332,NONE,999.9,0,0
49.4204,32.9411,-2.47043,0.0232425,4.38278,0.0280021,0.122727,NONE,999.9,0,0
49.4242,32.9411,-2.47043,0.0232425,4.38278,0.0280021,0.122727,NONE,999.9,0,0
49.4287,32.9849,-2.46957,0.0233224,4.38291,-0.0267414,-0.117205,NONE,999.9,0,0
49.4319,32.9849,-2.46957,0.0233224,4.38291,-0.0267414,-0.117205,NONE,999.9,0,0
49.4362,32.9849,-2.46957,0.0233224,4.38291,-0.0267414,-0.117205,NONE,999.9,0,0
49.4403,33.0288,-2.46874,0.0227684,4.38304,-0.0653388,-0.286382,NONE,999.9,0,0
49.4446,33.0288,-2.46874,0.0227684,4.38304,-0.0653388,-0.286382,NONE,999.9,0,0
49.4492,33.0726,-2.46793,0.0220255,4.38315,-0.0987972,-0.433043,NONE,999.9,0,0
49.4523,33.0726,-2.46793,0.0220255,4.38315,-0.0987972,-0.433043,NONE,999.9,0,0
49.456,33.0726,-2.46793,0.0220255,4.38315,-0.0987972,-0.433043,NONE,999.9,0,0
49.4602,33.1164,-2.46714,0.020838,4.38327,-0.120675,-0.52895,NONE,999.9,0,0
49.4639,33.1164,-2.46714,0.020838,4.38327,-0.120675,-0.52895,NONE,999.9,0,0
49.4689,33.1602,-2.46637,0.0196099,4.38337,-0.141037,-0.618218,NONE,999.9,0,0
49.4719,33.1602,-2.46637,0.0196099,4.38337,-0.141037,-0.618218,NONE,999.9,0,0
49.4761,33.1602,-2.46637,0.0196099,4.38337,-0.141037,-0.618218,NONE,999.9,0,0
49.4803,33.2041,-2.46565,0.0180532,4.38347,-0.15269,-0.669312,NONE,999.9,0,0
49.4842,33.2041,-2.46565,0.0180532,4.38347,-0.15269,-0.669312,NONE,999.9,0,0
49.4889,33.2479,-2.46494,0.0165465,4.38357,-0.165098,-0.723718,NONE,999.9,0,0
49.4921,33.2479,-2.46494,0.0165465,4.38357,-0.165098,-0.723718,NONE,999.9,0,0
49.4962,33.2479,-2.46494,0.0165465,4.38357,-0.165098,-0.723718,NONE,999.9,0,0
49.5005,33.2917,-2.46429,0.0147813,4.38366,-0.170587,-0.747798,NONE,999.9,0,0
49.5041,33.2917,-2.46429,0.0147813,4.38366,-0.170587,-0.747798,NONE,999.9,0,0
49.5092,33.3356,-2.46366,0.0131204,4.38375,-0.178242,-0.781371,NONE,999.9,0,0
49.5123,33.3356,-2.46366,0.0131204,4.38375,-0.178242,-0.781371,NONE,999.9,0,0
49.5163,33.3356,-2.46366,0.0131204,4.38375,-0.178242,-0.781371,NONE,999.9,0,0
49.521,33.3794,-2.46309,0.0112431,4.38397,-0.180054,-0.789352,NONE,999.9,0,0
49.524,33.3794,-2.46309,0.0112431,4.38397,-0.180054,-0.789352,NONE,999.9,0,0
49.5289,33.4232,-2.46256,0.00950214,4.38418,-0.184903,-0.810646,NONE,999.9,0,0
49.532,33.4232,-2.46256,0.00950214,4.38418,-0.184903,-0.810646,NONE,999.9,0,0
49.5359,33.4232,-2.46256,0.00950214,4.38418,-0.184903,-0.810646,NONE,999.9,0,0
49.5402,33.4671,-2.46209,0.00756913,4.38438,-0.184626,-0.809471,NONE,999.9,0,0
49.5449,33.4671,-2.46209,0.00756913,4.38438,-0.184626,-0.809471,NONE,999.9,0,0
49.55,33.5109,-2.46167,0.00579069,4.38457,-0.187909,-0.823901,NONE,999.9,0,0
49.5519,33.5109,-2.46167,0.00579069,4.38457,-0.187909,-0.823901,NONE,999.9,0,0
49.556,33.5109,-2.46167,0.00579069,4.38457,-0.187909,-0.823901,NONE,999.9,0,0
49.56,33.5548,-2.46132,0.00383371,4.38475,-0.186472,-0.817632,NONE,999.9,0,0
49.5639,33.5548,-2.46132,0.00383371,4.38475,-0.186472,-0.817632,NONE,999.9,0,0
49.5689,33.5986,-2.46102,0.00204129,4.38493,-0.188906,-0.828337,NONE,999.9,0,0
49.5719,33.5986,-2.46102,0.00204129,4.38493,-0.188906,-0.828337,NONE,999.9,0,0
49.5765,33.5986,-2.46102,0.00204129,4.38493,-0.188906,-0.828337,NONE,999.9,0,0
49.5802,33.6425,-2.46079,7.75641e-05,4.38509,-0.186858,-0.819387,NONE,999.9,0,0
49.5841,33.6425,-2.46079,7.75641e-05,4.38509,-0.186858,-0.819387,NONE,999.9,0,0
49.5887,33.6863,-2.46059,-0.00139899,4.38525,-0.0952478,-0.417685,NONE,999.9,0,0
49.5921,33.6863,-2.46059,-0.00139899,4.38525,-0.0952478,-0.417685,NONE,999.9,0,0
49.596,33.6863,-2.46059,-0.00139899,4.38525,-0.0952478,-0.417685,NONE,999.9,0,0
49.6013,33.7302,-2.46038,-0.00191452,4.3854,-0.0277633,-0.121753,NONE,999.9,0,0
49.6045,33.7302,-2.46038,-0.00191452,4.3854,-0.0277633,-0.121753,NONE,999.9,0,0
49.6096,33.774,-2.46016,-0.00198517,4.38554,0.0282523,0.123902,NONE,999.9,0,0
49.6123,33.774,-2.46016,-0.00198517,4.38554,0.0282523,0.123902,NONE,999.9,0,0
49.6161,33.774,-2.46016,-0.00198517,4.38554,0.0282523,0.123902,NONE,999.9,0,0
49.6202,33.8179,-2.45994,-0.00141158,4.38567,0.0676851,0.296845,NONE,999.9,0,0
49.6239,33.8179,-2.45994,-0.00141158,4.38567,0.0676851,0.296845,NONE,999.9,0,0
49.629,33.8617,-2.45971,-0.000642482,4.3858,0.101649,0.445813,NONE,999.9,0,0
49.6319,33.8617,-2.45971,-0.000642482,4.3858,0.101649,0.445813,NONE,999.9,0,0
49.6358,33.8617,-2.45971,-0.000642482,4.3858,0.101649,0.445813,NONE,999.9,0,0
49.6406,33.9056,-2.45947,0.000575102,4.38592,0.123796,0.54296,NONE,999.9,0,0
49.6447,33.9056,-2.45947,0.000575102,4.38592,0.123796,0.54296,NONE,999.9,0,0
49.6494,33.9494,-2.45922,0.00183496,4.38604,0.144252,0.632695,NONE,999.9,0,0
49.6523,33.9494,-2.45922,0.00183496,4.38604,0.144252,0.632695,NONE,999.9,0,0
49.6559,33.9494,-2.45922,0.00183496,4.38604,0.144252,0.632695,NONE,999.9,0,0
49.6612,33.9933,-2.45894,0.00342376,4.38615,0.15588,0.683713,NONE,999.9,0,0
49.6639,33.9933,-2.45894,0.00342376,4.38615,0.15588,0.683713,NONE,999.9,0,0
49.6685,34.0372,-2.45864,0.0049619,4.38626,0.168177,0.737669,NONE,999.9,0,0
49.6723,34.0372,-2.45864,0.0049619,4.38626,0.168177,0.737669,NONE,999.9,0,0
49.6764,34.0372,-2.45864,0.0049619,4.38626,0.168177,0.737669,NONE,999.9,0,0
49.6814,34.081,-2.4583,0.00675708,4.38636,0.173506,0.761058,NONE,999.9,0,0
49.6843,34.081,-2.4583,0.00675708,4.38636,0.173506,0.761058,NONE,999.9,0,0
49.6893,34.1249,-2.45794,0.00844621,4.38646,0.180964,0.793793,NONE,999.9,0,0
49.6923,34.1249,-2.45794,0.00844621,4.38646,0.180964,0.793793,NONE,999.9,0,0
49.6961,34.1249,-2.45794,0.00844621,4.38646,0.180964,0.793793,NONE,999.9,0,0
49.7001,34.1688,-2.45752,0.0103499,4.38655,0.182598,0.800976,NONE,999.9,0,0
49.7041,34.1688,-2.45752,0.0103499,4.38655,0.182598,0.800976,NONE,999.9,0,0
49.7093,34.2126,-2.4571,0.0117978,4.38663,0.0936112,0.410638,NONE,999.9,0,0
49.7121,34.2126,-2.4571,0.0117978,4.38663,0.0936112,0.410638,NONE,999.9,0,0
49.7162,34.2126,-2.4571,0.0117978,4.38663,0.0936112,0.410638,NONE,999.9,0,0
49.7208,34.2565,-2.45672,0.0123068,4.38675,0.0279724,0.122708,NONE,999.9,0,0
49.7243,34.2565,-2.45672,0.0123068,4.38675,0.0279724,0.122708,NONE,999.9,0,0
49.7288,34.3004,-2.45634,0.0123862,4.38687,-0.0267879,-0.117515,NONE,999.9,0,0
49.7318,34.3004,-2.45634,0.0123862,4.38687,-0.0267879,-0.117515,NONE,999.9,0,0
49.7362,34.3004,-2.45634,0.0123862,4.38687,-0.0267879,-0.117515,NONE,999.9,0,0
49.7402,34.3442,-2.456,0.0118316,4.38698,-0.0654079,-0.286943,NONE,999.9,0,0
49.7443,34.3442,-2.456,0.0118316,4.38698,-0.0654079,-0.286943,NONE,999.9,0,0
49.7488,34.3881,-2.45566,0.011088,4.38708,-0.0988853,-0.433818,NONE,999.9,0,0
49.7521,34.3881,-2.45566,0.011088,4.38708,-0.0988853,-0.433818,NONE,999.9,0,0
49.7563,34.3881,-2.45566,0.011088,4.38708,-0.0988853,-0.433818,NONE,999.9,0,0
49.7607,34.432,-2.45536,0.00989944,4.38718,-0.120784,-0.5299,NONE,999.9,0,0
49.7642,34.432,-2.45536,0.00989944,4.38718,-0.120784,-0.5299,NONE,999.9,0,0
49.7699,34.4758,-2.45507,0.00867023,4.38727,-0.141161,-0.619312,NONE,999.9,0,0
49.7723,34.4758,-2.45507,0.00867023,4.38727,-0.141161,-0.619312,NONE,999.9,0,0
49.7764,34.4758,-2.45507,0.00867023,4.38727,-0.141161,-0.619312,NONE,999.9,0,0
49.7805,34.5197,-2.45483,0.00711221,4.38736,-0.15283,-0.670519,NONE,999.9,0,0
49.784,34.5197,-2.45483,0.00711221,4.38736,-0.15283,-0.670519,NONE,999.9,0,0
49.7889,34.5636,-2.4546,0.00560403,4.38745,-0.165247,-0.725013,NONE,999.9,0,0
49.7921,34.5636,-2.4546,0.00560403,4.38745,-0.165247,-0.725013,NONE,999.9,0,0
49.7959,34.5636,-2.4546,0.00560403,4.38745,-0.165247,-0.725013,NONE,999.9,0,0
49.8006,34.6075,-2.45442,0.00383732,4.38753,-0.170747,-0.749158,NONE,999.9,0,0
49.8044,34.6075,-2.45442,0.00383732,4.38753,-0.170747,-0.749158,NONE,999.9,0,0
49.8093,34.6513,-2.45426,0.00233358,4.38761,-0.131581,-0.577327,NONE,999.9,0,0
49.8126,34.6513,-2.45426,0.00233358,4.38761,-0.131581,-0.577327,NONE,999.9,0,0
49.8168,34.6513,-2.45426,0.00233358,4.38761,-0.131581,-0.577327,NONE,999.9,0,0
49.8202,34.6952,-2.4541,0.00133652,4.38768,-0.0540149,-0.237,NONE,999.9,0,0
49.8239,34.6952,-2.4541,0.00133652,4.38768,-0.0540149,-0.237,NONE,999.9,0,0
49.8287,34.7391,-2.45389,0.00117678,4.38775,0.00263072,0.011543,NONE,999.9,0,0
49.8325,34.7391,-2.45389,0.00117678,4.38775,0.00263072,0.011543,NONE,999.9,0,0
49.8365,34.7391,-2.45389,0.00117678,4.38775,0.00263072,0.011543,NONE,999.9,0,0
49.8405,34.783,-2.45368,0.00136656,4.38782,0.0503239,0.220812,NONE,999.9,0,0
49.8443,34.783,-2.45368,0.00136656,4.38782,0.0503239,0.220812,NONE,999.9,0,0
49.8488,34.8268,-2.45344,0.00212768,4.38788,0.0834055,0.365974,NONE,999.9,0,0
49.8521,34.8268,-2.45344,0.00212768,4.38788,0.0834055,0.365974,NONE,999.9,0,0
49.8565,34.8268,-2.45344,0.00212768,4.38788,0.0834055,0.365974,NONE,999.9,0,0
49.8612,34.8707,-2.45318,0.00302873,4.38804,0.112544,0.493847,NONE,999.9,0,0
49.8648,34.8707,-2.45318,0.00302873,4.38804,0.112544,0.493847,NONE,999.9,0,0
49.869,34.9146,-2.45289,0.00433625,4.3882,0.131066,0.575145,NONE,999.9,0,0
49.8723,34.9146,-2.45289,0.00433625,4.3882,0.131066,0.575145,NONE,999.9,0,0
49.8764,34.9146,-2.45289,0.00433625,4.3882,0.131066,0.575145,NONE,999.9,0,0
49.8801,34.9585,-2.45258,0.00565464,4.38835,0.148824,0.65309,NONE,999.9,0,0
49.8842,34.9585,-2.45258,0.00565464,4.38835,0.148824,0.65309,NONE,999.9,0,0
49.8888,35.0024,-2.45222,0.00727872,4.38849,0.158472,0.695451,NONE,999.9,0,0
49.8919,35.0024,-2.45222,0.00727872,4.38849,0.158472,0.695451,NONE,999.9,0,0
49.8964,35.0024,-2.45222,0.00727872,4.38849,0.158472,0.695451,NONE,999.9,0,0
49.9003,35.0462,-2.45184,0.00883523,4.38862,0.169335,0.743149,NONE,999.9,0,0
49.9039,35.0462,-2.45184,0.00883523,4.38862,0.169335,0.743149,NONE,999.9,0,0
49.9096,35.0901,-2.45141,0.0106366,4.38875,0.173652,0.762113,NONE,999.9,0,0
49.9126,35.0901,-2.45141,0.0106366,4.38875,0.173652,0.762113,NONE,999.9,0,0
49.9164,35.0901,-2.45141,0.0106366,4.38875,0.173652,0.762113,NONE,999.9,0,0
49.9203,35.134,-2.45094,0.0123235,4.38887,0.180412,0.791805,NONE,999.9,0,0
49.924,35.134,-2.45094,0.0123235,4.38887,0.180412,0.791805,NONE,999.9,0,0
49.9293,35.1779,-2.45041,0.0142192,4.38899,0.181588,0.796988,NONE,999.9,0,0
49.932,35.1779,-2.45041,0.0142192,4.38899,0.181588,0.796988,NONE,999.9,0,0
49.9359,35.1779,-2.45041,0.0142192,4.38899,0.181588,0.796988,NONE,999.9,0,0
49.94,35.2218,-2.44985,0.015973,4.3891,0.185962,0.816205,NONE,999.9,0,0
49.9444,35.2218,-2.44985,0.015973,4.3891,0.185962,0.816205,NONE,999.9,0,0
49.9488,35.2657,-2.44922,0.0179148,4.3892,0.185338,0.813487,NONE,999.9,0,0
49.9521,35.2657,-2.44922,0.0179148,4.3892,0.185338,0.813487,NONE,999.9,0,0
49.9565,35.2657,-2.44922,0.0179148,4.3892,0.185338,0.813487,NONE,999.9,0,0
49.9604,35.3096,-2.44854,0.019699,4.3893,0.188368,0.826802,NONE,999.9,0,0
49.9645,35.3096,-2.44854,0.019699,4.3893,0.188368,0.826802,NONE,999.9,0,0
49.969,35.3534,-2.44778,0.0216596,4.3894,0.186752,0.819728,NONE,999.9,0,0
49.972,35.3534,-2.44778,0.0216596,4.3894,0.186752,0.819728,NONE,999.9,0,0
49.9763,35.3534,-2.44778,0.0216596,4.3894,0.186752,0.819728,NONE,999.9,0,0
49.9802,35.3973,-2.44701,0.0231366,4.38949,0.0954113,0.418807,NONE,999.9,0,0
49.9843,35.3973,-2.44701,0.0231366,4.38949,0.0954113,0.418807,NONE,999.9,0,0
49.9888,35.4412,-2.44625,0.0236546,4.38957,0.0280912,0.123309,NONE,999.9,0,0
49.9921,35.4412,-2.44625,0.0236546,4.38957,0.0280912,0.123309,NONE,999.9,0,0
49.9963,35.4412,-2.44625,0.0236546,4.38957,0.0280912,0.123309,NONE,999.9,0,0
50.0001,35.4851,-2.44549,0.0237291,4.38966,-0.0278312,-0.12217,NONE,999.9,0,0
50.0041,35.4851,-2.44549,0.0237291,4.38966,-0.0278312,-0.12217,NONE,999.9,0,0
50.0096,35.529,-2.44475,0.0231599,4.38973,-0.0672255,-0.295102,NONE,999.9,0,0
50.0122,35.529,-2.44475,0.0231599,4.38973,-0.0672255,-0.295102,NONE,999.9,0,0
50.0163,35.529,-2.44475,0.0231599,4.38973,-0.0672255,-0.295102,NONE,999.9,0,0
50.0204,35.5729,-2.444,0.0223955,4.38981,-0.101185,-0.444181,NONE,999.9,0,0
50.0244,35.5729,-2.444,0.0223955,4.38981,-0.101185,-0.444181,NONE,999.9,0,0
50.0293,35.6168,-2.44328,0.0211825,4.38988,-0.123352,-0.541503,NONE,999.9,0,0
50.032,35.6168,-2.44328,0.0211825,4.38988,-0.123352,-0.541503,NONE,999.9,0,0
50.0361,35.6168,-2.44328,0.0211825,4.38988,-0.123352,-0.541503,NONE,999.9,0,0
50.0403,35.6607,-2.44257,0.0199269,4.38995,-0.143842,-0.63146,NONE,999.9,0,0
50.0443,35.6607,-2.44257,0.0199269,4.38995,-0.143842,-0.63146,NONE,999.9,0,0
50.0487,35.7046,-2.44189,0.018342,4.39001,-0.155515,-0.682712,NONE,999.9,0,0
50.0519,35.7046,-2.44189,0.018342,4.39001,-0.155515,-0.682712,NONE,999.9,0,0
50.0563,35.7046,-2.44189,0.018342,4.39001,-0.155515,-0.682712,NONE,999.9,0,0
50.0608,35.7485,-2.44122,0.0168073,4.39017,-0.167843,-0.736859,NONE,999.9,0,0
50.0645,35.7485,-2.44122,0.0168073,4.39017,-0.167843,-0.736859,NONE,999.9,0,0
50.0689,35.7924,-2.4406,0.0150152,4.39025,-0.173222,-0.760487,NONE,999.9,0,0
50.0719,35.7924,-2.4406,0.0150152,4.39025,-0.173222,-0.760487,NONE,999.9,0,0
50.0764,35.7924,-2.4406,0.0150152,4.39025,-0.173222,-0.760487,NONE,999.9,0,0
50.0801,35.8363,-2.43997,0.0136463,4.39033,-0.0870705,-0.382268,NONE,999.9,0,0
50.0841,35.8363,-2.43997,0.0136463,4.39033,-0.0870705,-0.382268,NONE,999.9,0,0
50.0892,35.8802,-2.4393,0.0131916,4.3904,-0.0235519,-0.103402,NONE,999.9,0,0
50.0924,35.8802,-2.4393,0.0131916,4.3904,-0.0235519,-0.103402,NONE,999.9,0,0
50.0961,35.8802,-2.4393,0.0131916,4.3904,-0.0235519,-0.103402,NONE,999.9,0,0
50.1003,35.9241,-2.43861,0.0131481,4.39047,0.0296319,0.130098,NONE,999.9,0,0
50.1039,35.9241,-2.43861,0.0131481,4.39047,0.0296319,0.130098,NONE,999.9,0,0
50.1093,35.968,-2.43789,0.013725,4.39054,0.0670977,0.294595,NONE,999.9,0,0
50.1121,35.968,-2.43789,0.013725,4.39054,0.0670977,0.294595,NONE,999.9,0,0
50.1165,35.968,-2.43789,0.013725,4.39054,0.0670977,0.294595,NONE,999.9,0,0
50.1203,36.0119,-2.43715,0.0144811,4.3906,0.0997398,0.437918,NONE,999.9,0,0
50.1246,36.0119,-2.43715,0.0144811,4.3906,0.0997398,0.437918,NONE,999.9,0,0
50.1291,36.0558,-2.43637,0.0156751,4.39066,0.12105,0.531487,NONE,999.9,0,0
50.132,36.0558,-2.43637,0.0156751,4.39066,0.12105,0.531487,NONE,999.9,0,0
50.1359,36.0558,-2.43637,0.0156751,4.39066,0.12105,0.531487,NONE,999.9,0,0
50.1402,36.0997,-2.43557,0.0169048,4.39072,0.14102,0.619179,NONE,999.9,0,0
50.1444,36.0997,-2.43557,0.0169048,4.39072,0.14102,0.619179,NONE,999.9,0,0
50.1486,36.1436,-2.43473,0.01846,4.39077,0.152422,0.66925,NONE,999.9,0,0
50.1522,36.1436,-2.43473,0.01846,4.39077,0.152422,0.66925,NONE,999.9,0,0
50.1566,36.1436,-2.43473,0.01846,4.39077,0.152422,0.66925,NONE,999.9,0,0
50.1602,36.1875,-2.43386,0.0199632,4.39082,0.164672,0.723047,NONE,999.9,0,0
50.1646,36.1875,-2.43386,0.0199632,4.39082,0.164672,0.723047,NONE,999.9,0,0
50.1693,36.2314,-2.43294,0.0217236,4.39087,0.170082,0.746808,NONE,999.9,0,0
50.1718,36.2314,-2.43294,0.0217236,4.39087,0.170082,0.746808,NONE,999.9,0,0
50.1767,36.2314,-2.43294,0.0217236,4.39087,0.170082,0.746808,NONE,999.9,0,0
50.1801,36.2753,-2.43199,0.0233792,4.39099,0.177683,0.780204,NONE,999.9,0,0
50.1849,36.2753,-2.43199,0.0233792,4.39099,0.177683,0.780204,NONE,999.9,0,0
50.1889,36.3192,-2.43098,0.0252511,4.39111,0.17952,0.788292,NONE,999.9,0,0
50.1924,36.3192,-2.43098,0.0252511,4.39111,0.17952,0.788292,NONE,999.9,0,0
50.1962,36.3192,-2.43098,0.0252511,4.39111,0.17952,0.788292,NONE,999.9,0,0
50.2004,36.3631,-2.42992,0.0269868,4.39122,0.184409,0.809779,NONE,999.9,0,0
50.2041,36.3631,-2.42992,0.0269868,4.39122,0.184409,0.809779,NONE,999.9,0,0
50.2099,36.407,-2.4288,0.0289152,4.39133,0.184188,0.808829,NONE,999.9,0,0
50.2124,36.407,-2.4288,0.0289152,4.39133,0.184188,0.808829,NONE,999.9,0,0
50.2163,36.407,-2.4288,0.0289152,4.39133,0.184188,0.808829,NONE,999.9,0,0
50.2205,36.4509,-2.42764,0.0306895,4.39143,0.187528,0.823516,NONE,999.9,0,0
50.2244,36.4509,-2.42764,0.0306895,4.39143,0.187528,0.823516,NONE,999.9,0,0
50.2289,36.4947,-2.4264,0.032643,4.39153,0.186153,0.817499,NONE,999.9,0,0
50.2322,36.4947,-2.4264,0.032643,4.39153,0.186153,0.817499,NONE,999.9,0,0
50.2365,36.4947,-2.4264,0.032643,4.39153,0.186153,0.817499,NONE,999.9,0,0
50.2401,36.5386,-2.42511,0.0344325,4.39162,0.188645,0.828458,NONE,999.9,0,0
50.2442,36.5386,-2.42511,0.0344325,4.39162,0.188645,0.828458,NONE,999.9,0,0
50.2492,36.5825,-2.42374,0.036394,4.39171,0.186656,0.81974,NONE,999.9,0,0
50.2521,36.5825,-2.42374,0.036394,4.39171,0.186656,0.81974,NONE,999.9,0,0
50.2562,36.5825,-2.42374,0.036394,4.39171,0.186656,0.81974,NONE,999.9,0,0
50.2603,36.6264,-2.42232,0.0381862,4.39179,0.188712,0.828784,NONE,999.9,0,0
50.2641,36.6264,-2.42232,0.0381862,4.39179,0.188712,0.828784,NONE,999.9,0,0
50.2695,36.6703,-2.42082,0.0401467,4.39187,0.186423,0.818746,NONE,999.9,0,0
50.2719,36.6703,-2.42082,0.0401467,4.39187,0.186423,0.818746,NONE,999.9,0,0
50.2763,36.6703,-2.42082,0.0401467,4.39187,0.186423,0.818746,NONE,999.9,0,0
50.2805,36.7142,-2.41926,0.0419355,4.39195,0.18828,0.826916,NONE,999.9,0,0
50.2844,36.7142,-2.41926,0.0419355,4.39195,0.18828,0.826916,NONE,999.9,0,0
50.2892,36.7581,-2.41762,0.043891,4.39202,0.185867,0.816334,NONE,999.9,0,0
50.2922,36.7581,-2.41762,0.043891,4.39202,0.185867,0.816334,NONE,999.9,0,0
50.2959,36.7581,-2.41762,0.043891,4.39202,0.185867,0.816334,NONE,999.9,0,0
50.2999,36.802,-2.41591,0.0456739,4.39209,0.187657,0.824206,NONE,999.9,0,0
50.3038,36.802,-2.41591,0.0456739,4.39209,0.187657,0.824206,NONE,999.9,0,0
50.3091,36.8459,-2.41412,0.047623,4.39216,0.185217,0.8135,NONE,999.9,0,0
50.3123,36.8459,-2.41412,0.047623,4.39216,0.185217,0.8135,NONE,999.9,0,0
50.3163,36.8459,-2.41412,0.047623,4.39216,0.185217,0.8135,NONE,999.9,0,0
50.32,36.8898,-2.41229,0.0490818,4.39222,0.0933419,0.409978,NONE,999.9,0,0
50.3242,36.8898,-2.41229,0.0490818,4.39222,0.0933419,0.409978,NONE,999.9,0,0
50.3288,36.9337,-2.41048,0.0495774,4.39228,0.0257064,0.11291,NONE,999.9,0,0
50.332,36.9337,-2.41048,0.0495774,4.39228,0.0257064,0.11291,NONE,999.9,0,0
50.3362,36.9337,-2.41048,0.0495774,4.39228,0.0257064,0.11291,NONE,999.9,0,0
50.3401,36.9775,-2.40865,0.0496271,4.39233,-0.030368,-0.133386,NONE,999.9,0,0
50.3445,36.9775,-2.40865,0.0496271,4.39233,-0.030368,-0.133386,NONE,999.9,0,0
50.3494,37.0214,-2.40683,0.0490323,4.39239,-0.0698,-0.306589,NONE,999.9,0,0
50.352,37.0214,-2.40683,0.0490323,4.39239,-0.0698,-0.306589,NONE,999.9,0,0
50.356,37.0214,-2.40683,0.0490323,4.39239,-0.0698,-0.306589,NONE,999.9,0,0
50.3605,37.0653,-2.40501,0.0482423,4.39244,-0.103713,-0.455555,NONE,999.9,0,0
50.364,37.0653,-2.40501,0.0482423,4.39244,-0.103713,-0.455555,NONE,999.9,0,0
50.369,37.1092,-2.4032,0.0470044,4.39249,-0.125783,-0.552498,NONE,999.9,0,0
50.372,37.1092,-2.4032,0.0470044,4.39249,-0.125783,-0.552498,NONE,999.9,0,0
50.3764,37.1092,-2.4032,0.0470044,4.39249,-0.125783,-0.552498,NONE,999.9,0,0
50.3815,37.1531,-2.40139,0.0457252,4.39261,-0.14613,-0.641893,NONE,999.9,0,0
50.3843,37.1531,-2.40139,0.0457252,4.39261,-0.14613,-0.641893,NONE,999.9,0,0
50.3897,37.197,-2.39961,0.0441182,4.39272,-0.157644,-0.692486,NONE,999.9,0,0
50.3921,37.197,-2.39961,0.0441182,4.39272,-0.157644,-0.692486,NONE,999.9,0,0
50.396,37.197,-2.39961,0.0441182,4.39272,-0.157644,-0.692486,NONE,999.9,0,0
50.4001,37.2409,-2.39781,0.0428806,4.39283,-0.0761679,-0.334593,NONE,999.9,0,0
50.404,37.2409,-2.39781,0.0428806,4.39283,-0.0761679,-0.334593,NONE,999.9,0,0
50.4092,37.2848,-2.39596,0.0425165,4.39293,-0.0161667,-0.0710191,NONE,999.9,0,0
50.4166,37.2848,-2.39596,0.0425165,4.39293,-0.0161667,-0.0710191,NONE,999.9,0,0
50.4195,37.3286,-2.39407,0.042533,4.39303,0.034391,0.151081,NONE,999.9,0,0
50.4212,37.3286,-2.39407,0.042533,4.39303,0.034391,0.151081,NONE,999.9,0,0
50.4239,37.3286,-2.39407,0.042533,4.39303,0.034391,0.151081,NONE,999.9,0,0
50.4288,37.3725,-2.39214,0.0431475,4.39307,0.0699321,0.307217,NONE,999.9,0,0
50.4322,37.3725,-2.39214,0.0431475,4.39307,0.0699321,0.307217,NONE,999.9,0,0
50.4372,37.3725,-2.39214,0.0431475,4.39307,0.0699321,0.307217,NONE,999.9,0,0
50.4405,37.4164,-2.39019,0.0439245,4.39311,0.101174,0.444471,NONE,999.9,0,0
50.4442,37.4164,-2.39019,0.0439245,4.39311,0.101174,0.444471,NONE,999.9,0,0
50.4488,37.4603,-2.38818,0.0451276,4.39315,0.121488,0.533717,NONE,999.9,0,0
50.4519,37.4603,-2.38818,0.0451276,4.39315,0.121488,0.533717,NONE,999.9,0,0
50.4559,37.4603,-2.38818,0.0451276,4.39315,0.121488,0.533717,NONE,999.9,0,0
50.4602,37.5042,-2.38615,0.046358,4.39319,0.140766,0.618411,NONE,999.9,0,0
50.4641,37.5042,-2.38615,0.046358,4.39319,0.140766,0.618411,NONE,999.9,0,0
50.4693,37.5481,-2.38407,0.0479082,4.39322,0.151706,0.666477,NONE,999.9,0,0
50.4727,37.5481,-2.38407,0.0479082,4.39322,0.151706,0.666477,NONE,999.9,0,0
50.4766,37.5481,-2.38407,0.0479082,4.39322,0.151706,0.666477,NONE,999.9,0,0
50.4801,37.592,-2.38196,0.0494026,4.39326,0.163662,0.719011,NONE,999.9,0,0
50.4841,37.592,-2.38196,0.0494026,4.39326,0.163662,0.719011,NONE,999.9,0,0
50.4895,37.6358,-2.37979,0.051152,4.39329,0.168906,0.742051,NONE,999.9,0,0
50.4923,37.6358,-2.37979,0.051152,4.39329,0.168906,0.742051,NONE,999.9,0,0
50.496,37.6358,-2.37979,0.051152,4.39329,0.168906,0.742051,NONE,999.9,0,0
50.4999,37.6797,-2.37758,0.0527954,4.39332,0.176448,0.775193,NONE,999.9,0,0
50.5052,37.6797,-2.37758,0.0527954,4.39332,0.176448,0.775193,NONE,999.9,0,0
50.5092,37.7236,-2.37531,0.054655,4.39335,0.178287,0.783275,NONE,999.9,0,0
50.5121,37.7236,-2.37531,0.054655,4.39335,0.178287,0.783275,NONE,999.9,0,0
50.5159,37.7236,-2.37531,0.054655,4.39335,0.178287,0.783275,NONE,999.9,0,0
50.5201,37.7675,-2.37299,0.0563785,4.39337,0.183217,0.804942,NONE,999.9,0,0
50.524,37.7675,-2.37299,0.0563785,4.39337,0.183217,0.804942,NONE,999.9,0,0
50.5291,37.8113,-2.37061,0.0582953,4.39346,0.183048,0.804213,NONE,999.9,0,0
50.5321,37.8113,-2.37061,0.0582953,4.39346,0.183048,0.804213,NONE,999.9,0,0
50.5363,37.8113,-2.37061,0.0582953,4.39346,0.183048,0.804213,NONE,999.9,0,0
50.5404,37.8552,-2.36819,0.0598997,4.39354,0.139628,0.613463,NONE,999.9,0,0
50.5442,37.8552,-2.36819,0.0598997,4.39354,0.139628,0.613463,NONE,999.9,0,0
50.5488,37.8991,-2.36573,0.0612782,4.39361,0.152559,0.670283,NONE,999.9,0,0
50.552,37.8991,-2.36573,0.0612782,4.39361,0.152559,0.670283,NONE,999.9,0,0
50.556,37.8991,-2.36573,0.0612782,4.39361,0.152559,0.670283,NONE,999.9,0,0
50.5602,37.9429,-2.36319,0.0629216,4.39368,0.158798,0.697707,NONE,999.9,0,0
50.564,37.9429,-2.36319,0.0629216,4.39368,0.158798,0.697707,NONE,999.9,0,0
50.5691,37.9868,-2.3606,0.0644688,4.39375,0.16732,0.735163,NONE,999.9,0,0
50.5722,37.9868,-2.3606,0.0644688,4.39375,0.16732,0.735163,NONE,999.9,0,0
50.5763,37.9868,-2.3606,0.0644688,4.39375,0.16732,0.735163,NONE,999.9,0,0
50.5804,38.0306,-2.35793,0.0662418,4.39382,0.170101,0.747392,NONE,999.9,0,0
50.5841,38.0306,-2.35793,0.0662418,4.39382,0.170101,0.747392,NONE,999.9,0,0
50.5891,38.0745,-2.35521,0.067888,4.39388,0.175918,0.772961,NONE,999.9,0,0
50.5925,38.0745,-2.35521,0.067888,4.39388,0.175918,0.772961,NONE,999.9,0,0
50.5962,38.0745,-2.35521,0.067888,4.39388,0.175918,0.772961,NONE,999.9,0,0
50.6004,38.1183,-2.3524,0.069736,4.39394,0.176589,0.775922,NONE,999.9,0,0
50.6047,38.1183,-2.3524,0.069736,4.39394,0.176589,0.775922,NONE,999.9,0,0
50.6092,38.1622,-2.34954,0.0714386,4.39399,0.180768,0.794295,NONE,999.9,0,0
50.6121,38.1622,-2.34954,0.0714386,4.39399,0.180768,0.794295,NONE,999.9,0,0
50.6159,38.1622,-2.34954,0.0714386,4.39399,0.180768,0.794295,NONE,999.9,0,0
50.6202,38.206,-2.34659,0.0733285,4.39405,0.180174,0.791692,NONE,999.9,0,0
50.6239,38.206,-2.34659,0.0733285,4.39405,0.180174,0.791692,NONE,999.9,0,0
50.6295,38.2499,-2.34358,0.0750618,4.3941,0.183379,0.805785,NONE,999.9,0,0
50.6321,38.2499,-2.34358,0.0750618,4.3941,0.183379,0.805785,NONE,999.9,0,0
50.6363,38.2499,-2.34358,0.0750618,4.3941,0.183379,0.805785,NONE,999.9,0,0
50.6409,38.2937,-2.34049,0.0769739,4.39415,0.182039,0.799908,NONE,999.9,0,0
50.6441,38.2937,-2.34049,0.0769739,4.39415,0.182039,0.799908,NONE,999.9,0,0
50.6488,38.3375,-2.33736,0.078564,4.39419,0.137842,0.605703,NONE,999.9,0,0
50.652,38.3375,-2.33736,0.078564,4.39419,0.137842,0.605703,NONE,999.9,0,0
50.6559,38.3375,-2.33736,0.078564,4.39419,0.137842,0.605703,NONE,999.9,0,0
50.6601,38.3814,-2.3342,0.0796044,4.39424,0.0566222,0.248812,NONE,999.9,0,0
50.6643,38.3814,-2.3342,0.0796044,4.39424,0.0566222,0.248812,NONE,999.9,0,0
50.6694,38.4252,-2.33105,0.0797764,4.39428,-0.00262942,-0.0115544,NONE,999.9,0,0
50.6719,38.4252,-2.33105,0.0797764,4.39428,-0.00262942,-0.0115544,NONE,999.9,0,0
50.6763,38.4252,-2.33105,0.0797764,4.39428,-0.00262942,-0.0115544,NONE,999.9,0,0
50.6802,38.469,-2.32788,0.0795771,4.39432,-0.0521219,-0.22904,NONE,999.9,0,0
50.684,38.469,-2.32788,0.0795771,4.39432,-0.0521219,-0.22904,NONE,999.9,0,0
50.6918,38.5129,-2.32474,0.0787916,4.39436,-0.0864039,-0.37969,NONE,999.9,0,0
50.6946,38.5129,-2.32474,0.0787916,4.39436,-0.0864039,-0.37969,NONE,999.9,0,0
50.6969,38.5129,-2.32474,0.0787916,4.39436,-0.0864039,-0.37969,NONE,999.9,0,0
50.7012,38.5567,-2.32158,0.0778565,4.39439,-0.116298,-0.511061,NONE,999.9,0,0
50.7045,38.5567,-2.32158,0.0778565,4.39439,-0.116298,-0.511061,NONE,999.9,0,0
50.7094,38.6005,-2.31845,0.076509,4.39443,-0.135245,-0.594325,NONE,999.9,0,0
50.7122,38.6005,-2.31845,0.076509,4.39443,-0.135245,-0.594325,NONE,999.9,0,0
50.716,38.6005,-2.31845,0.076509,4.39443,-0.135245,-0.594325,NONE,999.9,0,0
50.7203,38.6443,-2.31531,0.0751478,4.39446,-0.15318,-0.673145,NONE,999.9,0,0
50.7242,38.6443,-2.31531,0.0751478,4.39446,-0.15318,-0.673145,NONE,999.9,0,0
50.7297,38.6882,-2.31222,0.07348,4.39455,-0.16283,-0.715566,NONE,999.9,0,0
50.7323,38.6882,-2.31222,0.07348,4.39455,-0.16283,-0.715566,NONE,999.9,0,0
50.7363,38.6882,-2.31222,0.07348,4.39455,-0.16283,-0.715566,NONE,999.9,0,0
50.7401,38.732,-2.30913,0.0718804,4.39463,-0.173573,-0.762787,NONE,999.9,0,0
50.7448,38.732,-2.30913,0.0718804,4.39463,-0.173573,-0.762787,NONE,999.9,0,0
50.7493,38.7759,-2.30609,0.0700376,4.39471,-0.177693,-0.780909,NONE,999.9,0,0
50.752,38.7759,-2.30609,0.0700376,4.39471,-0.177693,-0.780909,NONE,999.9,0,0
50.7559,38.7759,-2.30609,0.0700376,4.39471,-0.177693,-0.780909,NONE,999.9,0,0
50.7602,38.8197,-2.30305,0.0686291,4.39478,-0.0905404,-0.397905,NONE,999.9,0,0
50.7645,38.8197,-2.30305,0.0686291,4.39478,-0.0905404,-0.397905,NONE,999.9,0,0
50.7688,38.8635,-2.29996,0.068144,4.39485,-0.0262155,-0.115213,NONE,999.9,0,0
50.7721,38.8635,-2.29996,0.068144,4.39485,-0.0262155,-0.115213,NONE,999.9,0,0
50.7765,38.8635,-2.29996,0.068144,4.39485,-0.0262155,-0.115213,NONE,999.9,0,0
50.78,38.9074,-2.29686,0.0680771,4.39488,0.0276126,0.121354,NONE,999.9,0,0
50.784,38.9074,-2.29686,0.0680771,4.39488,0.0276126,0.121354,NONE,999.9,0,0
50.7899,38.9512,-2.29372,0.0686366,4.39492,0.0655932,0.288276,NONE,999.9,0,0
50.7921,38.9512,-2.29372,0.0686366,4.39492,0.0655932,0.288276,NONE,999.9,0,0
50.7967,38.9512,-2.29372,0.0686366,4.39492,0.0655932,0.288276,NONE,999.9,0,0
50.8012,38.9951,-2.29056,0.0693797,4.39495,0.0986392,0.433514,NONE,999.9,0,0
50.8039,38.9951,-2.29056,0.0693797,4.39495,0.0986392,0.433514,NONE,999.9,0,0
50.8095,39.0389,-2.28737,0.0705644,4.39497,0.12027,0.528583,NONE,999.9,0,0
50.8122,39.0389,-2.28737,0.0705644,4.39497,0.12027,0.528583,NONE,999.9,0,0
50.816,39.0389,-2.28737,0.0705644,4.39497,0.12027,0.528583,NONE,999.9,0,0
50.8202,39.0827,-2.28416,0.0717875,4.395,0.140488,0.617447,NONE,999.9,0,0
50.8241,39.0827,-2.28416,0.0717875,4.395,0.140488,0.617447,NONE,999.9,0,0
50.8295,39.1265,-2.2809,0.0733384,4.39503,0.152086,0.668422,NONE,999.9,0,0
50.832,39.1265,-2.2809,0.0733384,4.39503,0.152086,0.668422,NONE,999.9,0,0
50.8361,39.1265,-2.2809,0.0733384,4.39503,0.152086,0.668422,NONE,999.9,0,0
50.8405,39.1704,-2.27762,0.074839,4.39505,0.164484,0.722916,NONE,999.9,0,0
50.8451,39.1704,-2.27762,0.074839,4.39505,0.164484,0.722916,NONE,999.9,0,0
50.849,39.2142,-2.27429,0.0765982,4.39508,0.17001,0.747206,NONE,999.9,0,0
50.8523,39.2142,-2.27429,0.0765982,4.39508,0.17001,0.747206,NONE,999.9,0,0
50.8562,39.2142,-2.27429,0.0765982,4.39508,0.17001,0.747206,NONE,999.9,0,0
50.8606,39.258,-2.27093,0.0782536,4.3951,0.177714,0.781072,NONE,999.9,0,0
50.8641,39.258,-2.27093,0.0782536,4.3951,0.177714,0.781072,NONE,999.9,0,0
50.8687,39.3018,-2.2675,0.0801262,4.39512,0.17963,0.789497,NONE,999.9,0,0
50.8719,39.3018,-2.2675,0.0801262,4.39512,0.17963,0.789497,NONE,999.9,0,0
50.8764,39.3018,-2.2675,0.0801262,4.39512,0.17963,0.789497,NONE,999.9,0,0
50.8803,39.3457,-2.26404,0.0818633,4.39514,0.184575,0.811234,NONE,999.9,0,0
50.884,39.3457,-2.26404,0.0818633,4.39514,0.184575,0.811234,NONE,999.9,0,0
50.8889,39.3895,-2.26051,0.0837936,4.3952,0.184384,0.810405,NONE,999.9,0,0
50.8923,39.3895,-2.26051,0.0837936,4.3952,0.184384,0.810405,NONE,999.9,0,0
50.8963,39.3895,-2.26051,0.0837936,4.3952,0.184384,0.810405,NONE,999.9,0,0
50.9006,39.4333,-2.25693,0.0855699,4.39526,0.187742,0.825173,NONE,999.9,0,0
50.9042,39.4333,-2.25693,0.0855699,4.39526,0.187742,0.825173,NONE,999.9,0,0
50.9093,39.4771,-2.25328,0.0875256,4.39532,0.18638,0.819199,NONE,999.9,0,0
50.9124,39.4771,-2.25328,0.0875256,4.39532,0.18638,0.819199,NONE,999.9,0,0
50.9167,39.4771,-2.25328,0.0875256,4.39532,0.18638,0.819199,NONE,999.9,0,0
50.9202,39.5209,-2.24958,0.0893174,4.39537,0.188876,0.83018,NONE,999.9,0,0
50.9246,39.5209,-2.24958,0.0893174,4.39537,0.188876,0.83018,NONE,999.9,0,0
50.9292,39.5647,-2.24581,0.0912812,4.39542,0.18689,0.821461,NONE,999.9,0,0
50.932,39.5647,-2.24581,0.0912812,4.39542,0.18689,0.821461,NONE,999.9,0,0
50.936,39.5647,-2.24581,0.0912812,4.39542,0.18689,0.821461,NONE,999.9,0,0
50.9403,39.6084,-2.24198,0.0930757,4.39547,0.188943,0.830495,NONE,999.9,0,0
50.9444,39.6084,-2.24198,0.0930757,4.39547,0.188943,0.830495,NONE,999.9,0,0
50.9499,39.6522,-2.23806,0.0950386,4.39551,0.186652,0.820431,NONE,999.9,0,0
50.9572,39.6522,-2.23806,0.0950386,4.39551,0.186652,0.820431,NONE,999.9,0,0
50.9607,39.696,-2.2341,0.0968296,4.39556,0.188503,0.828574,NONE,999.9,0,0
50.9641,39.696,-2.2341,0.0968296,4.39556,0.188503,0.828574,NONE,999.9,0,0
50.9696,39.7398,-2.23004,0.0987873,4.3956,0.186085,0.817956,NONE,999.9,0,0
50.972,39.7398,-2.23004,0.0987873,4.3956,0.186085,0.817956,NONE,999.9,0,0
50.9766,39.7398,-2.23004,0.0987873,4.3956,0.186085,0.817956,NONE,999.9,0,0
50.9806,39.7835,-2.22593,0.100572,4.39564,0.187867,0.825794,NONE,999.9,0,0
50.9842,39.7835,-2.22593,0.100572,4.39564,0.187867,0.825794,NONE,999.9,0,0
50.9895,39.8273,-2.22173,0.102524,4.39568,0.185421,0.815049,NONE,999.9,0,0
50.992,39.8273,-2.22173,0.102524,4.39568,0.185421,0.815049,NONE,999.9,0,0
50.9959,39.8273,-2.22173,0.102524,4.39568,0.185421,0.815049,NONE,999.9,0,0
51,39.871,-2.21747,0.104302,4.39571,0.187202,0.822886,NONE,999.9,0,0
51.0042,39.871,-2.21747,0.104302,4.39571,0.187202,0.822886,NONE,999.9,0,0
51.0091,39.9148,-2.21312,0.106247,4.39575,0.184776,0.812228,NONE,999.9,0,0
51.0128,39.9148,-2.21312,0.106247,4.39575,0.184776,0.812228,NONE,999.9,0,0
51.0165,39.9148,-2.21312,0.106247,4.39575,0.184776,0.812228,NONE,999.9,0,0
51.0204,39.9585,-2.20871,0.108019,4.39578,0.18659,0.820208,NONE,999.9,0,0
51.024,39.9585,-2.20871,0.108019,4.39578,0.18659,0.820208,NONE,999.9,0,0
51.0286,40.0022,-2.20421,0.109957,4.39581,0.184204,0.809728,NONE,999.9,0,0
51.032,40.0022,-2.20421,0.109957,4.39581,0.184204,0.809728,NONE,999.9,0,0
51.0359,40.0022,-2.20421,0.109957,4.39581,0.184204,0.809728,NONE,999.9,0,0
51.0401,40.046,-2.19964,0.111724,4.39584,0.186063,0.817904,NONE,999.9,0,0
51.0445,40.046,-2.19964,0.111724,4.39584,0.186063,0.817904,NONE,999.9,0,0
51.0491,40.0897,-2.19498,0.113658,4.39587,0.183724,0.807627,NONE,999.9,0,0
51.0522,40.0897,-2.19498,0.113658,4.39587,0.183724,0.807627,NONE,999.9,0,0
51.0562,40.0897,-2.19498,0.113658,4.39587,0.183724,0.807627,NONE,999.9,0,0
51.0608,40.1334,-2.19026,0.11542,4.39589,0.185629,0.816006,NONE,999.9,0,0
51.0642,40.1334,-2.19026,0.11542,4.39589,0.185629,0.816006,NONE,999.9,0,0
51.0691,40.1771,-2.18545,0.117349,4.39592,0.183334,0.805924,NONE,999.9,0,0
51.0719,40.1771,-2.18545,0.117349,4.39592,0.183334,0.805924,NONE,999.9,0,0
51.0766,40.1771,-2.18545,0.117349,4.39592,0.183334,0.805924,NONE,999.9,0,0
51.0807,40.2208,-2.18057,0.119107,4.39594,0.185282,0.814487,NONE,999.9,0,0
51.0842,40.2208,-2.18057,0.119107,4.39594,0.185282,0.814487,NONE,999.9,0,0
51.089,40.2644,-2.1756,0.121034,4.39601,0.18301,0.804514,NONE,999.9,0,0
51.0919,40.2644,-2.1756,0.121034,4.39601,0.18301,0.804514,NONE,999.9,0,0
51.0959,40.2644,-2.1756,0.121034,4.39601,0.18301,0.804514,NONE,999.9,0,0
51.1,40.3081,-2.17057,0.122789,4.39607,0.184981,0.81319,NONE,999.9,0,0
51.1039,40.3081,-2.17057,0.122789,4.39607,0.184981,0.81319,NONE,999.9,0,0
51.1096,40.3518,-2.16542,0.12503,4.39612,0.276425,1.2152,NONE,999.9,0,0
51.1128,40.3518,-2.16542,0.12503,4.39612,0.276425,1.2152,NONE,999.9,0,0
51.117,40.3518,-2.16542,0.12503,4.39612,0.276425,1.2152,NONE,999.9,0,0
51.1219,40.3954,-2.1601,0.12823,4.39618,0.343675,1.51086,NONE,999.9,0,0
51.124,40.3954,-2.1601,0.12823,4.39618,0.343675,1.51086,NONE,999.9,0,0
51.1293,40.439,-2.15464,0.131872,4.39623,0.399401,1.75586,NONE,999.9,0,0
51.132,40.439,-2.15464,0.131872,4.39623,0.399401,1.75586,NONE,999.9,0,0
51.1361,40.439,-2.15464,0.131872,4.39623,0.399401,1.75586,NONE,999.9,0,0
51.1401,40.4826,-2.14901,0.136156,4.39626,0.438542,1.92794,NONE,999.9,0,0
51.1447,40.4826,-2.14901,0.136156,4.39626,0.438542,1.92794,NONE,999.9,0,0
51.149,40.5262,-2.14324,0.140632,4.39628,0.472189,2.07588,NONE,999.9,0,0
51.1522,40.5262,-2.14324,0.140632,4.39628,0.472189,2.07588,NONE,999.9,0,0
51.1561,40.5262,-2.14324,0.140632,4.39628,0.472189,2.07588,NONE,999.9,0,0
51.1602,40.5698,-2.13729,0.145553,4.3963,0.494021,2.17187,NONE,999.9,0,0
51.1645,40.5698,-2.13729,0.145553,4.3963,0.494021,2.17187,NONE,999.9,0,0
51.1689,40.6133,-2.13119,0.150514,4.39633,0.514159,2.26041,NONE,999.9,0,0
51.172,40.6133,-2.13119,0.150514,4.39633,0.514159,2.26041,NONE,999.9,0,0
51.1768,40.6133,-2.13119,0.150514,4.39633,0.514159,2.26041,NONE,999.9,0,0
51.1813,40.6568,-2.1249,0.1558,4.39635,0.525486,2.31022,NONE,999.9,0,0
51.184,40.6568,-2.1249,0.1558,4.39635,0.525486,2.31022,NONE,999.9,0,0
51.1892,40.7003,-2.11844,0.161033,4.39637,0.53749,2.363,NONE,999.9,0,0
51.1919,40.7003,-2.11844,0.161033,4.39637,0.53749,2.363,NONE,999.9,0,0
51.1959,40.7003,-2.11844,0.161033,4.39637,0.53749,2.363,NONE,999.9,0,0
51.2,40.7438,-2.11178,0.16652,4.39639,0.542549,2.38526,NONE,999.9,0,0
51.2041,40.7438,-2.11178,0.16652,4.39639,0.542549,2.38526,NONE,999.9,0,0
51.2095,40.7872,-2.10495,0.171898,4.3964,0.549751,2.41693,NONE,999.9,0,0
51.2123,40.7872,-2.10495,0.171898,4.3964,0.549751,2.41693,NONE,999.9,0,0
51.2161,40.7872,-2.10495,0.171898,4.3964,0.549751,2.41693,NONE,999.9,0,0
51.2207,40.8306,-2.0979,0.177489,4.39642,0.551154,2.42311,NONE,999.9,0,0
51.2244,40.8306,-2.0979,0.177489,4.39642,0.551154,2.42311,NONE,999.9,0,0
51.2287,40.874,-2.09067,0.182938,4.39644,0.555594,2.44263,NONE,999.9,0,0
51.2319,40.874,-2.09067,0.182938,4.39644,0.555594,2.44263,NONE,999.9,0,0
51.236,40.874,-2.09067,0.182938,4.39644,0.555594,2.44263,NONE,999.9,0,0
51.2404,40.9173,-2.08322,0.188576,4.39645,0.554931,2.43973,NONE,999.9,0,0
51.2447,40.9173,-2.08322,0.188576,4.39645,0.554931,2.43973,NONE,999.9,0,0
51.2492,40.9606,-2.07557,0.194056,4.39647,0.557841,2.45253,NONE,999.9,0,0
51.2521,40.9606,-2.07557,0.194056,4.39647,0.557841,2.45253,NONE,999.9,0,0
51.256,40.9606,-2.07557,0.194056,4.39647,0.557841,2.45253,NONE,999.9,0,0
51.2601,41.0038,-2.0677,0.19971,4.39651,0.556029,2.44459,NONE,999.9,0,0
51.2648,41.0038,-2.0677,0.19971,4.39651,0.556029,2.44459,NONE,999.9,0,0
51.2701,41.047,-2.05962,0.205197,4.39656,0.558117,2.45379,NONE,999.9,0,0
51.2722,41.047,-2.05962,0.205197,4.39656,0.558117,2.45379,NONE,999.9,0,0
51.2769,41.047,-2.05962,0.205197,4.39656,0.558117,2.45379,NONE,999.9,0,0
51.2804,41.0902,-2.05131,0.210851,4.3966,0.555765,2.44347,NONE,999.9,0,0
51.2844,41.0902,-2.05131,0.210851,4.3966,0.555765,2.44347,NONE,999.9,0,0
51.2889,41.1334,-2.0428,0.216333,4.39663,0.55749,2.45108,NONE,999.9,0,0
51.292,41.1334,-2.0428,0.216333,4.39663,0.55749,2.45108,NONE,999.9,0,0
51.296,41.1334,-2.0428,0.216333,4.39663,0.55749,2.45108,NONE,999.9,0,0
51.3003,41.1764,-2.03405,0.221979,4.39667,0.554909,2.43975,NONE,999.9,0,0
51.3043,41.1764,-2.03405,0.221979,4.39667,0.554909,2.43975,NONE,999.9,0,0
51.3117,41.2195,-2.02509,0.227452,4.39671,0.556503,2.44678,NONE,999.9,0,0
51.3142,41.2195,-2.02509,0.227452,4.39671,0.556503,2.44678,NONE,999.9,0,0
51.3158,41.2195,-2.02509,0.227452,4.39671,0.556503,2.44678,NONE,999.9,0,0
51.32,41.2625,-2.01589,0.233088,4.39674,0.553861,2.43518,NONE,999.9,0,0
51.3239,41.2625,-2.01589,0.233088,4.39674,0.553861,2.43518,NONE,999.9,0,0
51.3289,41.3054,-2.00648,0.23855,4.39677,0.555444,2.44216,NONE,999.9,0,0
51.3322,41.3054,-2.00648,0.23855,4.39677,0.555444,2.44216,NONE,999.9,0,0
51.3363,41.3054,-2.00648,0.23855,4.39677,0.555444,2.44216,NONE,999.9,0,0
51.3404,41.3483,-1.99682,0.244176,4.3968,0.552826,2.43067,NONE,999.9,0,0
51.3444,41.3483,-1.99682,0.244176,4.3968,0.552826,2.43067,NONE,999.9,0,0
51.3492,41.3912,-1.98695,0.249628,4.39683,0.554457,2.43785,NONE,999.9,0,0
51.3522,41.3912,-1.98695,0.249628,4.39683,0.554457,2.43785,NONE,999.9,0,0
51.3559,41.3912,-1.98695,0.249628,4.39683,0.554457,2.43785,NONE,999.9,0,0
51.3601,41.434,-1.97684,0.255244,4.39686,0.551901,2.42663,NONE,999.9,0,0
51.364,41.434,-1.97684,0.255244,4.39686,0.551901,2.42663,NONE,999.9,0,0
51.3695,41.4767,-1.96651,0.260687,4.39688,0.553603,2.43413,NONE,999.9,0,0
51.3721,41.4767,-1.96651,0.260687,4.39688,0.553603,2.43413,NONE,999.9,0,0
51.377,41.4767,-1.96651,0.260687,4.39688,0.553603,2.43413,NONE,999.9,0,0
51.381,41.5194,-1.95594,0.266295,4.39691,0.55112,2.42323,NONE,999.9,0,0
51.3838,41.5194,-1.95594,0.266295,4.39691,0.55112,2.42323,NONE,999.9,0,0
51.3894,41.562,-1.94515,0.271731,4.39693,0.552895,2.43104,NONE,999.9,0,0
51.3919,41.562,-1.94515,0.271731,4.39693,0.552895,2.43104,NONE,999.9,0,0
51.3961,41.562,-1.94515,0.271731,4.39693,0.552895,2.43104,NONE,999.9,0,0
51.4007,41.6046,-1.93411,0.277332,4.39696,0.550485,2.42046,NONE,999.9,0,0
51.4047,41.6046,-1.93411,0.277332,4.39696,0.550485,2.42046,NONE,999.9,0,0
51.4088,41.6471,-1.92286,0.282762,4.39698,0.552328,2.42857,NONE,999.9,0,0
51.412,41.6471,-1.92286,0.282762,4.39698,0.552328,2.42857,NONE,999.9,0,0
51.4159,41.6471,-1.92286,0.282762,4.39698,0.552328,2.42857,NONE,999.9,0,0
51.4209,41.6895,-1.91134,0.288676,4.397,0.64367,2.83022,NONE,999.9,0,0
51.4239,41.6895,-1.91134,0.288676,4.397,0.64367,2.83022,NONE,999.9,0,0
51.4287,41.7318,-1.8995,0.295548,4.39702,0.71083,3.12553,NONE,999.9,0,0
51.4326,41.7318,-1.8995,0.295548,4.39702,0.71083,3.12553,NONE,999.9,0,0
51.4366,41.7318,-1.8995,0.295548,4.39702,0.71083,3.12553,NONE,999.9,0,0
51.4407,41.7741,-1.88737,0.302861,4.39704,0.766473,3.37021,NONE,999.9,0,0
51.4447,41.7741,-1.88737,0.302861,4.39704,0.766473,3.37021,NONE,999.9,0,0
51.4492,41.8163,-1.87493,0.310815,4.39705,0.805523,3.54193,NONE,999.9,0,0
51.452,41.8163,-1.87493,0.310815,4.39705,0.805523,3.54193,NONE,999.9,0,0
51.4564,41.8163,-1.87493,0.310815,4.39705,0.805523,3.54193,NONE,999.9,0,0
51.4602,41.8584,-1.86219,0.31896,4.3971,0.839043,3.68935,NONE,999.9,0,0
51.4641,41.8584,-1.86219,0.31896,4.3971,0.839043,3.68935,NONE,999.9,0,0
51.4691,41.9004,-1.84913,0.32755,4.39714,0.860773,3.78494,NONE,999.9,0,0
51.4719,41.9004,-1.84913,0.32755,4.39714,0.860773,3.78494,NONE,999.9,0,0
51.4765,41.9004,-1.84913,0.32755,4.39714,0.860773,3.78494,NONE,999.9,0,0
51.4805,41.9423,-1.83577,0.336177,4.39718,0.880828,3.87316,NONE,999.9,0,0
51.4842,41.9423,-1.83577,0.336177,4.39718,0.880828,3.87316,NONE,999.9,0,0
51.489,41.984,-1.82207,0.34513,4.39721,0.892122,3.92284,NONE,999.9,0,0
51.492,41.984,-1.82207,0.34513,4.39721,0.892122,3.92284,NONE,999.9,0,0
51.4966,41.984,-1.82207,0.34513,4.39721,0.892122,3.92284,NONE,999.9,0,0
51.5009,42.0257,-1.80806,0.354029,4.39723,0.904096,3.97551,NONE,999.9,0,0
51.5044,42.0257,-1.80806,0.354029,4.39723,0.904096,3.97551,NONE,999.9,0,0
51.5097,42.0673,-1.79371,0.363182,4.39725,0.90913,3.99767,NONE,999.9,0,0
51.5122,42.0673,-1.79371,0.363182,4.39725,0.90913,3.99767,NONE,999.9,0,0
51.5158,42.0673,-1.79371,0.363182,4.39725,0.90913,3.99767,NONE,999.9,0,0
51.5199,42.1087,-1.77904,0.372226,4.39726,0.916308,4.02925,NONE,999.9,0,0
51.524,42.1087,-1.77904,0.372226,4.39726,0.916308,4.02925,NONE,999.9,0,0
51.5294,42.1501,-1.76401,0.381482,4.39728,0.917693,4.03535,NONE,999.9,0,0
51.5321,42.1501,-1.76401,0.381482,4.39728,0.917693,4.03535,NONE,999.9,0,0
51.5362,42.1501,-1.76401,0.381482,4.39728,0.917693,4.03535,NONE,999.9,0,0
51.54,42.1913,-1.74866,0.390597,4.3973,0.922115,4.05481,NONE,999.9,0,0
51.5448,42.1913,-1.74866,0.390597,4.3973,0.922115,4.05481,NONE,999.9,0,0
51.5488,42.2323,-1.73294,0.3999,4.39731,0.921437,4.05185,NONE,999.9,0,0
51.552,42.2323,-1.73294,0.3999,4.39731,0.921437,4.05185,NONE,999.9,0,0
51.5559,42.2323,-1.73294,0.3999,4.39731,0.921437,4.05185,NONE,999.9,0,0
51.5604,42.2733,-1.71689,0.409045,4.39733,0.924335,4.06461,NONE,999.9,0,0
51.5642,42.2733,-1.71689,0.409045,4.39733,0.924335,4.06461,NONE,999.9,0,0
51.5689,42.3141,-1.70048,0.418364,4.39734,0.922546,4.05675,NONE,999.9,0,0
51.5719,42.3141,-1.70048,0.418364,4.39734,0.922546,4.05675,NONE,999.9,0,0
51.5767,42.3141,-1.70048,0.418364,4.39734,0.922546,4.05675,NONE,999.9,0,0
51.5803,42.3547,-1.68373,0.427516,4.39736,0.924649,4.06601,NONE,999.9,0,0
51.5841,42.3547,-1.68373,0.427516,4.39736,0.924649,4.06601,NONE,999.9,0,0
51.5892,42.3952,-1.66661,0.436835,4.39737,0.922306,4.05572,NONE,999.9,0,0
51.5924,42.3952,-1.66661,0.436835,4.39737,0.922306,4.05572,NONE,999.9,0,0
51.5966,42.3952,-1.66661,0.436835,4.39737,0.922306,4.05572,NONE,999.9,0,0
51.601,42.4356,-1.64915,0.445982,4.39738,0.924036,4.06334,NONE,999.9,0,0
51.6044,42.4356,-1.64915,0.445982,4.39738,0.924036,4.06334,NONE,999.9,0,0
51.6094,42.4758,-1.63133,0.455295,4.3974,0.921455,4.052,NONE,999.9,0,0
51.6122,42.4758,-1.63133,0.455295,4.3974,0.921455,4.052,NONE,999.9,0,0
51.6159,42.4758,-1.63133,0.455295,4.3974,0.921455,4.052,NONE,999.9,0,0
51.6201,42.5158,-1.61316,0.464432,4.39743,0.923001,4.05883,NONE,999.9,0,0
51.6246,42.5158,-1.61316,0.464432,4.39743,0.923001,4.05883,NONE,999.9,0,0
51.6296,42.5557,-1.59462,0.473734,4.39746,0.920324,4.04709,NONE,999.9,0,0
51.6326,42.5557,-1.59462,0.473734,4.39746,0.920324,4.04709,NONE,999.9,0,0
51.636,42.5557,-1.59462,0.473734,4.39746,0.920324,4.04709,NONE,999.9,0,0
51.64,42.5954,-1.57573,0.48286,4.39749,0.92188,4.05396,NONE,999.9,0,0
51.6443,42.5954,-1.57573,0.48286,4.39749,0.92188,4.05396,NONE,999.9,0,0
51.6503,42.635,-1.55648,0.49215,4.39752,0.919244,4.04239,NONE,999.9,0,0
51.6523,42.635,-1.55648,0.49215,4.39752,0.919244,4.04239,NONE,999.9,0,0
51.6561,42.635,-1.55648,0.49215,4.39752,0.919244,4.04239,NONE,999.9,0,0
51.6603,42.6743,-1.53689,0.501266,4.39755,0.920861,4.04953,NONE,999.9,0,0
51.6645,42.6743,-1.53689,0.501266,4.39755,0.920861,4.04953,NONE,999.9,0,0
51.6689,42.7135,-1.51693,0.510546,4.39757,0.918296,4.03827,NONE,999.9,0,0
51.6722,42.7135,-1.51693,0.510546,4.39757,0.918296,4.03827,NONE,999.9,0,0
51.6764,42.7135,-1.51693,0.510546,4.39757,0.918296,4.03827,NONE,999.9,0,0
51.6801,42.7525,-1.49663,0.519653,4.3976,0.91999,4.04575,NONE,999.9,0,0
51.6847,42.7525,-1.49663,0.519653,4.3976,0.91999,4.04575,NONE,999.9,0,0
51.6891,42.7913,-1.47596,0.528925,4.39762,0.917505,4.03484,NONE,999.9,0,0
51.6921,42.7913,-1.47596,0.528925,4.39762,0.917505,4.03484,NONE,999.9,0,0
51.6961,42.7913,-1.47596,0.528925,4.39762,0.917505,4.03484,NONE,999.9,0,0
51.7002,42.83,-1.45496,0.538024,4.39765,0.919278,4.04266,NONE,999.9,0,0
51.7042,42.83,-1.45496,0.538024,4.39765,0.919278,4.04266,NONE,999.9,0,0
51.7099,42.8684,-1.43359,0.54729,4.39767,0.916868,4.03208,NONE,999.9,0,0
51.7122,42.8684,-1.43359,0.54729,4.39767,0.916868,4.03208,NONE,999.9,0,0
51.7167,42.8684,-1.43359,0.54729,4.39767,0.916868,4.03208,NONE,999.9,0,0
51.7204,42.9067,-1.41188,0.556383,4.39769,0.918711,4.04021,NONE,999.9,0,0
51.7242,42.9067,-1.41188,0.556383,4.39769,0.918711,4.04021,NONE,999.9,0,0
51.7293,42.9447,-1.38982,0.565643,4.39771,0.916366,4.02991,NONE,999.9,0,0
51.7319,42.9447,-1.38982,0.565643,4.39771,0.916366,4.02991,NONE,999.9,0,0
51.7362,42.9447,-1.38982,0.565643,4.39771,0.916366,4.02991,NONE,999.9,0,0
51.74,42.9825,-1.36742,0.574731,4.39773,0.91827,4.0383,NONE,999.9,0,0
51.7449,42.9825,-1.36742,0.574731,4.39773,0.91827,4.0383,NONE,999.9,0,0
51.7493,43.0202,-1.34467,0.583987,4.39774,0.91598,4.02825,NONE,999.9,0,0
51.7525,43.0202,-1.34467,0.583987,4.39774,0.91598,4.02825,NONE,999.9,0,0
51.7567,43.0202,-1.34467,0.583987,4.39774,0.91598,4.02825,NONE,999.9,0,0
51.7605,43.0576,-1.32159,0.593072,4.39776,0.917933,4.03685,NONE,999.9,0,0
51.764,43.0576,-1.32159,0.593072,4.39776,0.917933,4.03685,NONE,999.9,0,0
51.7691,43.0948,-1.29815,0.602325,4.39778,0.915687,4.02699,NONE,999.9,0,0
51.7719,43.0948,-1.29815,0.602325,4.39778,0.915687,4.02699,NONE,999.9,0,0
51.7762,43.0948,-1.29815,0.602325,4.39778,0.915687,4.02699,NONE,999.9,0,0
51.7801,43.1318,-1.27438,0.611407,4.39779,0.917679,4.03576,NONE,999.9,0,0
51.7844,43.1318,-1.27438,0.611407,4.39779,0.917679,4.03576,NONE,999.9,0,0
51.7897,43.1686,-1.25027,0.620658,4.39781,0.915467,4.02605,NONE,999.9,0,0
51.792,43.1686,-1.25027,0.620658,4.39781,0.915467,4.02605,NONE,999.9,0,0
51.7959,43.1686,-1.25027,0.620658,4.39781,0.915467,4.02605,NONE,999.9,0,0
51.8,43.2052,-1.22583,0.629738,4.39782,0.91749,4.03496,NONE,999.9,0,0
51.8041,43.2052,-1.22583,0.629738,4.39782,0.91749,4.03496,NONE,999.9,0,0
51.8118,43.2415,-1.20105,0.638986,4.39784,0.915305,4.02536,NONE,999.9,0,0
51.8144,43.2415,-1.20105,0.638986,4.39784,0.915305,4.02536,NONE,999.9,0,0
51.8163,43.2415,-1.20105,0.638986,4.39784,0.915305,4.02536,NONE,999.9,0,0
51.8203,43.2776,-1.17595,0.648065,4.39785,0.917351,4.03437,NONE,999.9,0,0
51.8241,43.2776,-1.17595,0.648065,4.39785,0.917351,4.03437,NONE,999.9,0,0
51.8295,43.3135,-1.15051,0.657312,4.39787,0.915174,4.02481,NONE,999.9,0,0
51.8318,43.3135,-1.15051,0.657312,4.39787,0.915174,4.02481,NONE,999.9,0,0
51.8358,43.3135,-1.15051,0.657312,4.39787,0.915174,4.02481,NONE,999.9,0,0
51.8399,43.3491,-1.12475,0.666389,4.39788,0.917228,4.03386,NONE,999.9,0,0
51.8446,43.3491,-1.12475,0.666389,4.39788,0.917228,4.03386,NONE,999.9,0,0
51.8495,43.3845,-1.09866,0.675636,4.3979,0.915073,4.0244,NONE,999.9,0,0
51.8523,43.3845,-1.09866,0.675636,4.3979,0.915073,4.0244,NONE,999.9,0,0
51.8566,43.3845,-1.09866,0.675636,4.3979,0.915073,4.0244,NONE,999.9,0,0
51.86,43.4197,-1.07225,0.684712,4.39792,0.917146,4.03353,NONE,999.9,0,0
51.8646,43.4197,-1.07225,0.684712,4.39792,0.917146,4.03353,NONE,999.9,0,0
51.8699,43.4546,-1.04549,0.694275,4.39793,1.0087,4.43619,NONE,999.9,0,0
51.8724,43.4546,-1.04549,0.694275,4.39793,1.0087,4.43619,NONE,999.9,0,0
51.8781,43.4546,-1.04549,0.694275,4.39793,1.0087,4.43619,NONE,999.9,0,0
51.8824,43.4892,-1.01835,0.704799,4.39795,1.07605,4.73241,NONE,999.9,0,0
51.8848,43.4892,-1.01835,0.704799,4.39795,1.07605,4.73241,NONE,999.9,0,0
51.8892,43.5235,-0.990835,0.715765,4.39796,1.13187,4.9779,NONE,999.9,0,0
51.8919,43.5235,-0.990835,0.715765,4.39796,1.13187,4.9779,NONE,999.9,0,0
51.8961,43.5235,-0.990835,0.715765,4.39796,1.13187,4.9779,NONE,999.9,0,0
51.9003,43.5575,-0.962943,0.727374,4.39797,1.17107,5.15033,NONE,999.9,0,0
51.9039,43.5575,-0.962943,0.727374,4.39797,1.17107,5.15033,NONE,999.9,0,0
51.9104,43.5912,-0.934691,0.739175,4.39798,1.20477,5.29856,NONE,999.9,0,0
51.9127,43.5912,-0.934691,0.739175,4.39798,1.20477,5.29856,NONE,999.9,0,0
51.9169,43.5912,-0.934691,0.739175,4.39798,1.20477,5.29856,NONE,999.9,0,0
51.9218,43.6246,-0.906056,0.751423,4.398,1.22665,5.39482,NONE,999.9,0,0
51.9243,43.6246,-0.906056,0.751423,4.398,1.22665,5.39482,NONE,999.9,0,0
51.9291,43.6577,-0.87706,0.76371,4.39801,1.24684,5.4836,NONE,999.9,0,0
51.9319,43.6577,-0.87706,0.76371,4.39801,1.24684,5.4836,NONE,999.9,0,0
51.936,43.6577,-0.87706,0.76371,4.39801,1.24684,5.4836,NONE,999.9,0,0
51.9401,43.6904,-0.84768,0.776323,4.39802,1.25821,5.53361,NONE,999.9,0,0
51.9446,43.6904,-0.84768,0.776323,4.39802,1.25821,5.53361,NONE,999.9,0,0
51.9494,43.7228,-0.817937,0.788883,4.39803,1.27024,5.58657,NONE,999.9,0,0
51.9518,43.7228,-0.817937,0.788883,4.39803,1.27024,5.58657,NONE,999.9,0,0
51.9559,43.7228,-0.817937,0.788883,4.39803,1.27024,5.58657,NONE,999.9,0,0
51.9601,43.7548,-0.787809,0.801698,4.39804,1.27533,5.60897,NONE,999.9,0,0
51.9645,43.7548,-0.787809,0.801698,4.39804,1.27533,5.60897,NONE,999.9,0,0
51.9693,43.7865,-0.757318,0.814404,4.39805,1.28256,5.64077,NONE,999.9,0,0
51.972,43.7865,-0.757318,0.814404,4.39805,1.28256,5.64077,NONE,999.9,0,0
51.9766,43.7865,-0.757318,0.814404,4.39805,1.28256,5.64077,NONE,999.9,0,0
51.9815,43.8178,-0.726443,0.827323,4.39807,1.28394,5.64688,NONE,999.9,0,0
51.9843,43.8178,-0.726443,0.827323,4.39807,1.28394,5.64688,NONE,999.9,0,0
51.989,43.8488,-0.695204,0.8401,4.3981,1.28837,5.66637,NONE,999.9,0,0
51.9919,43.8488,-0.695204,0.8401,4.3981,1.28837,5.66637,NONE,999.9,0,0
51.9961,43.8488,-0.695204,0.8401,4.3981,1.28837,5.66637,NONE,999.9,0,0
52,43.8794,-0.663585,0.853066,4.39812,1.2877,5.66347,NONE,999.9,0,0
52.0041,43.8794,-0.663585,0.853066,4.39812,1.2877,5.66347,NONE,999.9,0,0
52.0098,43.9096,-0.631624,0.865556,4.39814,1.19692,5.26423,NONE,999.9,0,0
52.0122,43.9096,-0.631624,0.865556,4.39814,1.19692,5.26423,NONE,999.9,0,0
52.0163,43.9096,-0.631624,0.865556,4.39814,1.19692,5.26423,NONE,999.9,0,0
52.02,43.9395,-0.599355,0.87709,4.39816,1.12988,4.96941,NONE,999.9,0,0
52.0241,43.9395,-0.599355,0.87709,4.39816,1.12988,4.96941,NONE,999.9,0,0
52.029,43.969,-0.566761,0.888183,4.39818,1.07406,4.7239,NONE,999.9,0,0
52.0325,43.969,-0.566761,0.888183,4.39818,1.07406,4.7239,NONE,999.9,0,0
52.0362,43.969,-0.566761,0.888183,4.39818,1.07406,4.7239,NONE,999.9,0,0
52.0404,43.9982,-0.533863,0.898633,4.3982,1.03462,4.55047,NONE,999.9,0,0
52.0447,43.9982,-0.533863,0.898633,4.3982,1.03462,4.55047,NONE,999.9,0,0
52.0491,44.027,-0.500647,0.908887,4.39822,1.00054,4.4006,NONE,999.9,0,0
52.0518,44.027,-0.500647,0.908887,4.39822,1.00054,4.4006,NONE,999.9,0,0
52.0558,44.027,-0.500647,0.908887,4.39822,1.00054,4.4006,NONE,999.9,0,0
52.0601,44.0555,-0.467137,0.91869,4.39824,0.978192,4.30232,NONE,999.9,0,0
52.0641,44.0555,-0.467137,0.91869,4.39824,0.978192,4.30232,NONE,999.9,0,0
52.0689,44.0836,-0.433322,0.928449,4.39825,0.957498,4.21132,NONE,999.9,0,0
52.0724,44.0836,-0.433322,0.928449,4.39825,0.957498,4.21132,NONE,999.9,0,0
52.0765,44.0836,-0.433322,0.928449,4.39825,0.957498,4.21132,NONE,999.9,0,0
52.0818,44.1114,-0.399224,0.937876,4.39827,0.945602,4.15901,NONE,999.9,0,0
52.0846,44.1114,-0.399224,0.937876,4.39827,0.945602,4.15901,NONE,999.9,0,0
52.0889,44.1388,-0.364834,0.947351,4.39828,0.933041,4.10378,NONE,999.9,0,0
52.0921,44.1388,-0.364834,0.947351,4.39828,0.933041,4.10378,NONE,999.9,0,0
52.096,44.1388,-0.364834,0.947351,4.39828,0.933041,4.10378,NONE,999.9,0,0
52.1001,44.1659,-0.330175,0.956567,4.3983,0.927446,4.07918,NONE,999.9,0,0
52.1046,44.1659,-0.330175,0.956567,4.3983,0.927446,4.07918,NONE,999.9,0,0
52.1112,44.1926,-0.295236,0.965886,4.39831,0.919743,4.04532,NONE,999.9,0,0
52.1129,44.1926,-0.295236,0.965886,4.39831,0.919743,4.04532,NONE,999.9,0,0
52.1159,44.1926,-0.295236,0.965886,4.39831,0.919743,4.04532,NONE,999.9,0,0
52.12,44.219,-0.26004,0.974988,4.39833,0.917873,4.0371,NONE,999.9,0,0
52.1244,44.219,-0.26004,0.974988,4.39833,0.917873,4.0371,NONE,999.9,0,0
52.1299,44.245,-0.224576,0.984227,4.39834,0.913009,4.01572,NONE,999.9,0,0
52.1329,44.245,-0.224576,0.984227,4.39834,0.913009,4.01572,NONE,999.9,0,0
52.1362,44.245,-0.224576,0.984227,4.39834,0.913009,4.01572,NONE,999.9,0,0
52.1403,44.2707,-0.188867,0.993273,4.39835,0.913285,4.01695,NONE,999.9,0,0
52.1444,44.2707,-0.188867,0.993273,4.39835,0.913285,4.01695,NONE,999.9,0,0
52.1493,44.296,-0.152901,1.00247,4.39836,0.910029,4.00264,NONE,999.9,0,0
52.1521,44.296,-0.152901,1.00247,4.39836,0.910029,4.00264,NONE,999.9,0,0
52.156,44.296,-0.152901,1.00247,4.39836,0.910029,4.00264,NONE,999.9,0,0
52.1603,44.321,-0.1167,1.0115,4.39837,0.911497,4.0091,NONE,999.9,0,0
52.1643,44.321,-0.1167,1.0115,4.39837,0.911497,4.0091,NONE,999.9,0,0
52.1694,44.3456,-0.0802536,1.02068,4.39838,0.909111,3.99862,NONE,999.9,0,0
52.1723,44.3456,-0.0802536,1.02068,4.39838,0.909111,3.99862,NONE,999.9,0,0
52.1764,44.3456,-0.0802536,1.02068,4.39838,0.909111,3.99862,NONE,999.9,0,0
52.1802,44.3699,-0.0435807,1.0297,4.3984,0.911192,4.00778,NONE,999.9,0,0
52.1841,44.3699,-0.0435807,1.0297,4.3984,0.911192,4.00778,NONE,999.9,0,0
52.1896,44.3938,-0.00667143,1.03889,4.39841,0.909236,3.99919,NONE,999.9,0,0
52.1918,44.3938,-0.00667143,1.03889,4.39841,0.909236,3.99919,NONE,999.9,0,0
52.196,44.3938,-0.00667143,1.03889,4.39841,0.909236,3.99919,NONE,999.9,0,0
52.2006,44.4174,0.0304553,1.04791,4.39842,0.911619,4.00969,NONE,999.9,0,0
52.2043,44.4174,0.0304553,1.04791,4.39842,0.911619,4.00969,NONE,999.9,0,0
52.2097,44.4406,0.0678095,1.0571,4.39844,0.909858,4.00195,NONE,999.9,0,0
52.2119,44.4406,0.0678095,1.0571,4.39844,0.909858,4.00195,NONE,999.9,0,0
52.2162,44.4406,0.0678095,1.0571,4.39844,0.909858,4.00195,NONE,999.9,0,0
52.2201,44.4635,0.105373,1.06612,4.39845,0.912357,4.01295,NONE,999.9,0,0
52.224,44.4635,0.105373,1.06612,4.39845,0.912357,4.01295,NONE,999.9,0,0
52.2293,44.486,0.143156,1.07532,4.39846,0.910653,4.00547,NONE,999.9,0,0
52.2324,44.486,0.143156,1.07532,4.39846,0.910653,4.00547,NONE,999.9,0,0
52.2366,44.486,0.143156,1.07532,4.39846,0.910653,4.00547,NONE,999.9,0,0
52.2404,44.5082,0.18114,1.08436,4.39847,0.913169,4.01655,NONE,999.9,0,0
52.2444,44.5082,0.18114,1.08436,4.39847,0.913169,4.01655,NONE,999.9,0,0
52.2496,44.53,0.219336,1.09357,4.39848,0.911453,4.00901,NONE,999.9,0,0
52.2519,44.53,0.219336,1.09357,4.39848,0.911453,4.00901,NONE,999.9,0,0
52.2559,44.53,0.219336,1.09357,4.39848,0.911453,4.00901,NONE,999.9,0,0
52.2628,44.5515,0.257726,1.10261,4.39849,0.913937,4.01994,NONE,999.9,0,0
52.2651,44.5515,0.257726,1.10261,4.39849,0.913937,4.01994,NONE,999.9,0,0
52.2696,44.5726,0.29632,1.11182,4.3985,0.912177,4.01221,NONE,999.9,0,0
52.2723,44.5726,0.29632,1.11182,4.3985,0.912177,4.01221,NONE,999.9,0,0
52.2767,44.5726,0.29632,1.11182,4.3985,0.912177,4.01221,NONE,999.9,0,0
52.2806,44.5933,0.335102,1.12087,4.39851,0.914609,4.02292,NONE,999.9,0,0
52.2842,44.5933,0.335102,1.12087,4.39851,0.914609,4.02292,NONE,999.9,0,0
52.2892,44.6137,0.374079,1.1301,4.39852,0.912794,4.01494,NONE,999.9,0,0
52.292,44.6137,0.374079,1.1301,4.39852,0.912794,4.01494,NONE,999.9,0,0
52.2962,44.6137,0.374079,1.1301,4.39852,0.912794,4.01494,NONE,999.9,0,0
52.3012,44.6338,0.413237,1.13915,4.39853,0.915171,4.0254,NONE,999.9,0,0
52.304,44.6338,0.413237,1.13915,4.39853,0.915171,4.0254,NONE,999.9,0,0
52.3104,44.6534,0.452584,1.14838,4.39853,0.913302,4.01719,NONE,999.9,0,0
52.3121,44.6534,0.452584,1.14838,4.39853,0.913302,4.01719,NONE,999.9,0,0
52.316,44.6534,0.452584,1.14838,4.39853,0.913302,4.01719,NONE,999.9,0,0
52.32,44.6727,0.492104,1.15744,4.39854,0.915626,4.02742,NONE,999.9,0,0
52.324,44.6727,0.492104,1.15744,4.39854,0.915626,4.02742,NONE,999.9,0,0
52.3295,44.6917,0.531806,1.16667,4.39855,0.913707,4.01899,NONE,999.9,0,0
52.3324,44.6917,0.531806,1.16667,4.39855,0.913707,4.01899,NONE,999.9,0,0
52.336,44.6917,0.531806,1.16667,4.39855,0.913707,4.01899,NONE,999.9,0,0
52.3403,44.7102,0.571675,1.17573,4.39856,0.915986,4.02902,NONE,999.9,0,0
52.3446,44.7102,0.571675,1.17573,4.39856,0.915986,4.02902,NONE,999.9,0,0
52.3498,44.7284,0.611719,1.18497,4.39858,0.914,4.0203,NONE,999.9,0,0
52.3524,44.7284,0.611719,1.18497,4.39858,0.914,4.0203,NONE,999.9,0,0
52.356,44.7284,0.611719,1.18497,4.39858,0.914,4.0203,NONE,999.9,0,0
52.3605,44.7463,0.651923,1.19403,4.39859,0.916223,4.03009,NONE,999.9,0,0
52.3642,44.7463,0.651923,1.19403,4.39859,0.916223,4.03009,NONE,999.9,0,0
52.369,44.7637,0.692295,1.20327,4.39861,0.914216,4.02128,NONE,999.9,0,0
52.3719,44.7637,0.692295,1.20327,4.39861,0.914216,4.02128,NONE,999.9,0,0
52.3763,44.7637,0.692295,1.20327,4.39861,0.914216,4.02128,NONE,999.9,0,0
52.3803,44.7808,0.73282,1.21234,4.39863,0.916419,4.03099,NONE,999.9,0,0
52.3839,44.7808,0.73282,1.21234,4.39863,0.916419,4.03099,NONE,999.9,0,0
52.389,44.7976,0.773505,1.22158,4.39864,0.914394,4.02209,NONE,999.9,0,0
52.3923,44.7976,0.773505,1.22158,4.39864,0.914394,4.02209,NONE,999.9,0,0
52.3974,44.7976,0.773505,1.22158,4.39864,0.914394,4.02209,NONE,999.9,0,0
52.4018,44.8139,0.814338,1.23065,4.39866,0.916578,4.03171,NONE,999.9,0,0
52.4044,44.8139,0.814338,1.23065,4.39866,0.916578,4.03171,NONE,999.9,0,0
52.4098,44.8299,0.855323,1.23989,4.39867,0.914536,4.02274,NONE,999.9,0,0
52.4123,44.8299,0.855323,1.23989,4.39867,0.914536,4.02274,NONE,999.9,0,0
52.4161,44.8299,0.855323,1.23989,4.39867,0.914536,4.02274,NONE,999.9,0,0
52.42,44.8455,0.896449,1.24896,4.39868,0.916705,4.0323,NONE,999.9,0,0
52.4246,44.8455,0.896449,1.24896,4.39868,0.916705,4.0323,NONE,999.9,0,0
52.4298,44.8607,0.93772,1.2582,4.3987,0.914648,4.02326,NONE,999.9,0,0
52.4322,44.8607,0.93772,1.2582,4.3987,0.914648,4.02326,NONE,999.9,0,0
52.4359,44.8607,0.93772,1.2582,4.3987,0.914648,4.02326,NONE,999.9,0,0
52.4402,44.8756,0.979126,1.26727,4.39871,0.916805,4.03276,NONE,999.9,0,0
52.4445,44.8756,0.979126,1.26727,4.39871,0.916805,4.03276,NONE,999.9,0,0
52.4492,44.89,1.02067,1.27652,4.39872,0.914737,4.02367,NONE,999.9,0,0
52.452,44.89,1.02067,1.27652,4.39872,0.914737,4.02367,NONE,999.9,0,0
52.4573,44.89,1.02067,1.27652,4.39872,0.914737,4.02367,NONE,999.9,0,0
52.4612,44.9041,1.06234,1.28559,4.39873,0.916883,4.03312,NONE,999.9,0,0
52.464,44.9041,1.06234,1.28559,4.39873,0.916883,4.03312,NONE,999.9,0,0
52.469,44.9178,1.10414,1.29483,4.39874,0.914806,4.02399,NONE,999.9,0,0
52.4718,44.9178,1.10414,1.29483,4.39874,0.914806,4.02399,NONE,999.9,0,0
52.4762,44.9178,1.10414,1.29483,4.39874,0.914806,4.02399,NONE,999.9,0,0
52.4802,44.9311,1.14606,1.30391,4.39875,0.916944,4.03341,NONE,999.9,0,0
52.4839,44.9311,1.14606,1.30391,4.39875,0.916944,4.03341,NONE,999.9,0,0
52.4893,44.944,1.18811,1.31315,4.39876,0.91486,4.02425,NONE,999.9,0,0
52.4919,44.944,1.18811,1.31315,4.39876,0.91486,4.02425,NONE,999.9,0,0
52.4961,44.944,1.18811,1.31315,4.39876,0.91486,4.02425,NONE,999.9,0,0
52.5002,44.9566,1.23027,1.32223,4.39877,0.916991,4.03363,NONE,999.9,0,0
52.5041,44.9566,1.23027,1.32223,4.39877,0.916991,4.03363,NONE,999.9,0,0
52.5096,44.9687,1.27255,1.33147,4.39878,0.914901,4.02445,NONE,999.9,0,0
52.5123,44.9687,1.27255,1.33147,4.39878,0.914901,4.02445,NONE,999.9,0,0
52.516,44.9687,1.27255,1.33147,4.39878,0.914901,4.02445,NONE,999.9,0,0
52.5206,44.9805,1.31493,1.34054,4.39879,0.917022,4.03379,NONE,999.9,0,0
52.5242,44.9805,1.31493,1.34054,4.39879,0.917022,4.03379,NONE,999.9,0,0
52.5295,44.9919,1.35742,1.34979,4.3988,0.914923,4.02457,NONE,999.9,0,0
52.5321,44.9919,1.35742,1.34979,4.3988,0.914923,4.02457,NONE,999.9,0,0
52.5359,44.9919,1.35742,1.34979,4.3988,0.914923,4.02457,NONE,999.9,0,0
52.5403,45.0029,1.4,1.35855,4.39881,0.823347,3.62175,NONE,999.9,0,0
52.5446,45.0029,1.4,1.35855,4.39881,0.823347,3.62175,NONE,999.9,0,0
52.5501,45.0136,1.44267,1.36634,4.39882,0.755975,3.3254,NONE,999.9,0,0
52.5526,45.0136,1.44267,1.36634,4.39882,0.755975,3.3254,NONE,999.9,0,0
52.5564,45.0136,1.44267,1.36634,4.39882,0.755975,3.3254,NONE,999.9,0,0
52.5605,45.024,1.48541,1.3737,4.39883,0.700143,3.07981,NONE,999.9,0,0
52.564,45.024,1.48541,1.3737,4.39883,0.700143,3.07981,NONE,999.9,0,0
52.5691,45.0341,1.52823,1.38041,4.39884,0.660926,2.90731,NONE,999.9,0,0
52.572,45.0341,1.52823,1.38041,4.39884,0.660926,2.90731,NONE,999.9,0,0
52.5766,45.0341,1.52823,1.38041,4.39884,0.660926,2.90731,NONE,999.9,0,0
52.5802,45.0438,1.57112,1.38693,4.39885,0.627213,2.75901,NONE,999.9,0,0
52.5844,45.0438,1.57112,1.38693,4.39885,0.627213,2.75901,NONE,999.9,0,0
52.5898,45.0533,1.61408,1.393,4.39885,0.605321,2.66272,NONE,999.9,0,0
52.592,45.0533,1.61408,1.393,4.39885,0.605321,2.66272,NONE,999.9,0,0
52.5961,45.0533,1.61408,1.393,4.39885,0.605321,2.66272,NONE,999.9,0,0
52.6001,45.0624,1.65711,1.39903,4.39886,0.585134,2.57392,NONE,999.9,0,0
52.6043,45.0624,1.65711,1.39903,4.39886,0.585134,2.57392,NONE,999.9,0,0
52.6105,45.0713,1.7002,1.40474,4.39887,0.573762,2.52391,NONE,999.9,0,0
52.6129,45.0713,1.7002,1.40474,4.39887,0.573762,2.52391,NONE,999.9,0,0
52.6165,45.0713,1.7002,1.40474,4.39887,0.573762,2.52391,NONE,999.9,0,0
52.6214,45.0798,1.74335,1.4105,4.39888,0.561723,2.47095,NONE,999.9,0,0
52.6241,45.0798,1.74335,1.4105,4.39888,0.561723,2.47095,NONE,999.9,0,0
52.6289,45.0881,1.78656,1.416,4.39888,0.556632,2.44856,NONE,999.9,0,0
52.632,45.0881,1.78656,1.416,4.39888,0.556632,2.44856,NONE,999.9,0,0
52.6359,45.0881,1.78656,1.416,4.39888,0.556632,2.44856,NONE,999.9,0,0
52.6404,45.0961,1.82982,1.42162,4.39889,0.549407,2.41678,NONE,999.9,0,0
52.6445,45.0961,1.82982,1.42162,4.39889,0.549407,2.41678,NONE,999.9,0,0
52.6492,45.1038,1.87313,1.42702,4.3989,0.547983,2.41052,NONE,999.9,0,0
52.6521,45.1038,1.87313,1.42702,4.3989,0.547983,2.41052,NONE,999.9,0,0
52.6565,45.1038,1.87313,1.42702,4.3989,0.547983,2.41052,NONE,999.9,0,0
52.6616,45.1112,1.91649,1.43256,4.3989,0.543529,2.39093,NONE,999.9,0,0
52.664,45.1112,1.91649,1.43256,4.3989,0.543529,2.39093,NONE,999.9,0,0
52.6693,45.1183,1.95989,1.43791,4.39891,0.544179,2.39379,NONE,999.9,0,0
52.6719,45.1183,1.95989,1.43791,4.39891,0.544179,2.39379,NONE,999.9,0,0
52.6766,45.1183,1.95989,1.43791,4.39891,0.544179,2.39379,NONE,999.9,0,0
52.6804,45.1252,2.00334,1.44342,4.39891,0.54126,2.38096,NONE,999.9,0,0
52.6844,45.1252,2.00334,1.44342,4.39891,0.54126,2.38096,NONE,999.9,0,0
52.689,45.1318,2.04683,1.44876,4.39893,0.543018,2.38869,NONE,999.9,0,0
52.692,45.1318,2.04683,1.44876,4.39893,0.543018,2.38869,NONE,999.9,0,0
52.6959,45.1318,2.04683,1.44876,4.39893,0.543018,2.38869,NONE,999.9,0,0
52.7,45.1382,2.09036,1.45426,4.39894,0.540893,2.37936,NONE,999.9,0,0
52.7038,45.1382,2.09036,1.45426,4.39894,0.540893,2.37936,NONE,999.9,0,0
52.7093,45.1443,2.13392,1.45928,4.39895,0.449523,1.97743,NONE,999.9,0,0
52.7127,45.1443,2.13392,1.45928,4.39895,0.449523,1.97743,NONE,999.9,0,0
52.7178,45.1443,2.13392,1.45928,4.39895,0.449523,1.97743,NONE,999.9,0,0
52.7222,45.1502,2.1775,1.46334,4.39896,0.38251,1.68265,NONE,999.9,0,0
52.7239,45.1502,2.1775,1.46334,4.39896,0.38251,1.68265,NONE,999.9,0,0
52.7293,45.156,2.22111,1.46696,4.39898,0.327131,1.43904,NONE,999.9,0,0
52.7318,45.156,2.22111,1.46696,4.39898,0.327131,1.43904,NONE,999.9,0,0
52.736,45.156,2.22111,1.46696,4.39898,0.327131,1.43904,NONE,999.9,0,0
52.7402,45.1616,2.26475,1.46995,4.39899,0.288418,1.26875,NONE,999.9,0,0
52.7447,45.1616,2.26475,1.46995,4.39899,0.288418,1.26875,NONE,999.9,0,0
52.7501,45.167,2.3084,1.47274,4.399,0.255229,1.12275,NONE,999.9,0,0
52.7524,45.167,2.3084,1.47274,4.399,0.255229,1.12275,NONE,999.9,0,0
52.756,45.167,2.3084,1.47274,4.399,0.255229,1.12275,NONE,999.9,0,0
52.7603,45.1723,2.35207,1.4751,4.39901,0.23386,1.02875,NONE,999.9,0,0
52.7643,45.1723,2.35207,1.4751,4.39901,0.23386,1.02875,NONE,999.9,0,0
52.7693,45.1774,2.39577,1.47742,4.39902,0.21418,0.94218,NONE,999.9,0,0
52.772,45.1774,2.39577,1.47742,4.39902,0.21418,0.94218,NONE,999.9,0,0
52.7766,45.1774,2.39577,1.47742,4.39902,0.21418,0.94218,NONE,999.9,0,0
52.7819,45.1823,2.43948,1.47942,4.39903,0.203288,0.894271,NONE,999.9,0,0
52.784,45.1823,2.43948,1.47942,4.39903,0.203288,0.894271,NONE,999.9,0,0
52.7889,45.1871,2.48321,1.48147,4.39904,0.191698,0.843284,NONE,999.9,0,0
52.7919,45.1871,2.48321,1.48147,4.39904,0.191698,0.843284,NONE,999.9,0,0
52.7961,45.1871,2.48321,1.48147,4.39904,0.191698,0.843284,NONE,999.9,0,0
52.8011,45.1918,2.52695,1.48328,4.39904,0.18702,0.822708,NONE,999.9,0,0
52.8043,45.1918,2.52695,1.48328,4.39904,0.18702,0.822708,NONE,999.9,0,0
52.8099,45.1963,2.57071,1.4852,4.39905,0.180172,0.792585,NONE,999.9,0,0
52.8132,45.1963,2.57071,1.4852,4.39905,0.180172,0.792585,NONE,999.9,0,0
52.8171,45.1963,2.57071,1.4852,4.39905,0.180172,0.792585,NONE,999.9,0,0
52.8208,45.2007,2.61448,1.48691,4.39906,0.179088,0.787819,NONE,999.9,0,0
52.8241,45.2007,2.61448,1.48691,4.39906,0.179088,0.787819,NONE,999.9,0,0
52.8295,45.205,2.65826,1.48908,4.39907,0.268638,1.18176,NONE,999.9,0,0
52.8326,45.205,2.65826,1.48908,4.39907,0.268638,1.18176,NONE,999.9,0,0
52.8361,45.205,2.65826,1.48908,4.39907,0.268638,1.18176,NONE,999.9,0,0
52.8408,45.209,2.70206,1.4922,4.39907,0.334836,1.47297,NONE,999.9,0,0
52.8447,45.209,2.70206,1.4922,4.39907,0.334836,1.47297,NONE,999.9,0,0
52.8503,45.2129,2.74588,1.49575,4.39908,0.390114,1.71614,NONE,999.9,0,0
52.8525,45.2129,2.74588,1.49575,4.39908,0.390114,1.71614,NONE,999.9,0,0
52.8563,45.2129,2.74588,1.49575,4.39908,0.390114,1.71614,NONE,999.9,0,0
52.8607,45.2166,2.78972,1.49994,4.39909,0.429218,1.88816,NONE,999.9,0,0
52.8639,45.2166,2.78972,1.49994,4.39909,0.429218,1.88816,NONE,999.9,0,0
52.8691,45.2201,2.83357,1.50432,4.39909,0.463124,2.03732,NONE,999.9,0,0
52.8723,45.2201,2.83357,1.50432,4.39909,0.463124,2.03732,NONE,999.9,0,0
52.8768,45.2201,2.83357,1.50432,4.39909,0.463124,2.03732,NONE,999.9,0,0
52.8806,45.2234,2.87744,1.50916,4.3991,0.485412,2.13538,NONE,999.9,0,0
52.884,45.2234,2.87744,1.50916,4.3991,0.485412,2.13538,NONE,999.9,0,0
52.8893,45.2265,2.92132,1.51403,4.39911,0.506124,2.2265,NONE,999.9,0,0
52.892,45.2265,2.92132,1.51403,4.39911,0.506124,2.2265,NONE,999.9,0,0
52.8961,45.2265,2.92132,1.51403,4.39911,0.506124,2.2265,NONE,999.9,0,0
52.9003,45.2295,2.96521,1.51924,4.39911,0.518095,2.27916,NONE,999.9,0,0
52.9042,45.2295,2.96521,1.51924,4.39911,0.518095,2.27916,NONE,999.9,0,0
52.9096,45.2322,3.00911,1.52409,4.39912,0.437067,1.92271,NONE,999.9,0,0
52.9133,45.2322,3.00911,1.52409,4.39912,0.437067,1.92271,NONE,999.9,0,0
52.9166,45.2322,3.00911,1.52409,4.39912,0.437067,1.92271,NONE,999.9,0,0
52.9208,45.2349,3.05302,1.52806,4.39913,0.377517,1.66075,NONE,999.9,0,0
52.924,45.2349,3.05302,1.52806,4.39913,0.377517,1.66075,NONE,999.9,0,0
52.9292,45.2374,3.09694,1.53166,4.39913,0.327407,1.44031,NONE,999.9,0,0
52.932,45.2374,3.09694,1.53166,4.39913,0.327407,1.44031,NONE,999.9,0,0
52.9368,45.2374,3.09694,1.53166,4.39913,0.327407,1.44031,NONE,999.9,0,0
52.9434,45.2398,3.14087,1.53467,4.39914,0.292303,1.28588,NONE,999.9,0,0
52.9455,45.2398,3.14087,1.53467,4.39914,0.292303,1.28588,NONE,999.9,0,0
52.9501,45.2421,3.1848,1.53752,4.39914,0.261476,1.15027,NONE,999.9,0,0
52.9524,45.2421,3.1848,1.53752,4.39914,0.261476,1.15027,NONE,999.9,0,0
52.9561,45.2421,3.1848,1.53752,4.39914,0.261476,1.15027,NONE,999.9,0,0
52.9603,45.2442,3.22874,1.53994,4.39915,0.241544,1.06259,NONE,999.9,0,0
52.9639,45.2442,3.22874,1.53994,4.39915,0.241544,1.06259,NONE,999.9,0,0
52.9699,45.2462,3.27269,1.54234,4.39915,0.222624,0.979356,NONE,999.9,0,0
52.972,45.2462,3.27269,1.54234,4.39915,0.222624,0.979356,NONE,999.9,0,0
52.978,45.2462,3.27269,1.54234,4.39915,0.222624,0.979356,NONE,999.9,0,0
52.9812,45.2481,3.31664,1.54443,4.39916,0.212006,0.932649,NONE,999.9,0,0
52.9842,45.2481,3.31664,1.54443,4.39916,0.212006,0.932649,NONE,999.9,0,0
52.9893,45.2498,3.3606,1.54657,4.39916,0.200347,0.881358,NONE,999.9,0,0
52.9921,45.2498,3.3606,1.54657,4.39916,0.200347,0.881358,NONE,999.9,0,0
52.9959,45.2498,3.3606,1.54657,4.39916,0.200347,0.881358,NONE,999.9,0,0
53.0002,45.2515,3.40456,1.54846,4.39917,0.195368,0.859455,NONE,999.9,0,0
53.0042,45.2515,3.40456,1.54846,4.39917,0.195368,0.859455,NONE,999.9,0,0
53.0094,45.253,3.44852,1.55047,4.39917,0.188067,0.827341,NONE,999.9,0,0
53.0121,45.253,3.44852,1.55047,4.39917,0.188067,0.827341,NONE,999.9,0,0
53.016,45.253,3.44852,1.55047,4.39917,0.188067,0.827341,NONE,999.9,0,0
53.0201,45.2544,3.49249,1.55225,4.39918,0.186437,0.82017,NONE,999.9,0,0
53.0239,45.2544,3.49249,1.55225,4.39918,0.186437,0.82017,NONE,999.9,0,0
53.029,45.2557,3.53647,1.55418,4.39919,0.181698,0.799324,NONE,999.9,0,0
53.032,45.2557,3.53647,1.55418,4.39919,0.181698,0.799324,NONE,999.9,0,0
53.0368,45.2557,3.53647,1.55418,4.39919,0.181698,0.799324,NONE,999.9,0,0
53.0415,45.2569,3.58044,1.55591,4.3992,0.182016,0.800726,NONE,999.9,0,0
53.0441,45.2569,3.58044,1.55591,4.3992,0.182016,0.800726,NONE,999.9,0,0
53.0489,45.258,3.62442,1.5578,4.39921,0.178745,0.786335,NONE,999.9,0,0
53.0521,45.258,3.62442,1.5578,4.39921,0.178745,0.786335,NONE,999.9,0,0
53.0561,45.258,3.62442,1.5578,4.39921,0.178745,0.786335,NONE,999.9,0,0
53.06,45.259,3.6684,1.55951,4.39922,0.180157,0.792551,NONE,999.9,0,0
53.0646,45.259,3.6684,1.55951,4.39922,0.180157,0.792551,NONE,999.9,0,0
53.0695,45.2599,3.71238,1.56138,4.39923,0.177691,0.781703,NONE,999.9,0,0
53.0723,45.2599,3.71238,1.56138,4.39923,0.177691,0.781703,NONE,999.9,0,0
53.0767,45.2599,3.71238,1.56138,4.39923,0.177691,0.781703,NONE,999.9,0,0
53.0808,45.2607,3.75637,1.56308,4.39924,0.179687,0.790487,NONE,999.9,0,0
53.0842,45.2607,3.75637,1.56308,4.39924,0.179687,0.790487,NONE,999.9,0,0
53.0899,45.2614,3.80035,1.56495,4.39925,0.177636,0.781464,NONE,999.9,0,0
53.0918,45.2614,3.80035,1.56495,4.39925,0.177636,0.781464,NONE,999.9,0,0
53.0966,45.2614,3.80035,1.56495,4.39925,0.177636,0.781464,NONE,999.9,0,0
53.1012,45.2621,3.84434,1.56666,4.39925,0.179918,0.791506,NONE,999.9,0,0
53.104,45.2621,3.84434,1.56666,4.39925,0.179918,0.791506,NONE,999.9,0,0
53.1094,45.2626,3.88833,1.56853,4.39926,0.178056,0.783317,NONE,999.9,0,0
53.1125,45.2626,3.88833,1.56853,4.39926,0.178056,0.783317,NONE,999.9,0,0
53.1161,45.2626,3.88833,1.56853,4.39926,0.178056,0.783317,NONE,999.9,0,0
53.12,45.2631,3.93232,1.57024,4.39927,0.180457,0.793878,NONE,999.9,0,0
53.1241,45.2631,3.93232,1.57024,4.39927,0.180457,0.793878,NONE,999.9,0,0
53.1292,45.2634,3.97631,1.57212,4.39927,0.17866,0.785974,NONE,999.9,0,0
53.1321,45.2634,3.97631,1.57212,4.39927,0.17866,0.785974,NONE,999.9,0,0
53.1361,45.2634,3.97631,1.57212,4.39927,0.17866,0.785974,NONE,999.9,0,0
53.1405,45.2637,4.02031,1.57383,4.39928,0.181087,0.796653,NONE,999.9,0,0
53.1443,45.2637,4.02031,1.57383,4.39928,0.181087,0.796653,NONE,999.9,0,0
53.1496,45.2639,4.0643,1.57572,4.39929,0.17929,0.788749,NONE,999.9,0,0
53.1523,45.2639,4.0643,1.57572,4.39929,0.17929,0.788749,NONE,999.9,0,0
53.1559,45.2639,4.0643,1.57572,4.39929,0.17929,0.788749,NONE,999.9,0,0
53.1602,45.264,4.10829,1.57744,4.39929,0.181699,0.799346,NONE,999.9,0,0
53.1643,45.264,4.10829,1.57744,4.39929,0.181699,0.799346,NONE,999.9,0,0
53.1694,45.264,4.15228,1.57933,4.3993,0.179871,0.791307,NONE,999.9,0,0
53.1719,45.264,4.15228,1.57933,4.3993,0.179871,0.791307,NONE,999.9,0,0
53.1765,45.264,4.15228,1.57933,4.3993,0.179871,0.791307,NONE,999.9,0,0
53.1802,45.2639,4.19628,1.58106,4.3993,0.182242,0.801736,NONE,999.9,0,0
53.184,45.2639,4.19628,1.58106,4.3993,0.182242,0.801736,NONE,999.9,0,0
53.1892,45.2637,4.24027,1.58296,4.39931,0.180372,0.793511,NONE,999.9,0,0
53.1921,45.2637,4.24027,1.58296,4.39931,0.180372,0.793511,NONE,999.9,0,0
53.1966,45.2637,4.24027,1.58296,4.39931,0.180372,0.793511,NONE,999.9,0,0
53.2008,45.2635,4.28426,1.58469,4.39931,0.182699,0.803749,NONE,999.9,0,0
53.2039,45.2635,4.28426,1.58469,4.39931,0.182699,0.803749,NONE,999.9,0,0
53.2098,45.2632,4.32825,1.58659,4.39932,0.180786,0.795333,NONE,999.9,0,0
53.212,45.2632,4.32825,1.58659,4.39932,0.180786,0.795333,NONE,999.9,0,0
53.216,45.2632,4.32825,1.58659,4.39932,0.180786,0.795333,NONE,999.9,0,0
53.22,45.2628,4.37225,1.58801,4.39932,0.0893708,0.393171,NONE,999.9,0,0
53.2241,45.2628,4.37225,1.58801,4.39932,0.0893708,0.393171,NONE,999.9,0,0
53.2296,45.2625,4.41624,1.58846,4.39933,0.02214,0.0974013,NONE,999.9,0,0
53.232,45.2625,4.41624,1.58846,4.39933,0.02214,0.0974013,NONE,999.9,0,0
53.2362,45.2625,4.41624,1.58846,4.39933,0.02214,0.0974013,NONE,999.9,0,0
53.2403,45.2621,4.46023,1.58848,4.39933,-0.0335674,-0.147674,NONE,999.9,0,0
53.2447,45.2621,4.46023,1.58848,4.39933,-0.0335674,-0.147674,NONE,999.9,0,0
53.2492,45.2617,4.50422,1.58786,4.39934,-0.0726761,-0.319727,NONE,999.9,0,0
53.2519,45.2617,4.50422,1.58786,4.39934,-0.0726761,-0.319727,NONE,999.9,0,0
53.2562,45.2617,4.50422,1.58786,4.39934,-0.0726761,-0.319727,NONE,999.9,0,0
53.2604,45.2613,4.54821,1.58704,4.39934,-0.106294,-0.467626,NONE,999.9,0,0
53.264,45.2613,4.54821,1.58704,4.39934,-0.106294,-0.467626,NONE,999.9,0,0
53.269,45.2609,4.5922,1.58578,4.39935,-0.128104,-0.563575,NONE,999.9,0,0
53.2721,45.2609,4.5922,1.58578,4.39935,-0.128104,-0.563575,NONE,999.9,0,0
53.2763,45.2609,4.5922,1.58578,4.39935,-0.128104,-0.563575,NONE,999.9,0,0
53.2804,45.2606,4.6362,1.58447,4.39935,-0.14822,-0.652071,NONE,999.9,0,0
53.284,45.2606,4.6362,1.58447,4.39935,-0.14822,-0.652071,NONE,999.9,0,0
53.2893,45.2602,4.68019,1.58285,4.39936,-0.159529,-0.701827,NONE,999.9,0,0
53.2924,45.2602,4.68019,1.58285,4.39936,-0.159529,-0.701827,NONE,999.9,0,0
53.2961,45.2602,4.68019,1.58285,4.39936,-0.159529,-0.701827,NONE,999.9,0,0
53.3002,45.2599,4.72418,1.58127,4.39936,-0.171515,-0.754555,NONE,999.9,0,0
53.3038,45.2599,4.72418,1.58127,4.39936,-0.171515,-0.754555,NONE,999.9,0,0
53.3098,45.2596,4.76817,1.57945,4.39937,-0.176559,-0.776748,NONE,999.9,0,0
53.3119,45.2596,4.76817,1.57945,4.39937,-0.176559,-0.776748,NONE,999.9,0,0
53.316,45.2596,4.76817,1.57945,4.39937,-0.176559,-0.776748,NONE,999.9,0,0
53.3201,45.2593,4.81217,1.57773,4.39937,-0.183744,-0.808356,NONE,999.9,0,0
53.3243,45.2593,4.81217,1.57773,4.39937,-0.183744,-0.808356,NONE,999.9,0,0
53.3293,45.259,4.85616,1.5758,4.39937,-0.185134,-0.814472,NONE,999.9,0,0
53.3318,45.259,4.85616,1.5758,4.39937,-0.185134,-0.814472,NONE,999.9,0,0
53.3362,45.259,4.85616,1.5758,4.39937,-0.185134,-0.814472,NONE,999.9,0,0
53.3401,45.2588,4.90015,1.57401,4.39938,-0.189558,-0.833936,NONE,999.9,0,0
53.3443,45.2588,4.90015,1.57401,4.39938,-0.189558,-0.833936,NONE,999.9,0,0
53.3489,45.2587,4.94415,1.57203,4.39939,-0.188881,-0.830961,NONE,999.9,0,0
53.3521,45.2587,4.94415,1.57203,4.39939,-0.188881,-0.830961,NONE,999.9,0,0
53.3567,45.2587,4.94415,1.57203,4.39939,-0.188881,-0.830961,NONE,999.9,0,0
53.3602,45.2586,4.98814,1.57021,4.39939,-0.191776,-0.8437,NONE,999.9,0,0
53.3638,45.2586,4.98814,1.57021,4.39939,-0.191776,-0.8437,NONE,999.9,0,0
53.3693,45.2585,5.03213,1.56822,4.3994,-0.189987,-0.835827,NONE,999.9,0,0
53.3719,45.2585,5.03213,1.56822,4.3994,-0.189987,-0.835827,NONE,999.9,0,0
53.3763,45.2585,5.03213,1.56822,4.3994,-0.189987,-0.835827,NONE,999.9,0,0
53.3802,45.2585,5.07613,1.56671,4.39941,-0.0983869,-0.432844,NONE,999.9,0,0
53.3844,45.2585,5.07613,1.56671,4.39941,-0.0983869,-0.432844,NONE,999.9,0,0
53.3895,45.2585,5.12012,1.56616,4.39942,-0.0307636,-0.135342,NONE,999.9,0,0
53.392,45.2585,5.12012,1.56616,4.39942,-0.0307636,-0.135342,NONE,999.9,0,0
53.3963,45.2585,5.12012,1.56616,4.39942,-0.0307636,-0.135342,NONE,999.9,0,0
53.4001,45.2584,5.16412,1.56606,4.39942,0.025467,0.11204,NONE,999.9,0,0
53.4042,45.2584,5.16412,1.56606,4.39942,0.025467,0.11204,NONE,999.9,0,0
53.4109,45.2584,5.20811,1.56661,4.39943,0.0651732,0.286725,NONE,999.9,0,0
53.4124,45.2584,5.20811,1.56661,4.39943,0.0651732,0.286725,NONE,999.9,0,0
53.4161,45.2584,5.20811,1.56661,4.39943,0.0651732,0.286725,NONE,999.9,0,0
53.4205,45.2583,5.2521,1.56736,4.39943,0.0994224,0.437402,NONE,999.9,0,0
53.4239,45.2583,5.2521,1.56736,4.39943,0.0994224,0.437402,NONE,999.9,0,0
53.4297,45.2582,5.2961,1.56855,4.39944,0.121867,0.536149,NONE,999.9,0,0
53.432,45.2582,5.2961,1.56855,4.39944,0.121867,0.536149,NONE,999.9,0,0
53.4363,45.2582,5.2961,1.56855,4.39944,0.121867,0.536149,NONE,999.9,0,0
53.4403,45.2581,5.34009,1.5698,4.39945,0.142603,0.627373,NONE,999.9,0,0
53.4445,45.2581,5.34009,1.5698,4.39945,0.142603,0.627373,NONE,999.9,0,0
53.4496,45.258,5.38409,1.57137,4.39945,0.154503,0.679728,NONE,999.9,0,0
53.4523,45.258,5.38409,1.57137,4.39945,0.154503,0.679728,NONE,999.9,0,0
53.4565,45.258,5.38409,1.57137,4.39945,0.154503,0.679728,NONE,999.9,0,0
53.4611,45.2578,5.42808,1.5729,4.39946,0.167041,0.734891,NONE,999.9,0,0
53.4649,45.2578,5.42808,1.5729,4.39946,0.167041,0.734891,NONE,999.9,0,0
53.4692,45.2576,5.47208,1.57468,4.39946,0.172597,0.759334,NONE,999.9,0,0
53.4722,45.2576,5.47208,1.57468,4.39946,0.172597,0.759334,NONE,999.9,0,0
53.4767,45.2576,5.47208,1.57468,4.39946,0.172597,0.759334,NONE,999.9,0,0
53.4827,45.2574,5.51607,1.57636,4.39947,0.180249,0.793,NONE,999.9,0,0
53.4859,45.2574,5.51607,1.57636,4.39947,0.180249,0.793,NONE,999.9,0,0
53.4898,45.2571,5.56006,1.57826,4.39947,0.182063,0.80098,NONE,999.9,0,0
53.4923,45.2571,5.56006,1.57826,4.39947,0.182063,0.80098,NONE,999.9,0,0
53.4961,45.2571,5.56006,1.57826,4.39947,0.182063,0.80098,NONE,999.9,0,0
53.5005,45.2568,5.60406,1.5797,4.39947,0.0931682,0.409891,NONE,999.9,0,0
53.5043,45.2568,5.60406,1.5797,4.39947,0.0931682,0.409891,NONE,999.9,0,0
53.5098,45.2566,5.64805,1.58021,4.39948,0.0275549,0.121227,NONE,999.9,0,0
53.5123,45.2566,5.64805,1.58021,4.39948,0.0275549,0.121227,NONE,999.9,0,0
53.5167,45.2566,5.64805,1.58021,4.39948,0.0275549,0.121227,NONE,999.9,0,0
53.5224,45.2564,5.69204,1.58028,4.39948,-0.0272021,-0.119675,NONE,999.9,0,0
53.5244,45.2564,5.69204,1.58028,4.39948,-0.0272021,-0.119675,NONE,999.9,0,0
53.5298,45.2561,5.73604,1.57972,4.39949,-0.0658462,-0.289689,NONE,999.9,0,0
53.5322,45.2561,5.73604,1.57972,4.39949,-0.0658462,-0.289689,NONE,999.9,0,0
53.5368,45.2561,5.73604,1.57972,4.39949,-0.0658462,-0.289689,NONE,999.9,0,0
53.5434,45.2559,5.78003,1.57898,4.39949,-0.0993467,-0.437075,NONE,999.9,0,0
53.5461,45.2559,5.78003,1.57898,4.39949,-0.0993467,-0.437075,NONE,999.9,0,0
53.5502,45.2558,5.82403,1.57778,4.3995,-0.12128,-0.53357,NONE,999.9,0,0
53.5522,45.2558,5.82403,1.57778,4.3995,-0.12128,-0.53357,NONE,999.9,0,0
53.5563,45.2558,5.82403,1.57778,4.3995,-0.12128,-0.53357,NONE,999.9,0,0
53.5609,45.2556,5.86802,1.57655,4.3995,-0.141681,-0.623326,NONE,999.9,0,0
53.5645,45.2556,5.86802,1.57655,4.3995,-0.141681,-0.623326,NONE,999.9,0,0
53.5692,45.2555,5.91202,1.57498,4.39951,-0.153379,-0.674793,NONE,999.9,0,0
53.5719,45.2555,5.91202,1.57498,4.39951,-0.153379,-0.674793,NONE,999.9,0,0
53.5765,45.2555,5.91202,1.57498,4.39951,-0.153379,-0.674793,NONE,999.9,0,0
53.5802,45.2554,5.95601,1.57347,4.39952,-0.165812,-0.729494,NONE,999.9,0,0
53.5844,45.2554,5.95601,1.57347,4.39952,-0.165812,-0.729494,NONE,999.9,0,0
53.5891,45.2554,6.00001,1.5717,4.39952,-0.171332,-0.75378,NONE,999.9,0,0
53.5919,45.2554,6.00001,1.5717,4.39952,-0.171332,-0.75378,NONE,999.9,0,0
53.5962,45.2554,6.00001,1.5717,4.39952,-0.171332,-0.75378,NONE,999.9,0,0
53.601,45.2553,6.044,1.57003,4.39952,-0.178997,-0.787502,NONE,999.9,0,0
53.6046,45.2553,6.044,1.57003,4.39952,-0.178997,-0.787502,NONE,999.9,0,0
53.6097,45.2554,6.088,1.56814,4.39952,-0.180857,-0.795683,NONE,999.9,0,0
53.6122,45.2554,6.088,1.56814,4.39952,-0.180857,-0.795683,NONE,999.9,0,0
53.6161,45.2554,6.088,1.56814,4.39952,-0.180857,-0.795683,NONE,999.9,0,0
53.6207,45.2555,6.13199,1.5664,4.39953,-0.185729,-0.817119,NONE,999.9,0,0
53.6241,45.2555,6.13199,1.5664,4.39953,-0.185729,-0.817119,NONE,999.9,0,0
53.6294,45.2556,6.17599,1.56445,4.39953,-0.185474,-0.815998,NONE,999.9,0,0
53.6321,45.2556,6.17599,1.56445,4.39953,-0.185474,-0.815998,NONE,999.9,0,0
53.6365,45.2556,6.17599,1.56445,4.39953,-0.185474,-0.815998,NONE,999.9,0,0
53.6431,45.2558,6.21998,1.56298,4.39953,-0.0950585,-0.418213,NONE,999.9,0,0
53.6483,45.2558,6.21998,1.56298,4.39953,-0.0950585,-0.418213,NONE,999.9,0,0
53.6513,45.2559,6.26398,1.56247,4.39953,-0.0283456,-0.124707,NONE,999.9,0,0
53.6535,45.2559,6.26398,1.56247,4.39953,-0.0283456,-0.124707,NONE,999.9,0,0
53.6559,45.2559,6.26398,1.56247,4.39953,-0.0283456,-0.124707,NONE,999.9,0,0
53.6602,45.256,6.30797,1.56239,4.39954,0.0271895,0.119621,NONE,999.9,0,0
53.6643,45.256,6.30797,1.56239,4.39954,0.0271895,0.119621,NONE,999.9,0,0
53.6697,45.2561,6.35197,1.56295,4.39954,0.066368,0.291989,NONE,999.9,0,0
53.6722,45.2561,6.35197,1.56295,4.39954,0.066368,0.291989,NONE,999.9,0,0
53.6777,45.2561,6.35197,1.56295,4.39954,0.066368,0.291989,NONE,999.9,0,0
53.6818,45.2563,6.39596,1.5637,4.39954,0.10022,0.440923,NONE,999.9,0,0
53.6841,45.2563,6.39596,1.5637,4.39954,0.10022,0.440923,NONE,999.9,0,0
53.6892,45.2563,6.43996,1.56491,4.39955,0.122369,0.53837,NONE,999.9,0,0
53.6919,45.2563,6.43996,1.56491,4.39955,0.122369,0.53837,NONE,999.9,0,0
53.6959,45.2563,6.43996,1.56491,4.39955,0.122369,0.53837,NONE,999.9,0,0
53.7,45.2564,6.48396,1.56615,4.39955,0.142887,0.628638,NONE,999.9,0,0
53.7045,45.2564,6.48396,1.56615,4.39955,0.142887,0.628638,NONE,999.9,0,0
53.7096,45.2564,6.52795,1.56773,4.39956,0.154629,0.680301,NONE,999.9,0,0
53.7121,45.2564,6.52795,1.56773,4.39956,0.154629,0.680301,NONE,999.9,0,0
53.7162,45.2564,6.52795,1.56773,4.39956,0.154629,0.680301,NONE,999.9,0,0
53.7204,45.2565,6.57195,1.56926,4.39956,0.167056,0.734973,NONE,999.9,0,0
53.7243,45.2565,6.57195,1.56926,4.39956,0.167056,0.734973,NONE,999.9,0,0
53.7289,45.2564,6.61594,1.57104,4.39957,0.172535,0.759079,NONE,999.9,0,0
53.7321,45.2564,6.61594,1.57104,4.39957,0.172535,0.759079,NONE,999.9,0,0
53.7365,45.2564,6.61594,1.57104,4.39957,0.172535,0.759079,NONE,999.9,0,0
53.7403,45.2564,6.65994,1.57272,4.39957,0.180136,0.792521,NONE,999.9,0,0
53.7445,45.2564,6.65994,1.57272,4.39957,0.180136,0.792521,NONE,999.9,0,0
53.749,45.2563,6.70393,1.57462,4.39958,0.181918,0.800364,NONE,999.9,0,0
53.7519,45.2563,6.70393,1.57462,4.39958,0.181918,0.800364,NONE,999.9,0,0
53.7559,45.2563,6.70393,1.57462,4.39958,0.181918,0.800364,NONE,999.9,0,0
53.7601,45.2561,6.74793,1.57638,4.39958,0.186706,0.82143,NONE,999.9,0,0
53.7639,45.2561,6.74793,1.57638,4.39958,0.186706,0.82143,NONE,999.9,0,0
53.7691,45.2559,6.79192,1.57833,4.39959,0.186365,0.819929,NONE,999.9,0,0
53.7724,45.2559,6.79192,1.57833,4.39959,0.186365,0.819929,NONE,999.9,0,0
53.7764,45.2559,6.79192,1.57833,4.39959,0.186365,0.819929,NONE,999.9,0,0
53.781,45.2557,6.83592,1.5798,4.39959,0.0958644,0.421764,NONE,999.9,0,0
53.7845,45.2557,6.83592,1.5798,4.39959,0.0958644,0.421764,NONE,999.9,0,0
53.789,45.2555,6.87992,1.58033,4.39959,0.029069,0.127892,NONE,999.9,0,0
53.7922,45.2555,6.87992,1.58033,4.39959,0.029069,0.127892,NONE,999.9,0,0
53.796,45.2555,6.87992,1.58033,4.39959,0.029069,0.127892,NONE,999.9,0,0
53.8003,45.2553,6.92391,1.58042,4.3996,-0.0265439,-0.116783,NONE,999.9,0,0
53.8048,45.2553,6.92391,1.58042,4.3996,-0.0265439,-0.116783,NONE,999.9,0,0
53.8094,45.2551,6.96791,1.57986,4.3996,-0.0657951,-0.289472,NONE,999.9,0,0
53.8125,45.2551,6.96791,1.57986,4.3996,-0.0657951,-0.289472,NONE,999.9,0,0
53.8162,45.2551,6.96791,1.57986,4.3996,-0.0657951,-0.289472,NONE,999.9,0,0
53.8201,45.2549,7.0119,1.57911,4.3996,-0.0997141,-0.438702,NONE,999.9,0,0
53.8245,45.2549,7.0119,1.57911,4.3996,-0.0997141,-0.438702,NONE,999.9,0,0
53.8291,45.2548,7.0559,1.57791,4.39961,-0.121924,-0.536419,NONE,999.9,0,0
53.8333,45.2548,7.0559,1.57791,4.39961,-0.121924,-0.536419,NONE,999.9,0,0
53.836,45.2548,7.0559,1.57791,4.39961,-0.121924,-0.536419,NONE,999.9,0,0
53.8402,45.2547,7.09989,1.57667,4.39961,-0.142497,-0.626931,NONE,999.9,0,0
53.8443,45.2547,7.09989,1.57667,4.39961,-0.142497,-0.626931,NONE,999.9,0,0
53.8498,45.2546,7.14389,1.5751,4.39961,-0.154289,-0.678812,NONE,999.9,0,0
53.8523,45.2546,7.14389,1.5751,4.39961,-0.154289,-0.678812,NONE,999.9,0,0
53.8564,45.2546,7.14389,1.5751,4.39961,-0.154289,-0.678812,NONE,999.9,0,0
53.86,45.2545,7.18789,1.57358,4.39961,-0.16676,-0.733679,NONE,999.9,0,0
53.8642,45.2545,7.18789,1.57358,4.39961,-0.16676,-0.733679,NONE,999.9,0,0
53.8695,45.2545,7.23188,1.57179,4.39962,-0.172278,-0.757957,NONE,999.9,0,0
53.8721,45.2545,7.23188,1.57179,4.39962,-0.172278,-0.757957,NONE,999.9,0,0
53.8765,45.2545,7.23188,1.57179,4.39962,-0.172278,-0.757957,NONE,999.9,0,0
53.8801,45.2545,7.27588,1.57012,4.39962,-0.179913,-0.791551,NONE,999.9,0,0
53.8842,45.2545,7.27588,1.57012,4.39962,-0.179913,-0.791551,NONE,999.9,0,0
53.8892,45.2545,7.31987,1.56822,4.39962,-0.181725,-0.799524,NONE,999.9,0,0
53.8924,45.2545,7.31987,1.56822,4.39962,-0.181725,-0.799524,NONE,999.9,0,0
53.8966,45.2545,7.31987,1.56822,4.39962,-0.181725,-0.799524,NONE,999.9,0,0
53.9006,45.2546,7.36387,1.56678,4.39963,-0.0928397,-0.408461,NONE,999.9,0,0
53.9042,45.2546,7.36387,1.56678,4.39963,-0.0928397,-0.408461,NONE,999.9,0,0
53.9094,45.2546,7.40787,1.56628,4.39964,-0.0272415,-0.119853,NONE,999.9,0,0
53.912,45.2546,7.40787,1.56628,4.39964,-0.0272415,-0.119853,NONE,999.9,0,0
53.9159,45.2546,7.40787,1.56628,4.39964,-0.0272415,-0.119853,NONE,999.9,0,0
53.9202,45.2546,7.45186,1.56621,4.39964,0.0274962,0.120973,NONE,999.9,0,0
53.9239,45.2546,7.45186,1.56621,4.39964,0.0274962,0.120973,NONE,999.9,0,0
53.9296,45.2546,7.49586,1.56677,4.39964,0.066119,0.2909,NONE,999.9,0,0
53.9324,45.2546,7.49586,1.56677,4.39964,0.066119,0.2909,NONE,999.9,0,0
53.9371,45.2546,7.49586,1.56677,4.39964,0.066119,0.2909,NONE,999.9,0,0
53.9417,45.2546,7.53986,1.56752,4.39965,0.0995972,0.438192,NONE,999.9,0,0
53.9442,45.2546,7.53986,1.56752,4.39965,0.0995972,0.438192,NONE,999.9,0,0
53.949,45.2546,7.58385,1.56872,4.39965,0.121508,0.534595,NONE,999.9,0,0
53.952,45.2546,7.58385,1.56872,4.39965,0.121508,0.534595,NONE,999.9,0,0
53.956,45.2546,7.58385,1.56872,4.39965,0.121508,0.534595,NONE,999.9,0,0
53.9604,45.2545,7.62785,1.56995,4.39965,0.141888,0.624259,NONE,999.9,0,0
53.9642,45.2545,7.62785,1.56995,4.39965,0.141888,0.624259,NONE,999.9,0,0
53.9692,45.2544,7.67185,1.57152,4.39965,0.153566,0.675637,NONE,999.9,0,0
53.9718,45.2544,7.67185,1.57152,4.39965,0.153566,0.675637,NONE,999.9,0,0
53.9762,45.2544,7.67185,1.57152,4.39965,0.153566,0.675637,NONE,999.9,0,0
53.9799,45.2543,7.71584,1.57303,4.39965,0.16598,0.730253,NONE,999.9,0,0
53.984,45.2543,7.71584,1.57303,4.39965,0.16598,0.730253,NONE,999.9,0,0
53.9892,45.2541,7.75984,1.57481,4.39966,0.171481,0.754459,NONE,999.9,0,0
53.9921,45.2541,7.75984,1.57481,4.39966,0.171481,0.754459,NONE,999.9,0,0
53.9965,45.2541,7.75984,1.57481,4.39966,0.171481,0.754459,NONE,999.9,0,0
54.0007,45.2539,7.80383,1.57648,4.39966,0.179129,0.788108,NONE,999.9,0,0
54.0047,45.2539,7.80383,1.57648,4.39966,0.179129,0.788108,NONE,999.9,0,0
54.0093,45.2536,7.84783,1.57836,4.39966,0.180974,0.796223,NONE,999.9,0,0
54.012,45.2536,7.84783,1.57836,4.39966,0.180974,0.796223,NONE,999.9,0,0
54.0161,45.2536,7.84783,1.57836,4.39966,0.180974,0.796223,NONE,999.9,0,0
54.0205,45.2534,7.89183,1.57995,4.39966,0.138982,0.611472,NONE,999.9,0,0
54.0244,45.2534,7.89183,1.57995,4.39966,0.138982,0.611472,NONE,999.9,0,0
54.0296,45.2531,7.93582,1.58101,4.39966,0.0592233,0.260563,NONE,999.9,0,0
54.032,45.2531,7.93582,1.58101,4.39966,0.0592233,0.260563,NONE,999.9,0,0
54.0361,45.2531,7.93582,1.58101,4.39966,0.0592233,0.260563,NONE,999.9,0,0
54.0401,45.2528,7.97982,1.58122,4.39966,0.000878129,0.00386347,NONE,999.9,0,0
54.0446,45.2528,7.97982,1.58122,4.39966,0.000878129,0.00386347,NONE,999.9,0,0
54.0498,45.2526,8.02381,1.58106,4.39967,-0.0481062,-0.211651,NONE,999.9,0,0
54.0526,45.2526,8.02381,1.58106,4.39967,-0.0481062,-0.211651,NONE,999.9,0,0
54.0562,45.2526,8.02381,1.58106,4.39967,-0.0481062,-0.211651,NONE,999.9,0,0
54.0617,45.2524,8.06781,1.58031,4.39967,-0.0821741,-0.361539,NONE,999.9,0,0
54.0644,45.2524,8.06781,1.58031,4.39967,-0.0821741,-0.361539,NONE,999.9,0,0
54.0692,45.2521,8.11181,1.57942,4.39968,-0.112054,-0.493002,NONE,999.9,0,0
54.0719,45.2521,8.11181,1.57942,4.39968,-0.112054,-0.493002,NONE,999.9,0,0
54.0762,45.2521,8.11181,1.57942,4.39968,-0.112054,-0.493002,NONE,999.9,0,0
54.0802,45.252,8.1558,1.57811,4.39968,-0.131129,-0.576928,NONE,999.9,0,0
54.0841,45.252,8.1558,1.57811,4.39968,-0.131129,-0.576928,NONE,999.9,0,0
54.0891,45.2518,8.1998,1.57679,4.39968,-0.14928,-0.656785,NONE,999.9,0,0
54.0921,45.2518,8.1998,1.57679,4.39968,-0.14928,-0.656785,NONE,999.9,0,0
54.0964,45.2518,8.1998,1.57679,4.39968,-0.14928,-0.656785,NONE,999.9,0,0
54.1001,45.2517,8.24379,1.57516,4.39969,-0.15921,-0.700476,NONE,999.9,0,0
54.1047,45.2517,8.24379,1.57516,4.39969,-0.15921,-0.700476,NONE,999.9,0,0
54.1092,45.2515,8.28779,1.5736,4.39969,-0.170259,-0.749085,NONE,999.9,0,0
54.1119,45.2515,8.28779,1.5736,4.39969,-0.170259,-0.749085,NONE,999.9,0,0
54.1159,45.2515,8.28779,1.5736,4.39969,-0.170259,-0.749085,NONE,999.9,0,0
54.1204,45.2515,8.33179,1.57179,4.39969,-0.174698,-0.768616,NONE,999.9,0,0
54.1246,45.2515,8.33179,1.57179,4.39969,-0.174698,-0.768616,NONE,999.9,0,0
54.1291,45.2514,8.37579,1.57025,4.3997,-0.134671,-0.592512,NONE,999.9,0,0
54.1319,45.2514,8.37579,1.57025,4.3997,-0.134671,-0.592512,NONE,999.9,0,0
54.136,45.2514,8.37579,1.57025,4.3997,-0.134671,-0.592512,NONE,999.9,0,0
54.14,45.2514,8.41978,1.56922,4.3997,-0.0563888,-0.248094,NONE,999.9,0,0
54.1442,45.2514,8.41978,1.56922,4.3997,-0.0563888,-0.248094,NONE,999.9,0,0
54.1495,45.2513,8.46378,1.56904,4.3997,0.000860269,0.00378493,NONE,999.9,0,0
54.1522,45.2513,8.46378,1.56904,4.3997,0.000860269,0.00378493,NONE,999.9,0,0
54.1567,45.2513,8.46378,1.56904,4.3997,0.000860269,0.00378493,NONE,999.9,0,0
54.1601,45.2512,8.50778,1.56922,4.3997,0.0490414,0.215768,NONE,999.9,0,0
54.164,45.2512,8.50778,1.56922,4.3997,0.0490414,0.215768,NONE,999.9,0,0
54.1713,45.2511,8.55177,1.56997,4.39971,0.0825307,0.363111,NONE,999.9,0,0
54.1741,45.2511,8.55177,1.56997,4.39971,0.0825307,0.363111,NONE,999.9,0,0
54.1762,45.2511,8.55177,1.56997,4.39971,0.0825307,0.363111,NONE,999.9,0,0
54.18,45.251,8.59577,1.57086,4.39971,0.112003,0.492781,NONE,999.9,0,0
54.1843,45.251,8.59577,1.57086,4.39971,0.112003,0.492781,NONE,999.9,0,0
54.1897,45.2508,8.63977,1.57217,4.39971,0.1308,0.575484,NONE,999.9,0,0
54.1919,45.2508,8.63977,1.57217,4.39971,0.1308,0.575484,NONE,999.9,0,0
54.1963,45.2508,8.63977,1.57217,4.39971,0.1308,0.575484,NONE,999.9,0,0
54.2003,45.2506,8.68376,1.57348,4.39971,0.14877,0.654544,NONE,999.9,0,0
54.2043,45.2506,8.68376,1.57348,4.39971,0.14877,0.654544,NONE,999.9,0,0
54.2107,45.2504,8.72776,1.57511,4.39972,0.158591,0.697755,NONE,999.9,0,0
54.2124,45.2504,8.72776,1.57511,4.39972,0.158591,0.697755,NONE,999.9,0,0
54.2162,45.2504,8.72776,1.57511,4.39972,0.158591,0.697755,NONE,999.9,0,0
54.2204,45.2501,8.77176,1.57666,4.39972,0.169582,0.746115,NONE,999.9,0,0
54.224,45.2501,8.77176,1.57666,4.39972,0.169582,0.746115,NONE,999.9,0,0
54.2295,45.2498,8.81575,1.57847,4.39972,0.174003,0.765562,NONE,999.9,0,0
54.2319,45.2498,8.81575,1.57847,4.39972,0.174003,0.765562,NONE,999.9,0,0
54.2358,45.2498,8.81575,1.57847,4.39972,0.174003,0.765562,NONE,999.9,0,0
54.24,45.2495,8.85975,1.58016,4.39972,0.180834,0.795619,NONE,999.9,0,0
54.2442,45.2495,8.85975,1.58016,4.39972,0.180834,0.795619,NONE,999.9,0,0
54.2495,45.2491,8.90374,1.58206,4.39973,0.182067,0.801046,NONE,999.9,0,0
54.252,45.2491,8.90374,1.58206,4.39973,0.182067,0.801046,NONE,999.9,0,0
54.2568,45.2491,8.90374,1.58206,4.39973,0.182067,0.801046,NONE,999.9,0,0
54.2602,45.2487,8.94774,1.5835,4.39973,0.0927736,0.408179,NONE,999.9,0,0
54.264,45.2487,8.94774,1.5835,4.39973,0.0927736,0.408179,NONE,999.9,0,0
54.2689,45.2483,8.99174,1.584,4.39973,0.0268969,0.118339,NONE,999.9,0,0
54.2719,45.2483,8.99174,1.584,4.39973,0.0268969,0.118339,NONE,999.9,0,0
54.2762,45.2483,8.99174,1.584,4.39973,0.0268969,0.118339,NONE,999.9,0,0
54.2803,45.2479,9.03573,1.58407,4.39973,-0.028022,-0.123289,NONE,999.9,0,0
54.2847,45.2479,9.03573,1.58407,4.39973,-0.028022,-0.123289,NONE,999.9,0,0
54.2893,45.2476,9.07973,1.5835,4.39974,-0.0667538,-0.293699,NONE,999.9,0,0
54.2919,45.2476,9.07973,1.5835,4.39974,-0.0667538,-0.293699,NONE,999.9,0,0
54.296,45.2476,9.07973,1.5835,4.39974,-0.0667538,-0.293699,NONE,999.9,0,0
54.3002,45.2472,9.12372,1.58274,4.39974,-0.100288,-0.441242,NONE,999.9,0,0
54.304,45.2472,9.12372,1.58274,4.39974,-0.100288,-0.441242,NONE,999.9,0,0
54.3104,45.2469,9.16772,1.58154,4.39974,-0.122218,-0.537728,NONE,999.9,0,0
54.3136,45.2469,9.16772,1.58154,4.39974,-0.122218,-0.537728,NONE,999.9,0,0
54.316,45.2469,9.16772,1.58154,4.39974,-0.122218,-0.537728,NONE,999.9,0,0
54.3203,45.2466,9.21172,1.5803,4.39974,-0.14259,-0.627359,NONE,999.9,0,0
54.3241,45.2466,9.21172,1.5803,4.39974,-0.14259,-0.627359,NONE,999.9,0,0
54.3295,45.2463,9.25571,1.57873,4.39974,-0.154242,-0.678624,NONE,999.9,0,0
54.332,45.2463,9.25571,1.57873,4.39974,-0.154242,-0.678624,NONE,999.9,0,0
54.3359,45.2463,9.25571,1.57873,4.39974,-0.154242,-0.678624,NONE,999.9,0,0
54.34,45.2461,9.29971,1.5772,4.39974,-0.166618,-0.733075,NONE,999.9,0,0
54.3447,45.2461,9.29971,1.5772,4.39974,-0.166618,-0.733075,NONE,999.9,0,0
54.3494,45.2459,9.34371,1.57542,4.39975,-0.172075,-0.757087,NONE,999.9,0,0
54.353,45.2459,9.34371,1.57542,4.39975,-0.172075,-0.757087,NONE,999.9,0,0
54.3565,45.2459,9.34371,1.57542,4.39975,-0.172075,-0.757087,NONE,999.9,0,0
54.36,45.2457,9.3877,1.57375,4.39975,-0.179675,-0.790525,NONE,999.9,0,0
54.3641,45.2457,9.3877,1.57375,4.39975,-0.179675,-0.790525,NONE,999.9,0,0
54.3693,45.2456,9.4317,1.57186,4.39975,-0.181471,-0.798426,NONE,999.9,0,0
54.3719,45.2456,9.4317,1.57186,4.39975,-0.181471,-0.798426,NONE,999.9,0,0
54.3764,45.2456,9.4317,1.57186,4.39975,-0.181471,-0.798426,NONE,999.9,0,0
54.3806,45.2455,9.4757,1.5701,4.39975,-0.186281,-0.819592,NONE,999.9,0,0
54.384,45.2455,9.4757,1.5701,4.39975,-0.186281,-0.819592,NONE,999.9,0,0
54.3893,45.2455,9.5197,1.56815,4.39975,-0.185968,-0.818212,NONE,999.9,0,0
54.3918,45.2455,9.5197,1.56815,4.39975,-0.185968,-0.818212,NONE,999.9,0,0
54.3959,45.2455,9.5197,1.56815,4.39975,-0.185968,-0.818212,NONE,999.9,0,0
54.4002,45.2456,9.56369,1.56652,4.39976,-0.142348,-0.626295,NONE,999.9,0,0
54.4042,45.2456,9.56369,1.56652,4.39976,-0.142348,-0.626295,NONE,999.9,0,0
54.4099,45.2456,9.60769,1.56543,4.39976,-0.0613733,-0.270028,NONE,999.9,0,0
54.4122,45.2456,9.60769,1.56543,4.39976,-0.0613733,-0.270028,NONE,999.9,0,0
54.4162,45.2456,9.60769,1.56543,4.39976,-0.0613733,-0.270028,NONE,999.9,0,0
54.4211,45.2456,9.65169,1.56521,4.39976,-0.00212979,-0.00937056,NONE,999.9,0,0
54.424,45.2456,9.65169,1.56521,4.39976,-0.00212979,-0.00937056,NONE,999.9,0,0
54.4292,45.2456,9.69569,1.56537,4.39976,0.0475083,0.209025,NONE,999.9,0,0
54.432,45.2456,9.69569,1.56537,4.39976,0.0475083,0.209025,NONE,999.9,0,0
54.4364,45.2456,9.69569,1.56537,4.39976,0.0475083,0.209025,NONE,999.9,0,0
54.4426,45.2456,9.73968,1.56611,4.39977,0.0820427,0.360969,NONE,999.9,0,0
54.445,45.2456,9.73968,1.56611,4.39977,0.0820427,0.360969,NONE,999.9,0,0
54.4489,45.2455,9.78368,1.567,4.39977,0.112247,0.49386,NONE,999.9,0,0
54.4522,45.2455,9.78368,1.567,4.39977,0.112247,0.49386,NONE,999.9,0,0
54.4561,45.2455,9.78368,1.567,4.39977,0.112247,0.49386,NONE,999.9,0,0
54.4606,45.2455,9.82768,1.56831,4.39977,0.131539,0.578743,NONE,999.9,0,0
54.4639,45.2455,9.82768,1.56831,4.39977,0.131539,0.578743,NONE,999.9,0,0
54.469,45.2454,9.87168,1.56964,4.39977,0.149827,0.659205,NONE,999.9,0,0
54.4725,45.2454,9.87168,1.56964,4.39977,0.149827,0.659205,NONE,999.9,0,0
54.4766,45.2454,9.87168,1.56964,4.39977,0.149827,0.659205,NONE,999.9,0,0
54.4802,45.2453,9.91567,1.57127,4.39978,0.159836,0.703241,NONE,999.9,0,0
54.484,45.2453,9.91567,1.57127,4.39978,0.159836,0.703241,NONE,999.9,0,0
54.489,45.2452,9.95967,1.57284,4.39978,0.170919,0.752007,NONE,999.9,0,0
54.4919,45.2452,9.95967,1.57284,4.39978,0.170919,0.752007,NONE,999.9,0,0
54.4959,45.2452,9.95967,1.57284,4.39978,0.170919,0.752007,NONE,999.9,0,0
54.5001,45.245,10.0037,1.57466,4.39978,0.175363,0.77156,NONE,999.9,0,0
54.5045,45.245,10.0037,1.57466,4.39978,0.175363,0.77156,NONE,999.9,0,0
54.5097,45.2448,10.0477,1.57636,4.39978,0.182171,0.801514,NONE,999.9,0,0
54.5122,45.2448,10.0477,1.57636,4.39978,0.182171,0.801514,NONE,999.9,0,0
54.5165,45.2448,10.0477,1.57636,4.39978,0.182171,0.801514,NONE,999.9,0,0
54.5203,45.2446,10.0917,1.57828,4.39978,0.18335,0.8067,NONE,999.9,0,0
54.5241,45.2446,10.0917,1.57828,4.39978,0.18335,0.8067,NONE,999.9,0,0
54.5291,45.2443,10.1357,1.57973,4.39979,0.09398,0.413492,NONE,999.9,0,0
54.5322,45.2443,10.1357,1.57973,4.39979,0.09398,0.413492,NONE,999.9,0,0
54.5361,45.2443,10.1357,1.57973,4.39979,0.09398,0.413492,NONE,999.9,0,0
54.5404,45.2441,10.1797,1.58024,4.39979,0.0280156,0.123263,NONE,999.9,0,0
54.5459,45.2441,10.1797,1.58024,4.39979,0.0280156,0.123263,NONE,999.9,0,0
54.5505,45.2438,10.2237,1.58032,4.39979,-0.0269966,-0.118779,NONE,999.9,0,0
54.5527,45.2438,10.2237,1.58032,4.39979,-0.0269966,-0.118779,NONE,999.9,0,0
54.556,45.2438,10.2237,1.58032,4.39979,-0.0269966,-0.118779,NONE,999.9,0,0
54.5603,45.2436,10.2677,1.57976,4.39979,-0.0658227,-0.289606,NONE,999.9,0,0
54.5647,45.2436,10.2677,1.57976,4.39979,-0.0658227,-0.289606,NONE,999.9,0,0
54.5702,45.2434,10.3116,1.57901,4.39979,-0.0994494,-0.437557,NONE,999.9,0,0
54.5729,45.2434,10.3116,1.57901,4.39979,-0.0994494,-0.437557,NONE,999.9,0,0
54.5768,45.2434,10.3116,1.57901,4.39979,-0.0994494,-0.437557,NONE,999.9,0,0
54.5819,45.2433,10.3556,1.57782,4.39979,-0.121467,-0.534431,NONE,999.9,0,0
54.5846,45.2433,10.3556,1.57782,4.39979,-0.121467,-0.534431,NONE,999.9,0,0
54.5893,45.2431,10.3996,1.57658,4.3998,-0.141921,-0.624426,NONE,999.9,0,0
54.5921,45.2431,10.3996,1.57658,4.3998,-0.141921,-0.624426,NONE,999.9,0,0
54.5962,45.2431,10.3996,1.57658,4.3998,-0.141921,-0.624426,NONE,999.9,0,0
54.6002,45.243,10.4436,1.57502,4.3998,-0.15365,-0.676027,NONE,999.9,0,0
54.6042,45.243,10.4436,1.57502,4.3998,-0.15365,-0.676027,NONE,999.9,0,0
54.6094,45.2429,10.4876,1.5735,4.3998,-0.166095,-0.730786,NONE,999.9,0,0
54.612,45.2429,10.4876,1.5735,4.3998,-0.166095,-0.730786,NONE,999.9,0,0
54.6161,45.2429,10.4876,1.5735,4.3998,-0.166095,-0.730786,NONE,999.9,0,0
54.6201,45.2429,10.5316,1.57173,4.3998,-0.171616,-0.755078,NONE,999.9,0,0
54.624,45.2429,10.5316,1.57173,4.3998,-0.171616,-0.755078,NONE,999.9,0,0
54.629,45.2429,10.5756,1.57021,4.3998,-0.132423,-0.582634,NONE,999.9,0,0
54.6323,45.2429,10.5756,1.57021,4.3998,-0.132423,-0.582634,NONE,999.9,0,0
54.6363,45.2429,10.5756,1.57021,4.3998,-0.132423,-0.582634,NONE,999.9,0,0
54.6403,45.2429,10.6196,1.56889,4.39981,-0.148479,-0.653281,NONE,999.9,0,0
54.6444,45.2429,10.6196,1.56889,4.39981,-0.148479,-0.653281,NONE,999.9,0,0
54.6488,45.2429,10.6636,1.56728,4.39981,-0.156997,-0.690755,NONE,999.9,0,0
54.6523,45.2429,10.6636,1.56728,4.39981,-0.156997,-0.690755,NONE,999.9,0,0
54.6561,45.2429,10.6636,1.56728,4.39981,-0.156997,-0.690755,NONE,999.9,0,0
54.66,45.243,10.7076,1.56606,4.39981,-0.0734385,-0.323115,NONE,999.9,0,0
54.6641,45.243,10.7076,1.56606,4.39981,-0.0734385,-0.323115,NONE,999.9,0,0
54.6696,45.243,10.7516,1.56573,4.39981,-0.0120667,-0.053091,NONE,999.9,0,0
54.6726,45.243,10.7516,1.56573,4.39981,-0.0120667,-0.053091,NONE,999.9,0,0
54.6766,45.243,10.7516,1.56573,4.39981,-0.0120667,-0.053091,NONE,999.9,0,0
54.6803,45.2431,10.7956,1.56579,4.39981,0.0393244,0.17302,NONE,999.9,0,0
54.6841,45.2431,10.7956,1.56579,4.39981,0.0393244,0.17302,NONE,999.9,0,0
54.6896,45.2431,10.8396,1.56645,4.39981,0.0753029,0.331319,NONE,999.9,0,0
54.692,45.2431,10.8396,1.56645,4.39981,0.0753029,0.331319,NONE,999.9,0,0
54.6967,45.2431,10.8396,1.56645,4.39981,0.0753029,0.331319,NONE,999.9,0,0
54.7007,45.243,10.8836,1.56729,4.39981,0.106696,0.469444,NONE,999.9,0,0
54.7048,45.243,10.8836,1.56729,4.39981,0.106696,0.469444,NONE,999.9,0,0
54.7095,45.243,10.9276,1.56854,4.39981,0.126969,0.558638,NONE,999.9,0,0
54.7123,45.243,10.9276,1.56854,4.39981,0.126969,0.558638,NONE,999.9,0,0
54.7164,45.243,10.9276,1.56854,4.39981,0.126969,0.558638,NONE,999.9,0,0
54.7201,45.243,10.9716,1.56983,4.39981,0.146063,0.64265,NONE,999.9,0,0
54.724,45.243,10.9716,1.56983,4.39981,0.146063,0.64265,NONE,999.9,0,0
54.73,45.2429,11.0156,1.57143,4.39982,0.156736,0.68961,NONE,999.9,0,0
54.7322,45.2429,11.0156,1.57143,4.39982,0.156736,0.68961,NONE,999.9,0,0
54.7364,45.2429,11.0156,1.57143,4.39982,0.156736,0.68961,NONE,999.9,0,0
54.7409,45.2428,11.0596,1.57297,4.39982,0.168367,0.740783,NONE,999.9,0,0
54.7449,45.2428,11.0596,1.57297,4.39982,0.168367,0.740783,NONE,999.9,0,0
54.7495,45.2426,11.1036,1.57477,4.39982,0.173261,0.762319,NONE,999.9,0,0
54.752,45.2426,11.1036,1.57477,4.39982,0.173261,0.762319,NONE,999.9,0,0
54.7562,45.2426,11.1036,1.57477,4.39982,0.173261,0.762319,NONE,999.9,0,0
54.7602,45.2424,11.1476,1.57645,4.39982,0.18044,0.793906,NONE,999.9,0,0
54.7645,45.2424,11.1476,1.57645,4.39982,0.18044,0.793906,NONE,999.9,0,0
54.769,45.2421,11.1916,1.57835,4.39983,0.181925,0.800437,NONE,999.9,0,0
54.772,45.2421,11.1916,1.57835,4.39983,0.181925,0.800437,NONE,999.9,0,0
54.7768,45.2421,11.1916,1.57835,4.39983,0.181925,0.800437,NONE,999.9,0,0
54.7808,45.2419,11.2356,1.57979,4.39983,0.0928066,0.408333,NONE,999.9,0,0
54.7842,45.2419,11.2356,1.57979,4.39983,0.0928066,0.408333,NONE,999.9,0,0
54.7897,45.2416,11.2796,1.58029,4.39983,0.0270492,0.119012,NONE,999.9,0,0
54.792,45.2416,11.2796,1.58029,4.39983,0.0270492,0.119012,NONE,999.9,0,0
54.7962,45.2416,11.2796,1.58029,4.39983,0.0270492,0.119012,NONE,999.9,0,0
54.8003,45.2414,11.3236,1.58036,4.39983,-0.0277924,-0.122282,NONE,999.9,0,0
54.8048,45.2414,11.3236,1.58036,4.39983,-0.0277924,-0.122282,NONE,999.9,0,0
54.8094,45.2412,11.3676,1.5798,4.39983,-0.0664783,-0.292493,NONE,999.9,0,0
54.8121,45.2412,11.3676,1.5798,4.39983,-0.0664783,-0.292493,NONE,999.9,0,0
54.8159,45.2412,11.3676,1.5798,4.39983,-0.0664783,-0.292493,NONE,999.9,0,0
54.8203,45.241,11.4116,1.57904,4.39983,-0.0999895,-0.439937,NONE,999.9,0,0
54.8243,45.241,11.4116,1.57904,4.39983,-0.0999895,-0.439937,NONE,999.9,0,0
54.8298,45.2409,11.4556,1.57784,4.39984,-0.121912,-0.536395,NONE,999.9,0,0
54.8323,45.2409,11.4556,1.57784,4.39984,-0.121912,-0.536395,NONE,999.9,0,0
54.8359,45.2409,11.4556,1.57784,4.39984,-0.121912,-0.536395,NONE,999.9,0,0
54.8402,45.2407,11.4996,1.5766,4.39984,-0.142288,-0.626046,NONE,999.9,0,0
54.8444,45.2407,11.4996,1.5766,4.39984,-0.142288,-0.626046,NONE,999.9,0,0
54.8491,45.2406,11.5436,1.57503,4.39984,-0.153952,-0.677366,NONE,999.9,0,0
54.852,45.2406,11.5436,1.57503,4.39984,-0.153952,-0.677366,NONE,999.9,0,0
54.8569,45.2406,11.5436,1.57503,4.39984,-0.153952,-0.677366,NONE,999.9,0,0
54.8618,45.2405,11.5876,1.57351,4.39984,-0.166345,-0.731892,NONE,999.9,0,0
54.864,45.2405,11.5876,1.57351,4.39984,-0.166345,-0.731892,NONE,999.9,0,0
54.8693,45.2405,11.6316,1.57174,4.39984,-0.171822,-0.755991,NONE,999.9,0,0
54.872,45.2405,11.6316,1.57174,4.39984,-0.171822,-0.755991,NONE,999.9,0,0
54.8762,45.2405,11.6316,1.57174,4.39984,-0.171822,-0.755991,NONE,999.9,0,0
54.8802,45.2405,11.6756,1.57006,4.39984,-0.179444,-0.789523,NONE,999.9,0,0
54.8839,45.2405,11.6756,1.57006,4.39984,-0.179444,-0.789523,NONE,999.9,0,0
54.8898,45.2405,11.7196,1.56817,4.39984,-0.181261,-0.797519,NONE,999.9,0,0
54.8922,45.2405,11.7196,1.56817,4.39984,-0.181261,-0.797519,NONE,999.9,0,0
54.8968,45.2405,11.7196,1.56817,4.39984,-0.181261,-0.797519,NONE,999.9,0,0
54.9003,45.2406,11.7636,1.56674,4.39984,-0.0923903,-0.406503,NONE,999.9,0,0
54.904,45.2406,11.7636,1.56674,4.39984,-0.0923903,-0.406503,NONE,999.9,0,0
54.909,45.2406,11.8076,1.56624,4.39985,-0.026815,-0.117982,NONE,999.9,0,0
54.912,45.2406,11.8076,1.56624,4.39985,-0.026815,-0.117982,NONE,999.9,0,0
54.9159,45.2406,11.8076,1.56624,4.39985,-0.026815,-0.117982,NONE,999.9,0,0
54.9205,45.2406,11.8516,1.56617,4.39985,0.0278948,0.122733,NONE,999.9,0,0
54.9242,45.2406,11.8516,1.56617,4.39985,0.0278948,0.122733,NONE,999.9,0,0
54.9302,45.2406,11.8956,1.56674,4.39985,0.0664871,0.292533,NONE,999.9,0,0
54.9323,45.2406,11.8956,1.56674,4.39985,0.0664871,0.292533,NONE,999.9,0,0
54.9362,45.2406,11.8956,1.56674,4.39985,0.0664871,0.292533,NONE,999.9,0,0
54.9403,45.2406,11.9396,1.56749,4.39985,0.0999338,0.439694,NONE,999.9,0,0
54.9442,45.2406,11.9396,1.56749,4.39985,0.0999338,0.439694,NONE,999.9,0,0
54.9493,45.2405,11.9836,1.56869,4.39985,0.121814,0.535964,NONE,999.9,0,0
54.9524,45.2405,11.9836,1.56869,4.39985,0.121814,0.535964,NONE,999.9,0,0
54.9562,45.2405,11.9836,1.56869,4.39985,0.121814,0.535964,NONE,999.9,0,0
54.9603,45.2405,12.0276,1.56993,4.39986,0.142164,0.6255,NONE,999.9,0,0
54.9639,45.2405,12.0276,1.56993,4.39986,0.142164,0.6255,NONE,999.9,0,0
54.969,45.2404,12.0716,1.5715,4.39986,0.153814,0.676757,NONE,999.9,0,0
54.9719,45.2404,12.0716,1.5715,4.39986,0.153814,0.676757,NONE,999.9,0,0
54.9762,45.2404,12.0716,1.5715,4.39986,0.153814,0.676757,NONE,999.9,0,0
54.9805,45.2402,12.1156,1.57302,4.39986,0.166201,0.731259,NONE,999.9,0,0
54.9844,45.2402,12.1156,1.57302,4.39986,0.166201,0.731259,NONE,999.9,0,0
54.9897,45.2401,12.1596,1.57479,4.39986,0.171678,0.75536,NONE,999.9,0,0
54.9922,45.2401,12.1596,1.57479,4.39986,0.171678,0.75536,NONE,999.9,0,0
54.9962,45.2401,12.1596,1.57479,4.39986,0.171678,0.75536,NONE,999.9,0,0
55.0001,45.2399,12.2036,1.57647,4.39986,0.179304,0.788912,NONE,999.9,0,0
55.0043,45.2399,12.2036,1.57647,4.39986,0.179304,0.788912,NONE,999.9,0,0
55.0093,45.2396,12.2476,1.57835,4.39986,0.181128,0.796939,NONE,999.9,0,0
55.012,45.2396,12.2476,1.57835,4.39986,0.181128,0.796939,NONE,999.9,0,0
55.0166,45.2396,12.2476,1.57835,4.39986,0.181128,0.796939,NONE,999.9,0,0
55.0204,45.2393,12.2916,1.57979,4.39986,0.0922666,0.40596,NONE,999.9,0,0
55.0246,45.2393,12.2916,1.57979,4.39986,0.0922666,0.40596,NONE,999.9,0,0
55.0295,45.2391,12.3356,1.58028,4.39986,0.026701,0.117481,NONE,999.9,0,0
55.0321,45.2391,12.3356,1.58028,4.39986,0.026701,0.117481,NONE,999.9,0,0
55.036,45.2391,12.3356,1.58028,4.39986,0.026701,0.117481,NONE,999.9,0,0
55.0403,45.2389,12.3796,1.58035,4.39986,-0.0279989,-0.123191,NONE,999.9,0,0
55.0441,45.2389,12.3796,1.58035,4.39986,-0.0279989,-0.123191,NONE,999.9,0,0
55.0498,45.2387,12.4236,1.57978,4.39986,-0.0665815,-0.292949,NONE,999.9,0,0
55.0522,45.2387,12.4236,1.57978,4.39986,-0.0665815,-0.292949,NONE,999.9,0,0
55.0561,45.2387,12.4236,1.57978,4.39986,-0.0665815,-0.292949,NONE,999.9,0,0
55.0604,45.2385,12.4676,1.57903,4.39986,-0.100019,-0.440069,NONE,999.9,0,0
55.064,45.2385,12.4676,1.57903,4.39986,-0.100019,-0.440069,NONE,999.9,0,0
55.0692,45.2383,12.5116,1.57783,4.39986,-0.12189,-0.536301,NONE,999.9,0,0
55.072,45.2383,12.5116,1.57783,4.39986,-0.12189,-0.536301,NONE,999.9,0,0
55.0766,45.2383,12.5116,1.57783,4.39986,-0.12189,-0.536301,NONE,999.9,0,0
55.0807,45.2382,12.5556,1.57659,4.39986,-0.142232,-0.6258,NONE,999.9,0,0
55.0844,45.2382,12.5556,1.57659,4.39986,-0.142232,-0.6258,NONE,999.9,0,0
55.0891,45.238,12.5996,1.57502,4.39987,-0.153873,-0.677023,NONE,999.9,0,0
55.0922,45.238,12.5996,1.57502,4.39987,-0.153873,-0.677023,NONE,999.9,0,0
55.096,45.238,12.5996,1.57502,4.39987,-0.153873,-0.677023,NONE,999.9,0,0
55.1001,45.238,12.6435,1.5735,4.39987,-0.166253,-0.731493,NONE,999.9,0,0
55.1042,45.238,12.6435,1.5735,4.39987,-0.166253,-0.731493,NONE,999.9,0,0
55.1096,45.2379,12.6875,1.57172,4.39987,-0.171724,-0.755565,NONE,999.9,0,0
55.1122,45.2379,12.6875,1.57172,4.39987,-0.171724,-0.755565,NONE,999.9,0,0
55.1165,45.2379,12.6875,1.57172,4.39987,-0.171724,-0.755565,NONE,999.9,0,0
55.1203,45.2379,12.7315,1.57005,4.39987,-0.179344,-0.789092,NONE,999.9,0,0
55.1246,45.2379,12.7315,1.57005,4.39987,-0.179344,-0.789092,NONE,999.9,0,0
55.129,45.2379,12.7755,1.56816,4.39987,-0.181163,-0.797096,NONE,999.9,0,0
55.132,45.2379,12.7755,1.56816,4.39987,-0.181163,-0.797096,NONE,999.9,0,0
55.1363,45.2379,12.7755,1.56816,4.39987,-0.181163,-0.797096,NONE,999.9,0,0
55.1401,45.238,12.8195,1.56673,4.39987,-0.0922974,-0.406097,NONE,999.9,0,0
55.1442,45.238,12.8195,1.56673,4.39987,-0.0922974,-0.406097,NONE,999.9,0,0
55.1493,45.238,12.8635,1.56623,4.39988,-0.0267278,-0.117599,NONE,999.9,0,0
55.1522,45.238,12.8635,1.56623,4.39988,-0.0267278,-0.117599,NONE,999.9,0,0
55.1562,45.238,12.8635,1.56623,4.39988,-0.0267278,-0.117599,NONE,999.9,0,0
55.1601,45.238,12.9075,1.56617,4.39988,0.0279757,0.123089,NONE,999.9,0,0
55.164,45.238,12.9075,1.56617,4.39988,0.0279757,0.123089,NONE,999.9,0,0
55.1695,45.238,12.9515,1.56673,4.39988,0.0665614,0.292862,NONE,999.9,0,0
55.1723,45.238,12.9515,1.56673,4.39988,0.0665614,0.292862,NONE,999.9,0,0
55.1767,45.238,12.9515,1.56673,4.39988,0.0665614,0.292862,NONE,999.9,0,0
55.1812,45.238,12.9955,1.56749,4.39988,0.100002,0.439995,NONE,999.9,0,0
55.1842,45.238,12.9955,1.56749,4.39988,0.100002,0.439995,NONE,999.9,0,0
55.1895,45.2379,13.0395,1.56869,4.39988,0.121875,0.536237,NONE,999.9,0,0
55.192,45.2379,13.0395,1.56869,4.39988,0.121875,0.536237,NONE,999.9,0,0
55.196,45.2379,13.0395,1.56869,4.39988,0.121875,0.536237,NONE,999.9,0,0
55.2006,45.2379,13.0835,1.56993,4.39988,0.142219,0.625747,NONE,999.9,0,0
55.2041,45.2379,13.0835,1.56993,4.39988,0.142219,0.625747,NONE,999.9,0,0
55.2093,45.2378,13.1275,1.5715,4.39988,0.153863,0.676978,NONE,999.9,0,0
55.2122,45.2378,13.1275,1.5715,4.39988,0.153863,0.676978,NONE,999.9,0,0
55.2162,45.2378,13.1275,1.5715,4.39988,0.153863,0.676978,NONE,999.9,0,0
55.2199,45.2376,13.1715,1.57301,4.39988,0.166244,0.731456,NONE,999.9,0,0
55.2241,45.2376,13.1715,1.57301,4.39988,0.166244,0.731456,NONE,999.9,0,0
55.2289,45.2375,13.2155,1.57479,4.39988,0.171717,0.755535,NONE,999.9,0,0
55.2325,45.2375,13.2155,1.57479,4.39988,0.171717,0.755535,NONE,999.9,0,0
55.236,45.2375,13.2155,1.57479,4.39988,0.171717,0.755535,NONE,999.9,0,0
55.24,45.2373,13.2595,1.57646,4.39988,0.179338,0.789067,NONE,999.9,0,0
55.2444,45.2373,13.2595,1.57646,4.39988,0.179338,0.789067,NONE,999.9,0,0
55.2492,45.237,13.3035,1.57835,4.39989,0.181158,0.797076,NONE,999.9,0,0
55.2519,45.237,13.3035,1.57835,4.39989,0.181158,0.797076,NONE,999.9,0,0
55.2559,45.237,13.3035,1.57835,4.39989,0.181158,0.797076,NONE,999.9,0,0
55.2603,45.2367,13.3475,1.57979,4.39989,0.092293,0.406079,NONE,999.9,0,0
55.2639,45.2367,13.3475,1.57979,4.39989,0.092293,0.406079,NONE,999.9,0,0
55.2691,45.2365,13.3915,1.58028,4.39989,0.0267239,0.117582,NONE,999.9,0,0
55.2726,45.2365,13.3915,1.58028,4.39989,0.0267239,0.117582,NONE,999.9,0,0
55.2765,45.2365,13.3915,1.58028,4.39989,0.0267239,0.117582,NONE,999.9,0,0
55.2803,45.2363,13.4355,1.58035,4.39989,-0.0279791,-0.123105,NONE,999.9,0,0
55.2842,45.2363,13.4355,1.58035,4.39989,-0.0279791,-0.123105,NONE,999.9,0,0
55.2896,45.2361,13.4795,1.57978,4.39989,-0.0665644,-0.292876,NONE,999.9,0,0
55.2925,45.2361,13.4795,1.57978,4.39989,-0.0665644,-0.292876,NONE,999.9,0,0
55.296,45.2361,13.4795,1.57978,4.39989,-0.0665644,-0.292876,NONE,999.9,0,0
55.3,45.2359,13.5235,1.57903,4.39989,-0.100004,-0.440007,NONE,999.9,0,0
55.3044,45.2359,13.5235,1.57903,4.39989,-0.100004,-0.440007,NONE,999.9,0,0
55.3096,45.2357,13.5675,1.57783,4.39989,-0.121878,-0.536249,NONE,999.9,0,0
55.312,45.2357,13.5675,1.57783,4.39989,-0.121878,-0.536249,NONE,999.9,0,0
55.3162,45.2357,13.5675,1.57783,4.39989,-0.121878,-0.536249,NONE,999.9,0,0
55.3205,45.2356,13.6115,1.57659,4.39989,-0.142221,-0.625757,NONE,999.9,0,0
55.3243,45.2356,13.6115,1.57659,4.39989,-0.142221,-0.625757,NONE,999.9,0,0
55.3289,45.2354,13.6555,1.57502,4.39989,-0.153865,-0.676988,NONE,999.9,0,0
55.332,45.2354,13.6555,1.57502,4.39989,-0.153865,-0.676988,NONE,999.9,0,0
55.3364,45.2354,13.6555,1.57502,4.39989,-0.153865,-0.676988,NONE,999.9,0,0
55.3405,45.2354,13.6995,1.5735,4.39989,-0.166246,-0.731465,NONE,999.9,0,0
55.3442,45.2354,13.6995,1.5735,4.39989,-0.166246,-0.731465,NONE,999.9,0,0
55.3489,45.2353,13.7435,1.57172,4.39989,-0.171719,-0.755543,NONE,999.9,0,0
55.3524,45.2353,13.7435,1.57172,4.39989,-0.171719,-0.755543,NONE,999.9,0,0
55.3567,45.2353,13.7435,1.57172,4.39989,-0.171719,-0.755543,NONE,999.9,0,0
55.3624,45.2353,13.7875,1.57005,4.39989,-0.179339,-0.789075,NONE,999.9,0,0
55.364,45.2353,13.7875,1.57005,4.39989,-0.179339,-0.789075,NONE,999.9,0,0
55.3694,45.2353,13.8315,1.56816,4.3999,-0.18116,-0.797083,NONE,999.9,0,0
55.3722,45.2353,13.8315,1.56816,4.3999,-0.18116,-0.797083,NONE,999.9,0,0
55.3763,45.2353,13.8315,1.56816,4.3999,-0.18116,-0.797083,NONE,999.9,0,0
55.3805,45.2354,13.8755,1.56657,4.3999,-0.139145,-0.612224,NONE,999.9,0,0
55.3841,45.2354,13.8755,1.56657,4.3999,-0.139145,-0.612224,NONE,999.9,0,0
55.3891,45.2355,13.9195,1.56551,4.3999,-0.0593661,-0.261205,NONE,999.9,0,0
55.392,45.2355,13.9195,1.56551,4.3999,-0.0593661,-0.261205,NONE,999.9,0,0
55.396,45.2355,13.9195,1.56551,4.3999,-0.0593661,-0.261205,NONE,999.9,0,0
55.4006,45.2355,13.9635,1.56531,4.3999,-0.00100165,-0.00440714,NONE,999.9,0,0
55.4047,45.2355,13.9635,1.56531,4.3999,-0.00100165,-0.00440714,NONE,999.9,0,0
55.4094,45.2356,14.0075,1.56547,4.3999,0.0480002,0.211196,NONE,999.9,0,0
55.412,45.2356,14.0075,1.56547,4.3999,0.0480002,0.211196,NONE,999.9,0,0
55.4164,45.2356,14.0075,1.56547,4.3999,0.0480002,0.211196,NONE,999.9,0,0
55.4201,45.2356,14.0515,1.56621,4.3999,0.0820839,0.361161,NONE,999.9,0,0
55.4242,45.2356,14.0515,1.56621,4.3999,0.0820839,0.361161,NONE,999.9,0,0
55.4291,45.2356,14.0955,1.5671,4.3999,0.111978,0.49269,NONE,999.9,0,0
55.4329,45.2356,14.0955,1.5671,4.3999,0.111978,0.49269,NONE,999.9,0,0
55.4362,45.2356,14.0955,1.5671,4.3999,0.111978,0.49269,NONE,999.9,0,0
55.4401,45.2355,14.1395,1.56841,4.3999,0.131065,0.576675,NONE,999.9,0,0
55.4445,45.2355,14.1395,1.56841,4.3999,0.131065,0.576675,NONE,999.9,0,0
55.4499,45.2355,14.1835,1.56973,4.3999,0.149226,0.656582,NONE,999.9,0,0
55.4522,45.2355,14.1835,1.56973,4.3999,0.149226,0.656582,NONE,999.9,0,0
55.4561,45.2355,14.1835,1.56973,4.3999,0.149226,0.656582,NONE,999.9,0,0
55.4601,45.2354,14.2275,1.57136,4.3999,0.159166,0.700316,NONE,999.9,0,0
55.4646,45.2354,14.2275,1.57136,4.3999,0.159166,0.700316,NONE,999.9,0,0
55.4697,45.2353,14.2715,1.57292,4.3999,0.170222,0.748962,NONE,999.9,0,0
55.472,45.2353,14.2715,1.57292,4.3999,0.170222,0.748962,NONE,999.9,0,0
55.4768,45.2353,14.2715,1.57292,4.3999,0.170222,0.748962,NONE,999.9,0,0
55.4812,45.2351,14.3155,1.57473,4.39991,0.174668,0.768525,NONE,999.9,0,0
55.484,45.2351,14.3155,1.57473,4.39991,0.174668,0.768525,NONE,999.9,0,0
55.4896,45.2349,14.3595,1.57643,4.39991,0.181498,0.798575,NONE,999.9,0,0
55.4919,45.2349,14.3595,1.57643,4.39991,0.181498,0.798575,NONE,999.9,0,0
55.4966,45.2349,14.3595,1.57643,4.39991,0.181498,0.798575,NONE,999.9,0,0
55.5001,45.2347,14.4035,1.57834,4.39991,0.182712,0.803915,NONE,999.9,0,0
55.5042,45.2347,14.4035,1.57834,4.39991,0.182712,0.803915,NONE,999.9,0,0
55.5096,45.2344,14.4475,1.57978,4.39991,0.0933844,0.410883,NONE,999.9,0,0
55.5121,45.2344,14.4475,1.57978,4.39991,0.0933844,0.410883,NONE,999.9,0,0
55.5162,45.2344,14.4475,1.57978,4.39991,0.0933844,0.410883,NONE,999.9,0,0
55.5207,45.2342,14.4915,1.58029,4.39991,0.027466,0.120848,NONE,999.9,0,0
55.524,45.2342,14.4915,1.58029,4.39991,0.027466,0.120848,NONE,999.9,0,0
55.5298,45.234,14.5355,1.58036,4.39991,-0.0274986,-0.120991,NONE,999.9,0,0
55.5327,45.234,14.5355,1.58036,4.39991,-0.0274986,-0.120991,NONE,999.9,0,0
55.5361,45.234,14.5355,1.58036,4.39991,-0.0274986,-0.120991,NONE,999.9,0,0
55.5402,45.2338,14.5795,1.5798,4.39991,-0.0662777,-0.291616,NONE,999.9,0,0
55.5443,45.2338,14.5795,1.5798,4.39991,-0.0662777,-0.291616,NONE,999.9,0,0
55.5512,45.2336,14.6235,1.57905,4.39991,-0.0998589,-0.43937,NONE,999.9,0,0
55.5529,45.2336,14.6235,1.57905,4.39991,-0.0998589,-0.43937,NONE,999.9,0,0
55.5562,45.2336,14.6235,1.57905,4.39991,-0.0998589,-0.43937,NONE,999.9,0,0
55.5606,45.2334,14.6675,1.57785,4.39991,-0.121834,-0.536059,NONE,999.9,0,0
55.5643,45.2334,14.6675,1.57785,4.39991,-0.121834,-0.536059,NONE,999.9,0,0
55.5695,45.2333,14.7115,1.57661,4.39991,-0.142248,-0.62588,NONE,999.9,0,0
55.5725,45.2333,14.7115,1.57661,4.39991,-0.142248,-0.62588,NONE,999.9,0,0
55.5764,45.2333,14.7115,1.57661,4.39991,-0.142248,-0.62588,NONE,999.9,0,0
55.5803,45.2332,14.7555,1.57504,4.39991,-0.15394,-0.677321,NONE,999.9,0,0
55.5844,45.2332,14.7555,1.57504,4.39991,-0.15394,-0.677321,NONE,999.9,0,0
55.5896,45.2331,14.7995,1.57352,4.39991,-0.166352,-0.731934,NONE,999.9,0,0
55.593,45.2331,14.7995,1.57352,4.39991,-0.166352,-0.731934,NONE,999.9,0,0
55.5965,45.2331,14.7995,1.57352,4.39991,-0.166352,-0.731934,NONE,999.9,0,0
55.6,45.2331,14.8435,1.57174,4.39992,-0.171842,-0.756092,NONE,999.9,0,0
55.604,45.2331,14.8435,1.57174,4.39992,-0.171842,-0.756092,NONE,999.9,0,0
55.6103,45.2331,14.8875,1.57007,4.39992,-0.179472,-0.789662,NONE,999.9,0,0
55.6119,45.2331,14.8875,1.57007,4.39992,-0.179472,-0.789662,NONE,999.9,0,0
55.6162,45.2331,14.8875,1.57007,4.39992,-0.179472,-0.789662,NONE,999.9,0,0
55.6203,45.2331,14.9315,1.56818,4.39992,-0.181294,-0.79768,NONE,999.9,0,0
55.6242,45.2331,14.9315,1.56818,4.39992,-0.181294,-0.79768,NONE,999.9,0,0
55.6298,45.2332,14.9755,1.56674,4.39992,-0.0924262,-0.406668,NONE,999.9,0,0
55.6318,45.2332,14.9755,1.56674,4.39992,-0.0924262,-0.406668,NONE,999.9,0,0
55.6362,45.2332,14.9755,1.56674,4.39992,-0.0924262,-0.406668,NONE,999.9,0,0
55.64,45.2332,15.0195,1.56625,4.39992,-0.0268513,-0.118143,NONE,999.9,0,0
55.644,45.2332,15.0195,1.56625,4.39992,-0.0268513,-0.118143,NONE,999.9,0,0
55.6488,45.2332,15.0635,1.56618,4.39992,0.0278596,0.12258,NONE,999.9,0,0
55.6518,45.2332,15.0635,1.56618,4.39992,0.0278596,0.12258,NONE,999.9,0,0
55.6562,45.2332,15.0635,1.56618,4.39992,0.0278596,0.12258,NONE,999.9,0,0
55.6603,45.2332,15.1075,1.56674,4.39992,0.0664539,0.292392,NONE,999.9,0,0
55.665,45.2332,15.1075,1.56674,4.39992,0.0664539,0.292392,NONE,999.9,0,0
55.6691,45.2332,15.1515,1.5675,4.39992,0.0999032,0.439566,NONE,999.9,0,0
55.6721,45.2332,15.1515,1.5675,4.39992,0.0999032,0.439566,NONE,999.9,0,0
55.6762,45.2332,15.1515,1.5675,4.39992,0.0999032,0.439566,NONE,999.9,0,0
55.6801,45.2331,15.1955,1.56869,4.39992,0.121786,0.53585,NONE,999.9,0,0
55.6843,45.2331,15.1955,1.56869,4.39992,0.121786,0.53585,NONE,999.9,0,0
55.6893,45.233,15.2395,1.56993,4.39992,0.142139,0.6254,NONE,999.9,0,0
55.6921,45.233,15.2395,1.56993,4.39992,0.142139,0.6254,NONE,999.9,0,0
55.696,45.233,15.2395,1.56993,4.39992,0.142139,0.6254,NONE,999.9,0,0
55.7013,45.2329,15.2835,1.5715,4.39992,0.153791,0.67667,NONE,999.9,0,0
55.704,45.2329,15.2835,1.5715,4.39992,0.153791,0.67667,NONE,999.9,0,0
55.7094,45.2328,15.3275,1.57302,4.39992,0.166181,0.731183,NONE,999.9,0,0
55.712,45.2328,15.3275,1.57302,4.39992,0.166181,0.731183,NONE,999.9,0,0
55.7162,45.2328,15.3275,1.57302,4.39992,0.166181,0.731183,NONE,999.9,0,0
55.7205,45.2326,15.3715,1.57479,4.39992,0.171661,0.755296,NONE,999.9,0,0
55.7244,45.2326,15.3715,1.57479,4.39992,0.171661,0.755296,NONE,999.9,0,0
55.7291,45.2324,15.4155,1.57647,4.39992,0.179289,0.788858,NONE,999.9,0,0
55.732,45.2324,15.4155,1.57647,4.39992,0.179289,0.788858,NONE,999.9,0,0
55.736,45.2324,15.4155,1.57647,4.39992,0.179289,0.788858,NONE,999.9,0,0
55.7403,45.2322,15.4595,1.57835,4.39992,0.181116,0.796895,NONE,999.9,0,0
55.7442,45.2322,15.4595,1.57835,4.39992,0.181116,0.796895,NONE,999.9,0,0
55.7488,45.2319,15.5035,1.57979,4.39992,0.0922555,0.405917,NONE,999.9,0,0
55.7523,45.2319,15.5035,1.57979,4.39992,0.0922555,0.405917,NONE,999.9,0,0
55.7563,45.2319,15.5035,1.57979,4.39992,0.0922555,0.405917,NONE,999.9,0,0
55.7602,45.2317,15.5475,1.58028,4.39992,0.0266911,0.117439,NONE,999.9,0,0
55.764,45.2317,15.5475,1.58028,4.39992,0.0266911,0.117439,NONE,999.9,0,0
55.7692,45.2314,15.5915,1.58035,4.39993,-0.0280077,-0.123232,NONE,999.9,0,0
55.772,45.2314,15.5915,1.58035,4.39993,-0.0280077,-0.123232,NONE,999.9,0,0
55.7768,45.2314,15.5915,1.58035,4.39993,-0.0280077,-0.123232,NONE,999.9,0,0
55.7799,45.2312,15.6355,1.57978,4.39993,-0.0665896,-0.292989,NONE,999.9,0,0
55.7843,45.2312,15.6355,1.57978,4.39993,-0.0665896,-0.292989,NONE,999.9,0,0
55.7894,45.231,15.6795,1.57903,4.39993,-0.100026,-0.440108,NONE,999.9,0,0
55.7919,45.231,15.6795,1.57903,4.39993,-0.100026,-0.440108,NONE,999.9,0,0
55.796,45.231,15.6795,1.57903,4.39993,-0.100026,-0.440108,NONE,999.9,0,0
55.7999,45.2309,15.7235,1.57783,4.39993,-0.121897,-0.536339,NONE,999.9,0,0
55.8041,45.2309,15.7235,1.57783,4.39993,-0.121897,-0.536339,NONE,999.9,0,0
55.8089,45.2307,15.7675,1.57659,4.39993,-0.142238,-0.625837,NONE,999.9,0,0
55.812,45.2307,15.7675,1.57659,4.39993,-0.142238,-0.625837,NONE,999.9,0,0
55.8165,45.2307,15.7675,1.57659,4.39993,-0.142238,-0.625837,NONE,999.9,0,0
55.821,45.2306,15.8115,1.57502,4.39993,-0.15388,-0.677059,NONE,999.9,0,0
55.824,45.2306,15.8115,1.57502,4.39993,-0.15388,-0.677059,NONE,999.9,0,0
55.8293,45.2305,15.8555,1.5735,4.39993,-0.166259,-0.731529,NONE,999.9,0,0
55.8321,45.2305,15.8555,1.5735,4.39993,-0.166259,-0.731529,NONE,999.9,0,0
55.8361,45.2305,15.8555,1.5735,4.39993,-0.166259,-0.731529,NONE,999.9,0,0
55.84,45.2305,15.8995,1.57173,4.39993,-0.17173,-0.755601,NONE,999.9,0,0
55.8442,45.2305,15.8995,1.57173,4.39993,-0.17173,-0.755601,NONE,999.9,0,0
55.8493,45.2305,15.9435,1.57005,4.39993,-0.17935,-0.789126,NONE,999.9,0,0
55.8523,45.2305,15.9435,1.57005,4.39993,-0.17935,-0.789126,NONE,999.9,0,0
55.8561,45.2305,15.9435,1.57005,4.39993,-0.17935,-0.789126,NONE,999.9,0,0
55.86,45.2305,15.9875,1.56816,4.39993,-0.181169,-0.79713,NONE,999.9,0,0
55.8641,45.2305,15.9875,1.56816,4.39993,-0.181169,-0.79713,NONE,999.9,0,0
55.8694,45.2306,16.0315,1.56673,4.39993,-0.092302,-0.406122,NONE,999.9,0,0
55.8725,45.2306,16.0315,1.56673,4.39993,-0.092302,-0.406122,NONE,999.9,0,0
55.8763,45.2306,16.0315,1.56673,4.39993,-0.092302,-0.406122,NONE,999.9,0,0
55.8804,45.2306,16.0755,1.56623,4.39993,-0.0267316,-0.117617,NONE,999.9,0,0
55.8845,45.2306,16.0755,1.56623,4.39993,-0.0267316,-0.117617,NONE,999.9,0,0
55.8892,45.2306,16.1195,1.56617,4.39993,0.0279727,0.123078,NONE,999.9,0,0
55.8918,45.2306,16.1195,1.56617,4.39993,0.0279727,0.123078,NONE,999.9,0,0
55.8962,45.2306,16.1195,1.56617,4.39993,0.0279727,0.123078,NONE,999.9,0,0
55.9001,45.2306,16.1635,1.56673,4.39993,0.0665592,0.292856,NONE,999.9,0,0
55.9041,45.2306,16.1635,1.56673,4.39993,0.0665592,0.292856,NONE,999.9,0,0
55.9095,45.2306,16.2075,1.56749,4.39994,0.1,0.439994,NONE,999.9,0,0
55.9127,45.2306,16.2075,1.56749,4.39994,0.1,0.439994,NONE,999.9,0,0
55.9168,45.2306,16.2075,1.56749,4.39994,0.1,0.439994,NONE,999.9,0,0
55.9203,45.2305,16.2515,1.56869,4.39994,0.121875,0.53624,NONE,999.9,0,0
55.9243,45.2305,16.2515,1.56869,4.39994,0.121875,0.53624,NONE,999.9,0,0
55.9298,45.2305,16.2955,1.56993,4.39994,0.142219,0.625753,NONE,999.9,0,0
55.9324,45.2305,16.2955,1.56993,4.39994,0.142219,0.625753,NONE,999.9,0,0
55.9362,45.2305,16.2955,1.56993,4.39994,0.142219,0.625753,NONE,999.9,0,0
55.9403,45.2303,16.3395,1.5715,4.39994,0.153863,0.676987,NONE,999.9,0,0
55.9449,45.2303,16.3395,1.5715,4.39994,0.153863,0.676987,NONE,999.9,0,0
55.9498,45.2302,16.3835,1.57301,4.39994,0.166245,0.731468,NONE,999.9,0,0
55.9525,45.2302,16.3835,1.57301,4.39994,0.166245,0.731468,NONE,999.9,0,0
55.9563,45.2302,16.3835,1.57301,4.39994,0.166245,0.731468,NONE,999.9,0,0
55.9603,45.23,16.4275,1.57479,4.39994,0.171718,0.755549,NONE,999.9,0,0
55.9641,45.23,16.4275,1.57479,4.39994,0.171718,0.755549,NONE,999.9,0,0
55.9696,45.2298,16.4715,1.57646,4.39994,0.179339,0.789082,NONE,999.9,0,0
55.9735,45.2298,16.4715,1.57646,4.39994,0.179339,0.789082,NONE,999.9,0,0
55.9768,45.2298,16.4715,1.57646,4.39994,0.179339,0.789082,NONE,999.9,0,0
55.9817,45.2296,16.5154,1.57835,4.39994,0.18116,0.797092,NONE,999.9,0,0
55.9844,45.2296,16.5154,1.57835,4.39994,0.18116,0.797092,NONE,999.9,0,0
55.9893,45.2293,16.5594,1.57979,4.39994,0.0922944,0.40609,NONE,999.9,0,0
55.9924,45.2293,16.5594,1.57979,4.39994,0.0922944,0.40609,NONE,999.9,0,0
55.9961,45.2293,16.5594,1.57979,4.39994,0.0922944,0.40609,NONE,999.9,0,0
56.0004,45.2291,16.6034,1.58028,4.39994,0.0267251,0.117589,NONE,999.9,0,0
56.004,45.2291,16.6034,1.58028,4.39994,0.0267251,0.117589,NONE,999.9,0,0
56.01,45.2288,16.6474,1.58035,4.39994,-0.0279782,-0.123102,NONE,999.9,0,0
56.0122,45.2288,16.6474,1.58035,4.39994,-0.0279782,-0.123102,NONE,999.9,0,0
56.0168,45.2288,16.6474,1.58035,4.39994,-0.0279782,-0.123102,NONE,999.9,0,0
56.0201,45.2286,16.6914,1.57978,4.39994,-0.066564,-0.292878,NONE,999.9,0,0
56.0241,45.2286,16.6914,1.57978,4.39994,-0.066564,-0.292878,NONE,999.9,0,0
56.029,45.2284,16.7354,1.57903,4.39994,-0.100004,-0.440012,NONE,999.9,0,0
56.0321,45.2284,16.7354,1.57903,4.39994,-0.100004,-0.440012,NONE,999.9,0,0
56.036,45.2284,16.7354,1.57903,4.39994,-0.100004,-0.440012,NONE,999.9,0,0
56.0407,45.2283,16.7794,1.57783,4.39994,-0.121878,-0.536257,NONE,999.9,0,0
56.0448,45.2283,16.7794,1.57783,4.39994,-0.121878,-0.536257,NONE,999.9,0,0
56.0493,45.2281,16.8234,1.57659,4.39994,-0.142222,-0.625768,NONE,999.9,0,0
56.0523,45.2281,16.8234,1.57659,4.39994,-0.142222,-0.625768,NONE,999.9,0,0
56.056,45.2281,16.8234,1.57659,4.39994,-0.142222,-0.625768,NONE,999.9,0,0
56.0602,45.228,16.8674,1.57502,4.39994,-0.153866,-0.677,NONE,999.9,0,0
56.0641,45.228,16.8674,1.57502,4.39994,-0.153866,-0.677,NONE,999.9,0,0
56.0693,45.2279,16.9114,1.5735,4.39994,-0.166247,-0.731479,NONE,999.9,0,0
56.0721,45.2279,16.9114,1.5735,4.39994,-0.166247,-0.731479,NONE,999.9,0,0
56.0763,45.2279,16.9114,1.5735,4.39994,-0.166247,-0.731479,NONE,999.9,0,0
56.0802,45.2279,16.9554,1.57172,4.39994,-0.17172,-0.755558,NONE,999.9,0,0
56.0842,45.2279,16.9554,1.57172,4.39994,-0.17172,-0.755558,NONE,999.9,0,0
56.0889,45.2279,16.9994,1.57005,4.39994,-0.179341,-0.789091,NONE,999.9,0,0
56.0918,45.2279,16.9994,1.57005,4.39994,-0.179341,-0.789091,NONE,999.9,0,0
56.0959,45.2279,16.9994,1.57005,4.39994,-0.179341,-0.789091,NONE,999.9,0,0
56.1,45.2279,17.0434,1.56816,4.39994,-0.181161,-0.7971,NONE,999.9,0,0
56.1044,45.2279,17.0434,1.56816,4.39994,-0.181161,-0.7971,NONE,999.9,0,0
56.11,45.228,17.0874,1.56657,4.39994,-0.139147,-0.612238,NONE,999.9,0,0
56.112,45.228,17.0874,1.56657,4.39994,-0.139147,-0.612238,NONE,999.9,0,0
56.116,45.228,17.0874,1.56657,4.39994,-0.139147,-0.612238,NONE,999.9,0,0
56.12,45.2281,17.1314,1.56551,4.39995,-0.0593677,-0.261215,NONE,999.9,0,0
56.124,45.2281,17.1314,1.56551,4.39995,-0.0593677,-0.261215,NONE,999.9,0,0
56.1297,45.2281,17.1754,1.56531,4.39995,-0.00100288,-0.00441264,NONE,999.9,0,0
56.1323,45.2281,17.1754,1.56531,4.39995,-0.00100288,-0.00441264,NONE,999.9,0,0
56.1368,45.2281,17.1754,1.56531,4.39995,-0.00100288,-0.00441264,NONE,999.9,0,0
56.1414,45.2281,17.2194,1.56547,4.39995,0.0479993,0.211194,NONE,999.9,0,0
56.1441,45.2281,17.2194,1.56547,4.39995,0.0479993,0.211194,NONE,999.9,0,0
56.149,45.2281,17.2634,1.56621,4.39995,0.0820835,0.361163,NONE,999.9,0,0
56.1519,45.2281,17.2634,1.56621,4.39995,0.0820835,0.361163,NONE,999.9,0,0
56.1562,45.2281,17.2634,1.56621,4.39995,0.0820835,0.361163,NONE,999.9,0,0
56.1605,45.2281,17.3074,1.5671,4.39995,0.111978,0.492696,NONE,999.9,0,0
56.1645,45.2281,17.3074,1.5671,4.39995,0.111978,0.492696,NONE,999.9,0,0
56.1704,45.2281,17.3514,1.56841,4.39995,0.131066,0.576683,NONE,999.9,0,0
56.1734,45.2281,17.3514,1.56841,4.39995,0.131066,0.576683,NONE,999.9,0,0
56.1763,45.2281,17.3514,1.56841,4.39995,0.131066,0.576683,NONE,999.9,0,0
56.1807,45.2281,17.3954,1.56973,4.39995,0.149227,0.656592,NONE,999.9,0,0
56.1842,45.2281,17.3954,1.56973,4.39995,0.149227,0.656592,NONE,999.9,0,0
56.1895,45.228,17.4394,1.57136,4.39995,0.159167,0.700328,NONE,999.9,0,0
56.1921,45.228,17.4394,1.57136,4.39995,0.159167,0.700328,NONE,999.9,0,0
56.1961,45.228,17.4394,1.57136,4.39995,0.159167,0.700328,NONE,999.9,0,0
56.2006,45.2279,17.4834,1.57292,4.39995,0.170224,0.748976,NONE,999.9,0,0
56.2045,45.2279,17.4834,1.57292,4.39995,0.170224,0.748976,NONE,999.9,0,0
56.2094,45.2277,17.5274,1.57473,4.39995,0.17467,0.768539,NONE,999.9,0,0
56.213,45.2277,17.5274,1.57473,4.39995,0.17467,0.768539,NONE,999.9,0,0
56.2161,45.2277,17.5274,1.57473,4.39995,0.17467,0.768539,NONE,999.9,0,0
56.2204,45.2275,17.5714,1.57643,4.39995,0.1815,0.79859,NONE,999.9,0,0
56.2242,45.2275,17.5714,1.57643,4.39995,0.1815,0.79859,NONE,999.9,0,0
56.2295,45.2273,17.6154,1.57834,4.39995,0.182714,0.803931,NONE,999.9,0,0
56.2329,45.2273,17.6154,1.57834,4.39995,0.182714,0.803931,NONE,999.9,0,0
56.2362,45.2273,17.6154,1.57834,4.39995,0.182714,0.803931,NONE,999.9,0,0
56.2401,45.227,17.6594,1.57978,4.39995,0.093386,0.410894,NONE,999.9,0,0
56.2444,45.227,17.6594,1.57978,4.39995,0.093386,0.410894,NONE,999.9,0,0
56.2491,45.2268,17.7034,1.58029,4.39995,0.0274673,0.120855,NONE,999.9,0,0
56.252,45.2268,17.7034,1.58029,4.39995,0.0274673,0.120855,NONE,999.9,0,0
56.2565,45.2268,17.7034,1.58029,4.39995,0.0274673,0.120855,NONE,999.9,0,0
56.2599,45.2266,17.7474,1.58036,4.39995,-0.0274976,-0.120988,NONE,999.9,0,0
56.2648,45.2266,17.7474,1.58036,4.39995,-0.0274976,-0.120988,NONE,999.9,0,0
56.2695,45.2264,17.7914,1.5798,4.39995,-0.0662771,-0.291616,NONE,999.9,0,0
56.2719,45.2264,17.7914,1.5798,4.39995,-0.0662771,-0.291616,NONE,999.9,0,0
56.2762,45.2264,17.7914,1.5798,4.39995,-0.0662771,-0.291616,NONE,999.9,0,0
56.2803,45.2262,17.8354,1.57905,4.39995,-0.0998587,-0.439374,NONE,999.9,0,0
56.2839,45.2262,17.8354,1.57905,4.39995,-0.0998587,-0.439374,NONE,999.9,0,0
56.2897,45.226,17.8794,1.57785,4.39995,-0.121834,-0.536064,NONE,999.9,0,0
56.2919,45.226,17.8794,1.57785,4.39995,-0.121834,-0.536064,NONE,999.9,0,0
56.2965,45.226,17.8794,1.57785,4.39995,-0.121834,-0.536064,NONE,999.9,0,0
56.3004,45.2259,17.9234,1.57661,4.39995,-0.142249,-0.625887,NONE,999.9,0,0
56.3044,45.2259,17.9234,1.57661,4.39995,-0.142249,-0.625887,NONE,999.9,0,0
56.3099,45.2258,17.9674,1.57504,4.39995,-0.15394,-0.677331,NONE,999.9,0,0
56.312,45.2258,17.9674,1.57504,4.39995,-0.15394,-0.677331,NONE,999.9,0,0
56.316,45.2258,17.9674,1.57504,4.39995,-0.15394,-0.677331,NONE,999.9,0,0
56.32,45.2257,18.0114,1.57352,4.39995,-0.166353,-0.731944,NONE,999.9,0,0
56.3239,45.2257,18.0114,1.57352,4.39995,-0.166353,-0.731944,NONE,999.9,0,0
56.3302,45.2256,18.0554,1.57174,4.39995,-0.171843,-0.756103,NONE,999.9,0,0
56.3321,45.2256,18.0554,1.57174,4.39995,-0.171843,-0.756103,NONE,999.9,0,0
56.336,45.2256,18.0554,1.57174,4.39995,-0.171843,-0.756103,NONE,999.9,0,0
56.3401,45.2256,18.0994,1.57007,4.39995,-0.179473,-0.789674,NONE,999.9,0,0
56.3443,45.2256,18.0994,1.57007,4.39995,-0.179473,-0.789674,NONE,999.9,0,0
56.3493,45.2257,18.1434,1.56818,4.39996,-0.181296,-0.797693,NONE,999.9,0,0
56.3521,45.2257,18.1434,1.56818,4.39996,-0.181296,-0.797693,NONE,999.9,0,0
56.3562,45.2257,18.1434,1.56818,4.39996,-0.181296,-0.797693,NONE,999.9,0,0
56.3609,45.2258,18.1874,1.56658,4.39996,-0.139279,-0.61282,NONE,999.9,0,0
56.3646,45.2258,18.1874,1.56658,4.39996,-0.139279,-0.61282,NONE,999.9,0,0
56.3691,45.2258,18.2314,1.56552,4.39996,-0.0594939,-0.26177,NONE,999.9,0,0
56.3721,45.2258,18.2314,1.56552,4.39996,-0.0594939,-0.26177,NONE,999.9,0,0
56.3762,45.2258,18.2314,1.56552,4.39996,-0.0594939,-0.26177,NONE,999.9,0,0
56.3804,45.2259,18.2754,1.56532,4.39996,-0.00112141,-0.00493413,NONE,999.9,0,0
56.384,45.2259,18.2754,1.56532,4.39996,-0.00112141,-0.00493413,NONE,999.9,0,0
56.389,45.2259,18.3194,1.56547,4.39996,0.0478895,0.210712,NONE,999.9,0,0
56.3923,45.2259,18.3194,1.56547,4.39996,0.0478895,0.210712,NONE,999.9,0,0
56.3967,45.2259,18.3194,1.56547,4.39996,0.0478895,0.210712,NONE,999.9,0,0
56.4005,45.2259,18.3634,1.56622,4.39996,0.081983,0.360722,NONE,999.9,0,0
56.4043,45.2259,18.3634,1.56622,4.39996,0.081983,0.360722,NONE,999.9,0,0
56.4098,45.2259,18.4074,1.56711,4.39996,0.111886,0.492296,NONE,999.9,0,0
56.4121,45.2259,18.4074,1.56711,4.39996,0.111886,0.492296,NONE,999.9,0,0
56.4161,45.2259,18.4074,1.56711,4.39996,0.111886,0.492296,NONE,999.9,0,0
56.4201,45.2259,18.4514,1.56841,4.39996,0.130984,0.576323,NONE,999.9,0,0
56.4244,45.2259,18.4514,1.56841,4.39996,0.130984,0.576323,NONE,999.9,0,0
56.4302,45.2258,18.4954,1.56973,4.39996,0.149154,0.65627,NONE,999.9,0,0
56.4324,45.2258,18.4954,1.56973,4.39996,0.149154,0.65627,NONE,999.9,0,0
56.4364,45.2258,18.4954,1.56973,4.39996,0.149154,0.65627,NONE,999.9,0,0
56.4401,45.2257,18.5394,1.57136,4.39996,0.159102,0.700043,NONE,999.9,0,0
56.4454,45.2257,18.5394,1.57136,4.39996,0.159102,0.700043,NONE,999.9,0,0
56.4518,45.2256,18.5834,1.57292,4.39996,0.170166,0.748723,NONE,999.9,0,0
56.4549,45.2256,18.5834,1.57292,4.39996,0.170166,0.748723,NONE,999.9,0,0
56.4565,45.2256,18.5834,1.57292,4.39996,0.170166,0.748723,NONE,999.9,0,0
56.4612,45.2255,18.6274,1.57473,4.39996,0.174619,0.768317,NONE,999.9,0,0
56.4646,45.2255,18.6274,1.57473,4.39996,0.174619,0.768317,NONE,999.9,0,0
56.4694,45.2253,18.6714,1.57643,4.39996,0.181455,0.798395,NONE,999.9,0,0
56.4719,45.2253,18.6714,1.57643,4.39996,0.181455,0.798395,NONE,999.9,0,0
56.4761,45.2253,18.6714,1.57643,4.39996,0.181455,0.798395,NONE,999.9,0,0
56.4804,45.225,18.7154,1.57834,4.39996,0.182674,0.803761,NONE,999.9,0,0
56.4844,45.225,18.7154,1.57834,4.39996,0.182674,0.803761,NONE,999.9,0,0
56.4893,45.2248,18.7594,1.57979,4.39996,0.0933519,0.410745,NONE,999.9,0,0
56.4923,45.2248,18.7594,1.57979,4.39996,0.0933519,0.410745,NONE,999.9,0,0
56.4962,45.2248,18.7594,1.57979,4.39996,0.0933519,0.410745,NONE,999.9,0,0
56.5004,45.2246,18.8034,1.58029,4.39996,0.0274376,0.120724,NONE,999.9,0,0
56.5041,45.2246,18.8034,1.58029,4.39996,0.0274376,0.120724,NONE,999.9,0,0
56.5092,45.2243,18.8474,1.58036,4.39996,-0.0275235,-0.121102,NONE,999.9,0,0
56.5123,45.2243,18.8474,1.58036,4.39996,-0.0275235,-0.121102,NONE,999.9,0,0
56.5165,45.2243,18.8474,1.58036,4.39996,-0.0275235,-0.121102,NONE,999.9,0,0
56.5205,45.2241,18.8914,1.5798,4.39996,-0.0662997,-0.291716,NONE,999.9,0,0
56.5243,45.2241,18.8914,1.5798,4.39996,-0.0662997,-0.291716,NONE,999.9,0,0
56.5292,45.224,18.9354,1.57905,4.39996,-0.0998783,-0.439461,NONE,999.9,0,0
56.5319,45.224,18.9354,1.57905,4.39996,-0.0998783,-0.439461,NONE,999.9,0,0
56.5359,45.224,18.9354,1.57905,4.39996,-0.0998783,-0.439461,NONE,999.9,0,0
56.5399,45.2238,18.9794,1.57785,4.39996,-0.121851,-0.53614,NONE,999.9,0,0
56.5443,45.2238,18.9794,1.57785,4.39996,-0.121851,-0.53614,NONE,999.9,0,0
56.5488,45.2237,19.0234,1.57661,4.39996,-0.142263,-0.625953,NONE,999.9,0,0
56.552,45.2237,19.0234,1.57661,4.39996,-0.142263,-0.625953,NONE,999.9,0,0
56.5565,45.2237,19.0234,1.57661,4.39996,-0.142263,-0.625953,NONE,999.9,0,0
56.5602,45.2235,19.0674,1.57504,4.39996,-0.153953,-0.677388,NONE,999.9,0,0
56.5642,45.2235,19.0674,1.57504,4.39996,-0.153953,-0.677388,NONE,999.9,0,0
56.569,45.2235,19.1114,1.57352,4.39996,-0.166364,-0.731994,NONE,999.9,0,0
56.572,45.2235,19.1114,1.57352,4.39996,-0.166364,-0.731994,NONE,999.9,0,0
56.5763,45.2235,19.1114,1.57352,4.39996,-0.166364,-0.731994,NONE,999.9,0,0
56.5801,45.2234,19.1554,1.57174,4.39996,-0.171853,-0.756147,NONE,999.9,0,0
56.5846,45.2234,19.1554,1.57174,4.39996,-0.171853,-0.756147,NONE,999.9,0,0
56.5896,45.2234,19.1994,1.57007,4.39996,-0.179482,-0.789712,NONE,999.9,0,0
56.5922,45.2234,19.1994,1.57007,4.39996,-0.179482,-0.789712,NONE,999.9,0,0
56.5961,45.2234,19.1994,1.57007,4.39996,-0.179482,-0.789712,NONE,999.9,0,0
56.6001,45.2235,19.2434,1.56818,4.39996,-0.181303,-0.797726,NONE,999.9,0,0
56.6041,45.2235,19.2434,1.56818,4.39996,-0.181303,-0.797726,NONE,999.9,0,0
56.6095,45.2235,19.2874,1.56658,4.39996,-0.139285,-0.612848,NONE,999.9,0,0
56.6121,45.2235,19.2874,1.56658,4.39996,-0.139285,-0.612848,NONE,999.9,0,0
56.6165,45.2235,19.2874,1.56658,4.39996,-0.139285,-0.612848,NONE,999.9,0,0
56.6218,45.2236,19.3314,1.56552,4.39997,-0.0594992,-0.261794,NONE,999.9,0,0
56.6245,45.2236,19.3314,1.56552,4.39997,-0.0594992,-0.261794,NONE,999.9,0,0
56.6293,45.2236,19.3754,1.56532,4.39997,-0.00112597,-0.00495422,NONE,999.9,0,0
56.6323,45.2236,19.3754,1.56532,4.39997,-0.00112597,-0.00495422,NONE,999.9,0,0
56.6362,45.2236,19.3754,1.56532,4.39997,-0.00112597,-0.00495422,NONE,999.9,0,0
56.6401,45.2237,19.4194,1.56548,4.39997,0.0478856,0.210695,NONE,999.9,0,0
56.6442,45.2237,19.4194,1.56548,4.39997,0.0478856,0.210695,NONE,999.9,0,0
56.6501,45.2237,19.4634,1.56622,4.39997,0.0819797,0.360708,NONE,999.9,0,0
56.6523,45.2237,19.4634,1.56622,4.39997,0.0819797,0.360708,NONE,999.9,0,0
56.6562,45.2237,19.4634,1.56622,4.39997,0.0819797,0.360708,NONE,999.9,0,0
56.66,45.2237,19.5074,1.56711,4.39997,0.111884,0.492285,NONE,999.9,0,0
56.664,45.2237,19.5074,1.56711,4.39997,0.111884,0.492285,NONE,999.9,0,0
56.6691,45.2237,19.5514,1.56841,4.39997,0.130981,0.576314,NONE,999.9,0,0
56.6719,45.2237,19.5514,1.56841,4.39997,0.130981,0.576314,NONE,999.9,0,0
56.6764,45.2237,19.5514,1.56841,4.39997,0.130981,0.576314,NONE,999.9,0,0
56.6812,45.2236,19.5954,1.56973,4.39997,0.149152,0.656264,NONE,999.9,0,0
56.6843,45.2236,19.5954,1.56973,4.39997,0.149152,0.656264,NONE,999.9,0,0
56.6891,45.2235,19.6394,1.57136,4.39997,0.159101,0.700038,NONE,999.9,0,0
56.6919,45.2235,19.6394,1.57136,4.39997,0.159101,0.700038,NONE,999.9,0,0
56.6959,45.2235,19.6394,1.57136,4.39997,0.159101,0.700038,NONE,999.9,0,0
56.7004,45.2234,19.6834,1.57292,4.39997,0.170165,0.74872,NONE,999.9,0,0
56.7048,45.2234,19.6834,1.57292,4.39997,0.170165,0.74872,NONE,999.9,0,0
56.7098,45.2233,19.7274,1.57473,4.39997,0.174618,0.768315,NONE,999.9,0,0
56.7124,45.2233,19.7274,1.57473,4.39997,0.174618,0.768315,NONE,999.9,0,0
56.7163,45.2233,19.7274,1.57473,4.39997,0.174618,0.768315,NONE,999.9,0,0
56.7205,45.2231,19.7714,1.57643,4.39997,0.181454,0.798394,NONE,999.9,0,0
56.7241,45.2231,19.7714,1.57643,4.39997,0.181454,0.798394,NONE,999.9,0,0
56.7296,45.2228,19.8154,1.57834,4.39997,0.182674,0.80376,NONE,999.9,0,0
56.7323,45.2228,19.8154,1.57834,4.39997,0.182674,0.80376,NONE,999.9,0,0
56.7362,45.2228,19.8154,1.57834,4.39997,0.182674,0.80376,NONE,999.9,0,0
56.74,45.2225,19.8594,1.57994,4.39997,0.140203,0.616888,NONE,999.9,0,0
56.7445,45.2225,19.8594,1.57994,4.39997,0.140203,0.616888,NONE,999.9,0,0
56.7505,45.2223,19.9034,1.58101,4.39997,0.0600788,0.264345,NONE,999.9,0,0
56.7529,45.2223,19.9034,1.58101,4.39997,0.0600788,0.264345,NONE,999.9,0,0
56.7562,45.2223,19.9034,1.58101,4.39997,0.0600788,0.264345,NONE,999.9,0,0
56.7606,45.222,19.9474,1.58122,4.39998,0.00145643,0.00640824,NONE,999.9,0,0
56.7648,45.222,19.9474,1.58122,4.39998,0.00145643,0.00640824,NONE,999.9,0,0
56.7724,45.2218,19.9914,1.58107,4.39998,-0.0477359,-0.210037,NONE,999.9,0,0
56.7768,45.2218,19.9914,1.58107,4.39998,-0.0477359,-0.210037,NONE,999.9,0,0
56.7807,45.2216,20.0354,1.58033,4.39998,-0.0819584,-0.360615,NONE,999.9,0,0
56.7843,45.2216,20.0354,1.58033,4.39998,-0.0819584,-0.360615,NONE,999.9,0,0
56.7895,45.2214,20.0794,1.57944,4.39998,-0.111951,-0.492583,NONE,999.9,0,0
56.7919,45.2214,20.0794,1.57944,4.39998,-0.111951,-0.492583,NONE,999.9,0,0
56.796,45.2214,20.0794,1.57944,4.39998,-0.111951,-0.492583,NONE,999.9,0,0
56.7999,45.2212,20.1234,1.57813,4.39998,-0.131108,-0.576872,NONE,999.9,0,0
56.804,45.2212,20.1234,1.57813,4.39998,-0.131108,-0.576872,NONE,999.9,0,0
56.8095,45.221,20.1674,1.57681,4.39998,-0.149315,-0.656984,NONE,999.9,0,0
56.8121,45.221,20.1674,1.57681,4.39998,-0.149315,-0.656984,NONE,999.9,0,0
56.8163,45.221,20.1674,1.57681,4.39998,-0.149315,-0.656984,NONE,999.9,0,0
56.8202,45.2209,20.2114,1.57518,4.39998,-0.159284,-0.700848,NONE,999.9,0,0
56.824,45.2209,20.2114,1.57518,4.39998,-0.159284,-0.700848,NONE,999.9,0,0
56.8286,45.2208,20.2554,1.57361,4.39998,-0.170357,-0.749568,NONE,999.9,0,0
56.832,45.2208,20.2554,1.57361,4.39998,-0.170357,-0.749568,NONE,999.9,0,0
56.836,45.2208,20.2554,1.57361,4.39998,-0.170357,-0.749568,NONE,999.9,0,0
56.8404,45.2207,20.2994,1.5718,4.39998,-0.174811,-0.769164,NONE,999.9,0,0
56.8446,45.2207,20.2994,1.5718,4.39998,-0.174811,-0.769164,NONE,999.9,0,0
56.8488,45.2207,20.3434,1.57026,4.39998,-0.13479,-0.593076,NONE,999.9,0,0
56.8521,45.2207,20.3434,1.57026,4.39998,-0.13479,-0.593076,NONE,999.9,0,0
56.8565,45.2207,20.3434,1.57026,4.39998,-0.13479,-0.593076,NONE,999.9,0,0
56.86,45.2206,20.3874,1.56923,4.39998,-0.056508,-0.248634,NONE,999.9,0,0
56.8641,45.2206,20.3874,1.56923,4.39998,-0.056508,-0.248634,NONE,999.9,0,0
56.8691,45.2206,20.4314,1.56905,4.39998,0.000745596,0.00328061,NONE,999.9,0,0
56.8724,45.2206,20.4314,1.56905,4.39998,0.000745596,0.00328061,NONE,999.9,0,0
56.8764,45.2206,20.4314,1.56905,4.39998,0.000745596,0.00328061,NONE,999.9,0,0
56.8802,45.2205,20.4754,1.56923,4.39998,0.0489338,0.215308,NONE,999.9,0,0
56.8841,45.2205,20.4754,1.56923,4.39998,0.0489338,0.215308,NONE,999.9,0,0
56.8889,45.2204,20.5194,1.56998,4.39998,0.0824318,0.362699,NONE,999.9,0,0
56.892,45.2204,20.5194,1.56998,4.39998,0.0824318,0.362699,NONE,999.9,0,0
56.896,45.2204,20.5194,1.56998,4.39998,0.0824318,0.362699,NONE,999.9,0,0
56.9003,45.2202,20.5634,1.57087,4.39998,0.111914,0.492418,NONE,999.9,0,0
56.9042,45.2202,20.5634,1.57087,4.39998,0.111914,0.492418,NONE,999.9,0,0
56.9096,45.2201,20.6074,1.57217,4.39998,0.130721,0.575169,NONE,999.9,0,0
56.9123,45.2201,20.6074,1.57217,4.39998,0.130721,0.575169,NONE,999.9,0,0
56.9163,45.2201,20.6074,1.57217,4.39998,0.130721,0.575169,NONE,999.9,0,0
56.9202,45.2199,20.6514,1.57349,4.39998,0.148699,0.654274,NONE,999.9,0,0
56.9243,45.2199,20.6514,1.57349,4.39998,0.148699,0.654274,NONE,999.9,0,0
56.9293,45.2196,20.6954,1.57511,4.39998,0.15853,0.697528,NONE,999.9,0,0
56.9319,45.2196,20.6954,1.57511,4.39998,0.15853,0.697528,NONE,999.9,0,0
56.9362,45.2196,20.6954,1.57511,4.39998,0.15853,0.697528,NONE,999.9,0,0
56.9405,45.2194,20.7394,1.57667,4.39998,0.169529,0.745927,NONE,999.9,0,0
56.9445,45.2194,20.7394,1.57667,4.39998,0.169529,0.745927,NONE,999.9,0,0
56.9486,45.2191,20.7834,1.57847,4.39999,0.173957,0.765409,NONE,999.9,0,0
56.9521,45.2191,20.7834,1.57847,4.39999,0.173957,0.765409,NONE,999.9,0,0
56.9567,45.2191,20.7834,1.57847,4.39999,0.173957,0.765409,NONE,999.9,0,0
56.9603,45.2187,20.8274,1.58016,4.39999,0.180795,0.795497,NONE,999.9,0,0
56.9644,45.2187,20.8274,1.58016,4.39999,0.180795,0.795497,NONE,999.9,0,0
56.9696,45.2183,20.8714,1.58206,4.39999,0.182036,0.800955,NONE,999.9,0,0
56.972,45.2183,20.8714,1.58206,4.39999,0.182036,0.800955,NONE,999.9,0,0
56.9768,45.2183,20.8714,1.58206,4.39999,0.182036,0.800955,NONE,999.9,0,0
56.9801,45.2179,20.9154,1.5835,4.39999,0.0927462,0.408082,NONE,999.9,0,0
56.9841,45.2179,20.9154,1.5835,4.39999,0.0927462,0.408082,NONE,999.9,0,0
56.9888,45.2176,20.9594,1.584,4.39999,0.0268723,0.118238,NONE,999.9,0,0
56.9919,45.2176,20.9594,1.584,4.39999,0.0268723,0.118238,NONE,999.9,0,0
56.996,45.2176,20.9594,1.584,4.39999,0.0268723,0.118238,NONE,999.9,0,0
57.0003,45.2172,21.0034,1.58407,4.39999,-0.0280445,-0.123396,NONE,999.9,0,0
57.0041,45.2172,21.0034,1.58407,4.39999,-0.0280445,-0.123396,NONE,999.9,0,0
57.0089,45.2168,21.0474,1.5835,4.39999,-0.066775,-0.293809,NONE,999.9,0,0
57.0121,45.2168,21.0474,1.5835,4.39999,-0.066775,-0.293809,NONE,999.9,0,0
57.0163,45.2168,21.0474,1.5835,4.39999,-0.066775,-0.293809,NONE,999.9,0,0
57.02,45.2165,21.0914,1.58275,4.39999,-0.100308,-0.441355,NONE,999.9,0,0
57.024,45.2165,21.0914,1.58275,4.39999,-0.100308,-0.441355,NONE,999.9,0,0
57.0293,45.2162,21.1354,1.58154,4.39999,-0.122238,-0.537843,NONE,999.9,0,0
57.0323,45.2162,21.1354,1.58154,4.39999,-0.122238,-0.537843,NONE,999.9,0,0
57.0365,45.2162,21.1354,1.58154,4.39999,-0.122238,-0.537843,NONE,999.9,0,0
57.0402,45.2159,21.1794,1.5803,4.39999,-0.142608,-0.627475,NONE,999.9,0,0
57.0444,45.2159,21.1794,1.5803,4.39999,-0.142608,-0.627475,NONE,999.9,0,0
57.0488,45.2156,21.2234,1.57873,4.39999,-0.15426,-0.678741,NONE,999.9,0,0
57.0522,45.2156,21.2234,1.57873,4.39999,-0.15426,-0.678741,NONE,999.9,0,0
57.0562,45.2156,21.2234,1.57873,4.39999,-0.15426,-0.678741,NONE,999.9,0,0
57.0604,45.2154,21.2674,1.5772,4.39999,-0.166635,-0.733192,NONE,999.9,0,0
57.0645,45.2154,21.2674,1.5772,4.39999,-0.166635,-0.733192,NONE,999.9,0,0
57.0697,45.2152,21.3114,1.57542,4.39999,-0.172092,-0.757203,NONE,999.9,0,0
57.0724,45.2152,21.3114,1.57542,4.39999,-0.172092,-0.757203,NONE,999.9,0,0
57.0764,45.2152,21.3114,1.57542,4.39999,-0.172092,-0.757203,NONE,999.9,0,0
57.0801,45.215,21.3554,1.57375,4.39999,-0.179692,-0.79064,NONE,999.9,0,0
57.0846,45.215,21.3554,1.57375,4.39999,-0.179692,-0.79064,NONE,999.9,0,0
57.0899,45.2149,21.3994,1.57186,4.39999,-0.181487,-0.79854,NONE,999.9,0,0
57.0924,45.2149,21.3994,1.57186,4.39999,-0.181487,-0.79854,NONE,999.9,0,0
57.0962,45.2149,21.3994,1.57186,4.39999,-0.181487,-0.79854,NONE,999.9,0,0
57.1006,45.2148,21.4434,1.5701,4.39999,-0.186297,-0.819703,NONE,999.9,0,0
57.1041,45.2148,21.4434,1.5701,4.39999,-0.186297,-0.819703,NONE,999.9,0,0
57.1097,45.2148,21.4874,1.56815,4.39999,-0.185983,-0.818323,NONE,999.9,0,0
57.112,45.2148,21.4874,1.56815,4.39999,-0.185983,-0.818323,NONE,999.9,0,0
57.117,45.2148,21.4874,1.56815,4.39999,-0.185983,-0.818323,NONE,999.9,0,0
57.1205,45.2148,21.5314,1.56668,4.39999,-0.0955108,-0.420246,NONE,999.9,0,0
57.1241,45.2148,21.5314,1.56668,4.39999,-0.0955108,-0.420246,NONE,999.9,0,0
57.1294,45.2148,21.5754,1.56616,4.39999,-0.0287439,-0.126473,NONE,999.9,0,0
57.1324,45.2148,21.5754,1.56616,4.39999,-0.0287439,-0.126473,NONE,999.9,0,0
57.1363,45.2148,21.5754,1.56616,4.39999,-0.0287439,-0.126473,NONE,999.9,0,0
57.1406,45.2147,21.6194,1.56608,4.39999,0.0268408,0.118099,NONE,999.9,0,0
57.1447,45.2147,21.6194,1.56608,4.39999,0.0268408,0.118099,NONE,999.9,0,0
57.1493,45.2147,21.6634,1.56663,4.39999,0.0660651,0.290686,NONE,999.9,0,0
57.1522,45.2147,21.6634,1.56663,4.39999,0.0660651,0.290686,NONE,999.9,0,0
57.1567,45.2147,21.6634,1.56663,4.39999,0.0660651,0.290686,NONE,999.9,0,0
57.1607,45.2146,21.7074,1.56739,4.39999,0.0999583,0.439815,NONE,999.9,0,0
57.1649,45.2146,21.7074,1.56739,4.39999,0.0999583,0.439815,NONE,999.9,0,0
57.1695,45.2146,21.7514,1.56859,4.39999,0.122145,0.537435,NONE,999.9,0,0
57.172,45.2146,21.7514,1.56859,4.39999,0.122145,0.537435,NONE,999.9,0,0
57.1764,45.2146,21.7514,1.56859,4.39999,0.122145,0.537435,NONE,999.9,0,0
57.1814,45.2145,21.7954,1.56983,4.39999,0.142695,0.627856,NONE,999.9,0,0
57.1847,45.2145,21.7954,1.56983,4.39999,0.142695,0.627856,NONE,999.9,0,0
57.1896,45.2143,21.8394,1.5714,4.39999,0.154467,0.679653,NONE,999.9,0,0
57.1923,45.2143,21.8394,1.5714,4.39999,0.154467,0.679653,NONE,999.9,0,0
57.1964,45.2143,21.8394,1.5714,4.39999,0.154467,0.679653,NONE,999.9,0,0
57.2001,45.2142,21.8834,1.57293,4.39999,0.166919,0.734441,NONE,999.9,0,0
57.2042,45.2142,21.8834,1.57293,4.39999,0.166919,0.734441,NONE,999.9,0,0
57.2092,45.214,21.9274,1.57471,4.39999,0.17242,0.758647,NONE,999.9,0,0
57.212,45.214,21.9274,1.57471,4.39999,0.17242,0.758647,NONE,999.9,0,0
57.216,45.214,21.9274,1.57471,4.39999,0.17242,0.758647,NONE,999.9,0,0
57.2201,45.2138,21.9714,1.57639,4.39999,0.18004,0.792175,NONE,999.9,0,0
57.224,45.2138,21.9714,1.57639,4.39999,0.18004,0.792175,NONE,999.9,0,0
57.2305,45.2135,22.0154,1.57829,4.39999,0.181839,0.800092,NONE,999.9,0,0
57.2324,45.2135,22.0154,1.57829,4.39999,0.181839,0.800092,NONE,999.9,0,0
57.2362,45.2135,22.0154,1.57829,4.39999,0.181839,0.800092,NONE,999.9,0,0
57.2403,45.2132,22.0594,1.57973,4.39999,0.0929392,0.408932,NONE,999.9,0,0
57.2443,45.2132,22.0594,1.57973,4.39999,0.0929392,0.408932,NONE,999.9,0,0
57.2491,45.213,22.1034,1.58023,4.39999,0.0273269,0.120238,NONE,999.9,0,0
57.2521,45.213,22.1034,1.58023,4.39999,0.0273269,0.120238,NONE,999.9,0,0
57.2565,45.213,22.1034,1.58023,4.39999,0.0273269,0.120238,NONE,999.9,0,0
57.2604,45.2128,22.1474,1.5803,4.39999,-0.0274238,-0.120664,NONE,999.9,0,0
57.2641,45.2128,22.1474,1.5803,4.39999,-0.0274238,-0.120664,NONE,999.9,0,0
57.2693,45.2126,22.1914,1.57974,4.39999,-0.0660585,-0.290657,NONE,999.9,0,0
57.2722,45.2126,22.1914,1.57974,4.39999,-0.0660585,-0.290657,NONE,999.9,0,0
57.2765,45.2126,22.1914,1.57974,4.39999,-0.0660585,-0.290657,NONE,999.9,0,0
57.2801,45.2124,22.2354,1.57899,4.39999,-0.0995472,-0.438007,NONE,999.9,0,0
57.285,45.2124,22.2354,1.57899,4.39999,-0.0995472,-0.438007,NONE,999.9,0,0
57.2892,45.2122,22.2794,1.5778,4.39999,-0.121468,-0.534458,NONE,999.9,0,0
57.2922,45.2122,22.2794,1.5778,4.39999,-0.121468,-0.534458,NONE,999.9,0,0
57.2962,45.2122,22.2794,1.5778,4.39999,-0.121468,-0.534458,NONE,999.9,0,0
57.3003,45.212,22.3234,1.57656,4.39999,-0.141856,-0.624165,NONE,999.9,0,0
57.3046,45.212,22.3234,1.57656,4.39999,-0.141856,-0.624165,NONE,999.9,0,0
57.309,45.2119,22.3674,1.575,4.39999,-0.153541,-0.67558,NONE,999.9,0,0
57.312,45.2119,22.3674,1.575,4.39999,-0.153541,-0.67558,NONE,999.9,0,0
57.316,45.2119,22.3674,1.575,4.39999,-0.153541,-0.67558,NONE,999.9,0,0
57.3207,45.2118,22.4114,1.57348,4.39999,-0.165961,-0.730226,NONE,999.9,0,0
57.3244,45.2118,22.4114,1.57348,4.39999,-0.165961,-0.730226,NONE,999.9,0,0
57.3298,45.2118,22.4554,1.57171,4.39999,-0.171468,-0.754458,NONE,999.9,0,0
57.332,45.2118,22.4554,1.57171,4.39999,-0.171468,-0.754458,NONE,999.9,0,0
57.336,45.2118,22.4554,1.57171,4.39999,-0.171468,-0.754458,NONE,999.9,0,0
57.34,45.2118,22.4994,1.57004,4.39999,-0.17912,-0.788127,NONE,999.9,0,0
57.3454,45.2118,22.4994,1.57004,4.39999,-0.17912,-0.788127,NONE,999.9,0,0
57.3491,45.2118,22.5434,1.56815,4.39999,-0.180969,-0.79626,NONE,999.9,0,0
57.3522,45.2118,22.5434,1.56815,4.39999,-0.180969,-0.79626,NONE,999.9,0,0
57.3565,45.2118,22.5434,1.56815,4.39999,-0.180969,-0.79626,NONE,999.9,0,0
57.3601,45.2119,22.5874,1.56656,4.39999,-0.138979,-0.611506,NONE,999.9,0,0
57.364,45.2119,22.5874,1.56656,4.39999,-0.138979,-0.611506,NONE,999.9,0,0
57.3691,45.2119,22.6314,1.5655,4.39999,-0.0592215,-0.260574,NONE,999.9,0,0
57.3718,45.2119,22.6314,1.5655,4.39999,-0.0592215,-0.260574,NONE,999.9,0,0
57.3765,45.2119,22.6314,1.5655,4.39999,-0.0592215,-0.260574,NONE,999.9,0,0
57.3807,45.212,22.6754,1.5653,4.39999,-0.000875725,-0.00385319,NONE,999.9,0,0
57.3841,45.212,22.6754,1.5653,4.39999,-0.000875725,-0.00385319,NONE,999.9,0,0
57.3894,45.212,22.7194,1.56546,4.39999,0.0481097,0.211682,NONE,999.9,0,0
57.3923,45.212,22.7194,1.56546,4.39999,0.0481097,0.211682,NONE,999.9,0,0
57.3959,45.212,22.7194,1.56546,4.39999,0.0481097,0.211682,NONE,999.9,0,0
57.4002,45.212,22.7634,1.5662,4.39999,0.0821793,0.361588,NONE,999.9,0,0
57.4039,45.212,22.7634,1.5662,4.39999,0.0821793,0.361588,NONE,999.9,0,0
57.4094,45.212,22.8074,1.5671,4.39999,0.112061,0.493066,NONE,999.9,0,0
57.4119,45.212,22.8074,1.5671,4.39999,0.112061,0.493066,NONE,999.9,0,0
57.4161,45.212,22.8074,1.5671,4.39999,0.112061,0.493066,NONE,999.9,0,0
57.4202,45.212,22.8514,1.5684,4.39999,0.131138,0.577005,NONE,999.9,0,0
57.4242,45.212,22.8514,1.5684,4.39999,0.131138,0.577005,NONE,999.9,0,0
57.4292,45.2119,22.8954,1.56972,4.39999,0.14929,0.656873,NONE,999.9,0,0
57.4323,45.2119,22.8954,1.56972,4.39999,0.14929,0.656873,NONE,999.9,0,0
57.4361,45.2119,22.8954,1.56972,4.39999,0.14929,0.656873,NONE,999.9,0,0
57.4405,45.2119,22.9394,1.57135,4.39999,0.159221,0.700573,NONE,999.9,0,0
57.4442,45.2119,22.9394,1.57135,4.39999,0.159221,0.700573,NONE,999.9,0,0
57.4559,45.2117,22.9834,1.57292,4.39999,0.17027,0.749189,NONE,999.9,0,0
57.458,45.2117,22.9834,1.57292,4.39999,0.17027,0.749189,NONE,999.9,0,0
57.4713,45.2116,23.0274,1.57473,4.39999,0.17471,0.768724,NONE,999.9,0,0
57.4744,45.2114,23.0714,1.57643,4.39999,0.181535,0.798752,NONE,999.9,0,0
57.488,45.2112,23.1154,1.57833,4.39999,0.182744,0.804072,NONE,999.9,0,0
57.5017,45.2109,23.1594,1.57994,4.39999,0.140263,0.617157,NONE,999.9,0,0
57.5052,45.2106,23.2034,1.58101,4.39999,0.0601311,0.264577,NONE,999.9,0,0
57.5194,45.2104,23.2474,1.58122,4.39999,0.00150142,0.00660623,NONE,999.9,0,0
57.5214,45.2104,23.2474,1.58122,4.39999,0.00150142,0.00660623,NONE,999.9,0,0
57.5336,45.2101,23.2914,1.58106,4.39999,-0.0476973,-0.209868,NONE,999.9,0,0
57.5361,45.2101,23.2914,1.58106,4.39999,-0.0476973,-0.209868,NONE,999.9,0,0
57.5404,45.2099,23.3354,1.58032,4.39999,-0.0819254,-0.360471,NONE,999.9,0,0
57.5446,45.2099,23.3354,1.58032,4.39999,-0.0819254,-0.360471,NONE,999.9,0,0
57.5545,45.2097,23.3794,1.57943,4.39999,-0.111923,-0.492461,NONE,999.9,0,0
57.5567,45.2097,23.3794,1.57943,4.39999,-0.111923,-0.492461,NONE,999.9,0,0
57.5602,45.2095,23.4234,1.57813,4.39999,-0.131084,-0.576769,NONE,999.9,0,0
57.5648,45.2095,23.4234,1.57813,4.39999,-0.131084,-0.576769,NONE,999.9,0,0
57.5689,45.2093,23.4674,1.57681,4.39999,-0.149295,-0.656897,NONE,999.9,0,0
57.572,45.2093,23.4674,1.57681,4.39999,-0.149295,-0.656897,NONE,999.9,0,0
57.5763,45.2093,23.4674,1.57681,4.39999,-0.149295,-0.656897,NONE,999.9,0,0
57.5805,45.2092,23.5114,1.57518,4.4,-0.159267,-0.700774,NONE,999.9,0,0
57.5843,45.2092,23.5114,1.57518,4.4,-0.159267,-0.700774,NONE,999.9,0,0
57.5895,45.2091,23.5554,1.57361,4.4,-0.170343,-0.749507,NONE,999.9,0,0
57.5925,45.2091,23.5554,1.57361,4.4,-0.170343,-0.749507,NONE,999.9,0,0
57.5959,45.2091,23.5554,1.57361,4.4,-0.170343,-0.749507,NONE,999.9,0,0
57.6003,45.2091,23.5994,1.5718,4.4,-0.174799,-0.769113,NONE,999.9,0,0
57.6041,45.2091,23.5994,1.5718,4.4,-0.174799,-0.769113,NONE,999.9,0,0
57.6092,45.209,23.6434,1.5701,4.4,-0.181631,-0.799177,NONE,999.9,0,0
57.6122,45.209,23.6434,1.5701,4.4,-0.181631,-0.799177,NONE,999.9,0,0
57.616,45.209,23.6434,1.5701,4.4,-0.181631,-0.799177,NONE,999.9,0,0
57.62,45.2091,23.6874,1.56819,4.4,-0.182843,-0.80451,NONE,999.9,0,0
57.6241,45.2091,23.6874,1.56819,4.4,-0.182843,-0.80451,NONE,999.9,0,0
57.6289,45.2091,23.7314,1.56674,4.4,-0.0935106,-0.411446,NONE,999.9,0,0
57.6324,45.2091,23.7314,1.56674,4.4,-0.0935106,-0.411446,NONE,999.9,0,0
57.6361,45.2091,23.7314,1.56674,4.4,-0.0935106,-0.411446,NONE,999.9,0,0
57.6401,45.2091,23.7754,1.56624,4.4,-0.0275845,-0.121372,NONE,999.9,0,0
57.6444,45.2091,23.7754,1.56624,4.4,-0.0275845,-0.121372,NONE,999.9,0,0
57.6494,45.2091,23.8194,1.56616,4.4,0.0273891,0.120512,NONE,999.9,0,0
57.6519,45.2091,23.8194,1.56616,4.4,0.0273891,0.120512,NONE,999.9,0,0
57.656,45.2091,23.8194,1.56616,4.4,0.0273891,0.120512,NONE,999.9,0,0
57.66,45.2091,23.8634,1.56672,4.4,0.0661778,0.291182,NONE,999.9,0,0
57.6639,45.2091,23.8634,1.56672,4.4,0.0661778,0.291182,NONE,999.9,0,0
57.669,45.2091,23.9074,1.56748,4.4,0.0997687,0.438982,NONE,999.9,0,0
57.673,45.2091,23.9074,1.56748,4.4,0.0997687,0.438982,NONE,999.9,0,0
57.6766,45.2091,23.9074,1.56748,4.4,0.0997687,0.438982,NONE,999.9,0,0
57.6806,45.209,23.9514,1.56867,4.4,0.121753,0.535714,NONE,999.9,0,0
57.6843,45.209,23.9514,1.56867,4.4,0.121753,0.535714,NONE,999.9,0,0
57.6889,45.2089,23.9954,1.56991,4.4,0.142177,0.625576,NONE,999.9,0,0
57.6919,45.2089,23.9954,1.56991,4.4,0.142177,0.625576,NONE,999.9,0,0
57.696,45.2089,23.9954,1.56991,4.4,0.142177,0.625576,NONE,999.9,0,0
57.7002,45.2088,24.0394,1.57148,4.4,0.153877,0.677056,NONE,999.9,0,0
57.7042,45.2088,24.0394,1.57148,4.4,0.153877,0.677056,NONE,999.9,0,0
57.7095,45.2087,24.0834,1.573,4.4,0.166296,0.731704,NONE,999.9,0,0
57.712,45.2087,24.0834,1.573,4.4,0.166296,0.731704,NONE,999.9,0,0
57.7159,45.2087,24.0834,1.573,4.4,0.166296,0.731704,NONE,999.9,0,0
57.7202,45.2085,24.1274,1.57478,4.4,0.171794,0.755893,NONE,999.9,0,0
57.7244,45.2085,24.1274,1.57478,4.4,0.171794,0.755893,NONE,999.9,0,0
57.7296,45.2083,24.1713,1.57645,4.4,0.17943,0.789492,NONE,999.9,0,0
57.7319,45.2083,24.1713,1.57645,4.4,0.17943,0.789492,NONE,999.9,0,0
57.7366,45.2083,24.1713,1.57645,4.4,0.17943,0.789492,NONE,999.9,0,0
57.7417,45.2081,24.2153,1.57834,4.4,0.181258,0.797535,NONE,999.9,0,0
57.7442,45.2081,24.2153,1.57834,4.4,0.181258,0.797535,NONE,999.9,0,0
57.7486,45.2078,24.2593,1.58009,4.4,0.186097,0.818828,NONE,999.9,0,0
57.7521,45.2078,24.2593,1.58009,4.4,0.186097,0.818828,NONE,999.9,0,0
57.756,45.2078,24.2593,1.58009,4.4,0.186097,0.818828,NONE,999.9,0,0
57.7604,45.2074,24.3033,1.58204,4.4,0.18581,0.817562,NONE,999.9,0,0
57.764,45.2074,24.3033,1.58204,4.4,0.18581,0.817562,NONE,999.9,0,0
57.7695,45.207,24.3473,1.58383,4.4,0.189063,0.831876,NONE,999.9,0,0
57.7722,45.207,24.3473,1.58383,4.4,0.189063,0.831876,NONE,999.9,0,0
57.7763,45.207,24.3473,1.58383,4.4,0.189063,0.831876,NONE,999.9,0,0
57.7805,45.2065,24.3913,1.5858,4.4,0.1876,0.825438,NONE,999.9,0,0
57.7842,45.2065,24.3913,1.5858,4.4,0.1876,0.825438,NONE,999.9,0,0
57.789,45.206,24.4353,1.5876,4.4,0.189993,0.83597,NONE,999.9,0,0
57.7921,45.206,24.4353,1.5876,4.4,0.189993,0.83597,NONE,999.9,0,0
57.796,45.206,24.4353,1.5876,4.4,0.189993,0.83597,NONE,999.9,0,0
57.8008,45.2054,24.4793,1.58957,4.4,0.187913,0.826815,NONE,999.9,0,0
57.8042,45.2054,24.4793,1.58957,4.4,0.187913,0.826815,NONE,999.9,0,0
57.8089,45.2047,24.5233,1.59138,4.4,0.189873,0.835442,NONE,999.9,0,0
57.8119,45.2047,24.5233,1.59138,4.4,0.189873,0.835442,NONE,999.9,0,0
57.8161,45.2047,24.5233,1.59138,4.4,0.189873,0.835442,NONE,999.9,0,0
57.8204,45.204,24.5673,1.59335,4.4,0.187499,0.824995,NONE,999.9,0,0
57.824,45.204,24.5673,1.59335,4.4,0.187499,0.824995,NONE,999.9,0,0
57.8292,45.2032,24.6113,1.59515,4.4,0.18927,0.832789,NONE,999.9,0,0
57.8337,45.2032,24.6113,1.59515,4.4,0.18927,0.832789,NONE,999.9,0,0
57.8366,45.2032,24.6113,1.59515,4.4,0.18927,0.832789,NONE,999.9,0,0
57.8401,45.2023,24.6553,1.59711,4.4,0.186784,0.821848,NONE,999.9,0,0
57.8441,45.2023,24.6553,1.59711,4.4,0.186784,0.821848,NONE,999.9,0,0
57.8493,45.2014,24.6993,1.59891,4.4,0.188499,0.829395,NONE,999.9,0,0
57.8519,45.2014,24.6993,1.59891,4.4,0.188499,0.829395,NONE,999.9,0,0
57.8559,45.2014,24.6993,1.59891,4.4,0.188499,0.829395,NONE,999.9,0,0
57.8601,45.2003,24.7433,1.60086,4.4,0.185997,0.818385,NONE,999.9,0,0
57.865,45.2003,24.7433,1.60086,4.4,0.185997,0.818385,NONE,999.9,0,0
57.8695,45.1993,24.7873,1.60265,4.4,0.187724,0.825987,NONE,999.9,0,0
57.8721,45.1993,24.7873,1.60265,4.4,0.187724,0.825987,NONE,999.9,0,0
57.8763,45.1993,24.7873,1.60265,4.4,0.187724,0.825987,NONE,999.9,0,0
57.8802,45.1981,24.8313,1.6046,4.4,0.185253,0.815114,NONE,999.9,0,0
57.8847,45.1981,24.8313,1.6046,4.4,0.185253,0.815114,NONE,999.9,0,0
57.889,45.1968,24.8752,1.60637,4.4,0.187024,0.822906,NONE,999.9,0,0
57.8921,45.1968,24.8752,1.60637,4.4,0.187024,0.822906,NONE,999.9,0,0
57.8966,45.1968,24.8752,1.60637,4.4,0.187024,0.822906,NONE,999.9,0,0
57.9002,45.1955,24.9192,1.60832,4.4,0.184603,0.812254,NONE,999.9,0,0
57.9041,45.1955,24.9192,1.60832,4.4,0.184603,0.812254,NONE,999.9,0,0
57.909,45.1941,24.9632,1.61009,4.4,0.186428,0.820282,NONE,999.9,0,0
57.9122,45.1941,24.9632,1.61009,4.4,0.186428,0.820282,NONE,999.9,0,0
57.916,45.1941,24.9632,1.61009,4.4,0.186428,0.820282,NONE,999.9,0,0
57.9201,45.1926,25.0072,1.61202,4.4,0.184062,0.80987,NONE,999.9,0,0
57.9243,45.1926,25.0072,1.61202,4.4,0.184062,0.80987,NONE,999.9,0,0
57.9294,45.1911,25.0511,1.61379,4.4,0.185939,0.818132,NONE,999.9,0,0
57.933,45.1911,25.0511,1.61379,4.4,0.185939,0.818132,NONE,999.9,0,0
57.9364,45.1911,25.0511,1.61379,4.4,0.185939,0.818132,NONE,999.9,0,0
57.94,45.1895,25.0951,1.61572,4.4,0.183624,0.807944,NONE,999.9,0,0
57.9443,45.1895,25.0951,1.61572,4.4,0.183624,0.807944,NONE,999.9,0,0
57.9488,45.1878,25.1391,1.61748,4.4,0.185549,0.816416,NONE,999.9,0,0
57.9519,45.1878,25.1391,1.61748,4.4,0.185549,0.816416,NONE,999.9,0,0
57.956,45.1878,25.1391,1.61748,4.4,0.185549,0.816416,NONE,999.9,0,0
57.9602,45.186,25.183,1.61941,4.4,0.183278,0.806423,NONE,999.9,0,0
57.9642,45.186,25.183,1.61941,4.4,0.183278,0.806423,NONE,999.9,0,0
57.9689,45.1841,25.227,1.62117,4.4,0.185244,0.815074,NONE,999.9,0,0
57.9719,45.1841,25.227,1.62117,4.4,0.185244,0.815074,NONE,999.9,0,0
57.9767,45.1841,25.227,1.62117,4.4,0.185244,0.815074,NONE,999.9,0,0
57.9802,45.1822,25.2705,1.62333,4.3049,0.22179,0.954784,NONE,999.9,0,0
57.9844,45.1822,25.2705,1.62333,4.3049,0.22179,0.954784,NONE,999.9,0,0
57.9889,45.1802,25.313,1.62561,4.2098,0.256503,1.07983,NONE,999.9,0,0
57.9922,45.1802,25.313,1.62561,4.2098,0.256503,1.07983,NONE,999.9,0,0
57.9967,45.1802,25.313,1.62561,4.2098,0.256503,1.07983,NONE,999.9,0,0
58.0001,45.1782,25.3546,1.62841,4.1147,0.27732,1.14109,NONE,999.9,0,0
58.0041,45.1782,25.3546,1.62841,4.1147,0.27732,1.14109,NONE,999.9,0,0
58.009,45.1762,25.3952,1.63073,4.0196,0.169726,0.68223,NONE,999.9,0,0
58.012,45.1762,25.3952,1.63073,4.0196,0.169726,0.68223,NONE,999.9,0,0
58.0159,45.1762,25.3952,1.63073,4.0196,0.169726,0.68223,NONE,999.9,0,0
58.02,45.1743,25.4349,1.63193,3.9245,0.0972439,0.381634,NONE,999.9,0,0
58.0243,45.1743,25.4349,1.63193,3.9245,0.0972439,0.381634,NONE,999.9,0,0
58.0297,45.1724,25.4736,1.6327,3.8294,0.0365843,0.140096,NONE,999.9,0,0
58.0321,45.1724,25.4736,1.6327,3.8294,0.0365843,0.140096,NONE,999.9,0,0
58.036,45.1724,25.4736,1.6327,3.8294,0.0365843,0.140096,NONE,999.9,0,0
58.04,45.1706,25.5114,1.63275,3.7343,-0.00227201,-0.00848436,NONE,999.9,0,0
58.0445,45.1706,25.5114,1.63275,3.7343,-0.00227201,-0.00848436,NONE,999.9,0,0
58.0487,45.1688,25.5482,1.63265,3.6392,-0.0393626,-0.143248,NONE,999.9,0,0
58.0522,45.1688,25.5482,1.63265,3.6392,-0.0393626,-0.143248,NONE,999.9,0,0
58.0562,45.1688,25.5482,1.63265,3.6392,-0.0393626,-0.143248,NONE,999.9,0,0
58.0606,45.1671,25.5841,1.63202,3.5441,-0.061001,-0.216194,NONE,999.9,0,0
58.0643,45.1671,25.5841,1.63202,3.5441,-0.061001,-0.216194,NONE,999.9,0,0
58.0691,45.1653,25.619,1.63141,3.449,-0.0860166,-0.296671,NONE,999.9,0,0
58.0719,45.1653,25.619,1.63141,3.449,-0.0860166,-0.296671,NONE,999.9,0,0
58.0764,45.1653,25.619,1.63141,3.449,-0.0860166,-0.296671,NONE,999.9,0,0
58.0805,45.1637,25.653,1.63036,3.3539,-0.0983512,-0.32986,NONE,999.9,0,0
58.0845,45.1637,25.653,1.63036,3.3539,-0.0983512,-0.32986,NONE,999.9,0,0
58.0891,45.162,25.686,1.6294,3.2588,-0.116755,-0.380479,NONE,999.9,0,0
58.0926,45.162,25.686,1.6294,3.2588,-0.116755,-0.380479,NONE,999.9,0,0
58.096,45.162,25.686,1.6294,3.2588,-0.116755,-0.380479,NONE,999.9,0,0
58.1003,45.1605,25.7181,1.62765,3.1637,-0.250736,-0.793252,NONE,999.9,0,0
58.1039,45.1605,25.7181,1.62765,3.1637,-0.250736,-0.793252,NONE,999.9,0,0
58.1087,45.1591,25.7492,1.62457,3.0686,-0.335134,-1.02839,NONE,999.9,0,0
58.1119,45.1591,25.7492,1.62457,3.0686,-0.335134,-1.02839,NONE,999.9,0,0
58.1159,45.1591,25.7492,1.62457,3.0686,-0.335134,-1.02839,NONE,999.9,0,0
58.1205,45.1578,25.7794,1.62098,2.9735,-0.401588,-1.19412,NONE,999.9,0,0
58.1242,45.1578,25.7794,1.62098,2.9735,-0.401588,-1.19412,NONE,999.9,0,0
58.1292,45.1566,25.8086,1.61665,2.8784,-0.438126,-1.2611,NONE,999.9,0,0
58.1319,45.1566,25.8086,1.61665,2.8784,-0.438126,-1.2611,NONE,999.9,0,0
58.1358,45.1566,25.8086,1.61665,2.8784,-0.438126,-1.2611,NONE,999.9,0,0
58.1401,45.1556,25.8369,1.61222,2.7833,-0.471039,-1.31104,NONE,999.9,0,0
58.1442,45.1556,25.8369,1.61222,2.7833,-0.471039,-1.31104,NONE,999.9,0,0
58.1492,45.1547,25.8643,1.60732,2.6882,-0.48247,-1.29698,NONE,999.9,0,0
58.1528,45.1547,25.8643,1.60732,2.6882,-0.48247,-1.29698,NONE,999.9,0,0
58.1563,45.1547,25.8643,1.60732,2.6882,-0.48247,-1.29698,NONE,999.9,0,0
58.1602,45.1539,25.8907,1.60254,2.5931,-0.497158,-1.28918,NONE,999.9,0,0
58.1641,45.1539,25.8907,1.60254,2.5931,-0.497158,-1.28918,NONE,999.9,0,0
58.1689,45.1533,25.9161,1.59703,2.498,-0.617024,-1.54132,NONE,999.9,0,0
58.1721,45.1533,25.9161,1.59703,2.498,-0.617024,-1.54132,NONE,999.9,0,0
58.1765,45.1533,25.9161,1.59703,2.498,-0.617024,-1.54132,NONE,999.9,0,0
58.1808,45.1529,25.9406,1.59,2.4029,-0.797678,-1.91674,NONE,999.9,0,0
58.1841,45.1529,25.9406,1.59,2.4029,-0.797678,-1.91674,NONE,999.9,0,0
58.1898,45.1528,25.9642,1.5814,2.3078,-0.887439,-2.04803,NONE,999.9,0,0
58.1919,45.1528,25.9642,1.5814,2.3078,-0.887439,-2.04803,NONE,999.9,0,0
58.1959,45.1528,25.9642,1.5814,2.3078,-0.887439,-2.04803,NONE,999.9,0,0
58.2,45.1529,25.9868,1.57235,2.2127,-0.939991,-2.07992,NONE,999.9,0,0
58.2038,45.1529,25.9868,1.57235,2.2127,-0.939991,-2.07992,NONE,999.9,0,0
58.209,45.1532,26.0084,1.56277,2.1176,-0.945721,-2.00266,NONE,999.9,0,0
58.2118,45.1532,26.0084,1.56277,2.1176,-0.945721,-2.00266,NONE,999.9,0,0
58.2164,45.1532,26.0084,1.56277,2.1176,-0.945721,-2.00266,NONE,999.9,0,0
58.2203,45.1537,26.0291,1.55343,2.0225,-0.944053,-1.90935,NONE,999.9,0,0
58.2243,45.1537,26.0291,1.55343,2.0225,-0.944053,-1.90935,NONE,999.9,0,0
58.2293,45.1544,26.0488,1.54402,1.9274,-0.912282,-1.75833,NONE,999.9,0,0
58.232,45.1544,26.0488,1.54402,1.9274,-0.912282,-1.75833,NONE,999.9,0,0
58.2361,45.1544,26.0488,1.54402,1.9274,-0.912282,-1.75833,NONE,999.9,0,0
58.2401,45.1553,26.0683,1.53615,1.96813,-0.673243,-1.32503,NONE,999.9,0,0
58.2446,45.1553,26.0683,1.53615,1.96813,-0.673243,-1.32503,NONE,999.9,0,0
58.2491,45.1563,26.0881,1.53039,2.00692,-0.484824,-0.973001,NONE,999.9,0,0
58.2525,45.1563,26.0881,1.53039,2.00692,-0.484824,-0.973001,NONE,999.9,0,0
58.2559,45.1563,26.0881,1.53039,2.00692,-0.484824,-0.973001,NONE,999.9,0,0
58.26,45.1574,26.1084,1.52639,2.04386,-0.316292,-0.646458,NONE,999.9,0,0
58.2639,45.1574,26.1084,1.52639,2.04386,-0.316292,-0.646458,NONE,999.9,0,0
58.2689,45.1585,26.129,1.5238,2.07905,-0.226069,-0.470009,NONE,999.9,0,0
58.272,45.1585,26.129,1.5238,2.07905,-0.226069,-0.470009,NONE,999.9,0,0
58.2765,45.1585,26.129,1.5238,2.07905,-0.226069,-0.470009,NONE,999.9,0,0
58.2803,45.1596,26.1499,1.52178,2.11257,-0.168631,-0.356245,NONE,999.9,0,0
58.2858,45.1596,26.1499,1.52178,2.11257,-0.168631,-0.356245,NONE,999.9,0,0
58.289,45.1608,26.1711,1.52032,2.14449,-0.141272,-0.302957,NONE,999.9,0,0
58.2919,45.1608,26.1711,1.52032,2.14449,-0.141272,-0.302957,NONE,999.9,0,0
58.2959,45.1608,26.1711,1.52032,2.14449,-0.141272,-0.302957,NONE,999.9,0,0
58.3001,45.162,26.1927,1.51894,2.1749,-0.11994,-0.260858,NONE,999.9,0,0
58.304,45.162,26.1927,1.51894,2.1749,-0.11994,-0.260858,NONE,999.9,0,0
58.3097,45.1633,26.2146,1.51786,2.20386,-0.113449,-0.250027,NONE,999.9,0,0
58.3125,45.1633,26.2146,1.51786,2.20386,-0.113449,-0.250027,NONE,999.9,0,0
58.3166,45.1633,26.2146,1.51786,2.20386,-0.113449,-0.250027,NONE,999.9,0,0
58.3206,45.1646,26.2367,1.5167,2.23144,-0.104367,-0.232889,NONE,999.9,0,0
58.3245,45.1646,26.2367,1.5167,2.23144,-0.104367,-0.232889,NONE,999.9,0,0
58.329,45.1659,26.2591,1.51573,2.25771,-0.10504,-0.23715,NONE,999.9,0,0
58.332,45.1659,26.2591,1.51573,2.25771,-0.10504,-0.23715,NONE,999.9,0,0
58.3361,45.1659,26.2591,1.51573,2.25771,-0.10504,-0.23715,NONE,999.9,0,0
58.3402,45.1673,26.2818,1.51462,2.28273,-0.100235,-0.22881,NONE,999.9,0,0
58.3445,45.1673,26.2818,1.51462,2.28273,-0.100235,-0.22881,NONE,999.9,0,0
58.3493,45.1687,26.3047,1.51368,2.30657,-0.103401,-0.238502,NONE,999.9,0,0
58.3523,45.1687,26.3047,1.51368,2.30657,-0.103401,-0.238502,NONE,999.9,0,0
58.356,45.1687,26.3047,1.51368,2.30657,-0.103401,-0.238502,NONE,999.9,0,0
58.36,45.1701,26.3278,1.51259,2.32927,-0.100103,-0.233167,NONE,999.9,0,0
58.3641,45.1701,26.3278,1.51259,2.32927,-0.100103,-0.233167,NONE,999.9,0,0
58.3688,45.1716,26.3512,1.51165,2.35088,-0.104118,-0.244769,NONE,999.9,0,0
58.3721,45.1716,26.3512,1.51165,2.35088,-0.104118,-0.244769,NONE,999.9,0,0
58.3767,45.1716,26.3512,1.51165,2.35088,-0.104118,-0.244769,NONE,999.9,0,0
58.3808,45.1731,26.3747,1.51054,2.37403,-0.101138,-0.240105,NONE,999.9,0,0
58.3843,45.1731,26.3747,1.51054,2.37403,-0.101138,-0.240105,NONE,999.9,0,0
58.3888,45.1746,26.3985,1.50959,2.39608,-0.105237,-0.252157,NONE,999.9,0,0
58.3918,45.1746,26.3985,1.50959,2.39608,-0.105237,-0.252157,NONE,999.9,0,0
58.3959,45.1746,26.3985,1.50959,2.39608,-0.105237,-0.252157,NONE,999.9,0,0
58.4001,45.1762,26.4225,1.50847,2.41707,-0.102645,-0.248101,NONE,999.9,0,0
58.4039,45.1762,26.4225,1.50847,2.41707,-0.102645,-0.248101,NONE,999.9,0,0
58.4093,45.1778,26.4468,1.50778,2.43707,-0.02623,-0.0639244,NONE,999.9,0,0
58.4123,45.1778,26.4468,1.50778,2.43707,-0.02623,-0.0639244,NONE,999.9,0,0
58.4163,45.1778,26.4468,1.50778,2.43707,-0.02623,-0.0639244,NONE,999.9,0,0
58.4203,45.1793,26.4712,1.50783,2.45612,0.0177957,0.0437083,NONE,999.9,0,0
58.4242,45.1793,26.4712,1.50783,2.45612,0.0177957,0.0437083,NONE,999.9,0,0
58.4286,45.1808,26.4958,1.50811,2.47426,0.0521898,0.129131,NONE,999.9,0,0
58.4319,45.1808,26.4958,1.50811,2.47426,0.0521898,0.129131,NONE,999.9,0,0
58.436,45.1808,26.4958,1.50811,2.47426,0.0521898,0.129131,NONE,999.9,0,0
58.4405,45.1823,26.5206,1.50881,2.49154,0.06925,0.172539,NONE,999.9,0,0
58.4449,45.1823,26.5206,1.50881,2.49154,0.06925,0.172539,NONE,999.9,0,0
58.449,45.1838,26.5455,1.50951,2.50799,0.0862255,0.216253,NONE,999.9,0,0
58.4519,45.1838,26.5455,1.50951,2.50799,0.0862255,0.216253,NONE,999.9,0,0
58.4559,45.1838,26.5455,1.50951,2.50799,0.0862255,0.216253,NONE,999.9,0,0
58.4604,45.1853,26.5706,1.51048,2.52367,0.0920147,0.232215,NONE,999.9,0,0
58.4642,45.1853,26.5706,1.51048,2.52367,0.0920147,0.232215,NONE,999.9,0,0
58.469,45.1867,26.5959,1.51137,2.5386,0.101635,0.258011,NONE,999.9,0,0
58.4721,45.1867,26.5959,1.51137,2.5386,0.101635,0.258011,NONE,999.9,0,0
58.477,45.1867,26.5959,1.51137,2.5386,0.101635,0.258011,NONE,999.9,0,0
58.481,45.1882,26.6213,1.51248,2.55282,0.10263,0.261997,NONE,999.9,0,0
58.4839,45.1882,26.6213,1.51248,2.55282,0.10263,0.261997,NONE,999.9,0,0
58.4895,45.1896,26.6469,1.51346,2.56636,0.109085,0.279951,NONE,999.9,0,0
58.4919,45.1896,26.6469,1.51346,2.56636,0.109085,0.279951,NONE,999.9,0,0
58.496,45.1896,26.6469,1.51346,2.56636,0.109085,0.279951,NONE,999.9,0,0
58.5004,45.1909,26.6726,1.51462,2.57926,0.108002,0.278565,NONE,999.9,0,0
58.5042,45.1909,26.6726,1.51462,2.57926,0.108002,0.278565,NONE,999.9,0,0
58.5096,45.1923,26.6984,1.51565,2.59155,0.113061,0.293003,NONE,999.9,0,0
58.5119,45.1923,26.6984,1.51565,2.59155,0.113061,0.293003,NONE,999.9,0,0
58.5162,45.1923,26.6984,1.51565,2.59155,0.113061,0.293003,NONE,999.9,0,0
58.5201,45.1937,26.7243,1.51685,2.60325,0.111055,0.289104,NONE,999.9,0,0
58.5243,45.1937,26.7243,1.51685,2.60325,0.111055,0.289104,NONE,999.9,0,0
58.529,45.195,26.7504,1.5179,2.61439,0.115477,0.301903,NONE,999.9,0,0
58.5319,45.195,26.7504,1.5179,2.61439,0.115477,0.301903,NONE,999.9,0,0
58.5363,45.195,26.7504,1.5179,2.61439,0.115477,0.301903,NONE,999.9,0,0
58.5404,45.1962,26.776,1.51923,2.51929,0.124944,0.31477,NONE,999.9,0,0
58.544,45.1962,26.776,1.51923,2.51929,0.124944,0.31477,NONE,999.9,0,0
58.5487,45.1975,26.8007,1.52044,2.42419,0.139914,0.339179,NONE,999.9,0,0
58.552,45.1975,26.8007,1.52044,2.42419,0.139914,0.339179,NONE,999.9,0,0
58.5559,45.1975,26.8007,1.52044,2.42419,0.139914,0.339179,NONE,999.9,0,0
58.5599,45.1986,26.8245,1.52195,2.32909,0.137739,0.320806,NONE,999.9,0,0
58.564,45.1986,26.8245,1.52195,2.32909,0.137739,0.320806,NONE,999.9,0,0
58.5694,45.1997,26.8472,1.52283,2.23399,0.0242321,0.0541345,NONE,999.9,0,0
58.5726,45.1997,26.8472,1.52283,2.23399,0.0242321,0.0541345,NONE,999.9,0,0
58.5764,45.1997,26.8472,1.52283,2.23399,0.0242321,0.0541345,NONE,999.9,0,0
58.5802,45.2008,26.8691,1.52265,2.13889,-0.0305558,-0.0653556,NONE,999.9,0,0
58.584,45.2008,26.8691,1.52265,2.13889,-0.0305558,-0.0653556,NONE,999.9,0,0
58.5886,45.2019,26.89,1.52224,2.04379,-0.0725716,-0.148322,NONE,999.9,0,0
58.5919,45.2019,26.89,1.52224,2.04379,-0.0725716,-0.148322,NONE,999.9,0,0
58.596,45.2019,26.89,1.52224,2.04379,-0.0725716,-0.148322,NONE,999.9,0,0
58.6003,45.203,26.9099,1.52092,1.94869,-0.201803,-0.393252,NONE,999.9,0,0
58.6045,45.203,26.9099,1.52092,1.94869,-0.201803,-0.393252,NONE,999.9,0,0
58.6088,45.2042,26.9289,1.51847,1.85359,-0.254806,-0.472307,NONE,999.9,0,0
58.612,45.2042,26.9289,1.51847,1.85359,-0.254806,-0.472307,NONE,999.9,0,0
58.6162,45.2042,26.9289,1.51847,1.85359,-0.254806,-0.472307,NONE,999.9,0,0
58.6204,45.2053,26.9469,1.51585,1.75849,-0.289694,-0.509425,NONE,999.9,0,0
58.6242,45.2053,26.9469,1.51585,1.75849,-0.289694,-0.509425,NONE,999.9,0,0
58.6291,45.2065,26.964,1.51283,1.66339,-0.286942,-0.477298,NONE,999.9,0,0
58.6322,45.2065,26.964,1.51283,1.66339,-0.286942,-0.477298,NONE,999.9,0,0
58.6363,45.2065,26.964,1.51283,1.66339,-0.286942,-0.477298,NONE,999.9,0,0
58.6403,45.2077,26.9801,1.51006,1.57008,-0.290955,-0.456823,NONE,999.9,0,0
58.6445,45.2077,26.9801,1.51006,1.57008,-0.290955,-0.456823,NONE,999.9,0,0
58.649,45.2088,26.9954,1.50716,1.49451,-0.265133,-0.396245,NONE,999.9,0,0
58.6519,45.2088,26.9954,1.50716,1.49451,-0.265133,-0.396245,NONE,999.9,0,0
58.656,45.2088,26.9954,1.50716,1.49451,-0.265133,-0.396245,NONE,999.9,0,0
58.6602,45.21,27.01,1.50467,1.43332,-0.255434,-0.366118,NONE,999.9,0,0
58.6646,45.21,27.01,1.50467,1.43332,-0.255434,-0.366118,NONE,999.9,0,0
58.6691,45.2111,27.024,1.50215,1.38376,-0.228588,-0.316312,NONE,999.9,0,0
58.6719,45.2111,27.024,1.50215,1.38376,-0.228588,-0.316312,NONE,999.9,0,0
58.6772,45.2111,27.024,1.50215,1.38376,-0.228588,-0.316312,NONE,999.9,0,0
58.6802,45.2123,27.0376,1.5,1.34363,-0.222798,-0.299359,NONE,999.9,0,0
58.684,45.2123,27.0376,1.5,1.34363,-0.222798,-0.299359,NONE,999.9,0,0
58.6889,45.2135,27.0508,1.49778,1.31114,-0.202217,-0.265134,NONE,999.9,0,0
58.6919,45.2135,27.0508,1.49778,1.31114,-0.202217,-0.265134,NONE,999.9,0,0
58.6961,45.2135,27.0508,1.49778,1.31114,-0.202217,-0.265134,NONE,999.9,0,0
58.7006,45.2146,27.0637,1.49586,1.28482,-0.202153,-0.259731,NONE,999.9,0,0
58.704,45.2146,27.0637,1.49586,1.28482,-0.202153,-0.259731,NONE,999.9,0,0
58.7088,45.2158,27.0764,1.49382,1.26351,-0.186687,-0.235881,NONE,999.9,0,0
58.7121,45.2158,27.0764,1.49382,1.26351,-0.186687,-0.235881,NONE,999.9,0,0
58.716,45.2158,27.0764,1.49382,1.26351,-0.186687,-0.235881,NONE,999.9,0,0
58.7207,45.2171,27.0889,1.49204,1.24625,-0.190388,-0.237272,NONE,999.9,0,0
58.7239,45.2171,27.0889,1.49204,1.24625,-0.190388,-0.237272,NONE,999.9,0,0
58.7304,45.2183,27.1012,1.4901,1.23228,-0.177912,-0.219237,NONE,999.9,0,0
58.7326,45.2183,27.1012,1.4901,1.23228,-0.177912,-0.219237,NONE,999.9,0,0
58.7359,45.2183,27.1012,1.4901,1.23228,-0.177912,-0.219237,NONE,999.9,0,0
58.7401,45.2195,27.1134,1.48839,1.22096,-0.183676,-0.224262,NONE,999.9,0,0
58.7442,45.2195,27.1134,1.48839,1.22096,-0.183676,-0.224262,NONE,999.9,0,0
58.7487,45.2208,27.1255,1.48651,1.2118,-0.17282,-0.209422,NONE,999.9,0,0
58.7523,45.2208,27.1255,1.48651,1.2118,-0.17282,-0.209422,NONE,999.9,0,0
58.756,45.2208,27.1255,1.48651,1.2118,-0.17282,-0.209422,NONE,999.9,0,0
58.7601,45.2221,27.1376,1.48485,1.20438,-0.179695,-0.21642,NONE,999.9,0,0
58.7642,45.2221,27.1376,1.48485,1.20438,-0.179695,-0.21642,NONE,999.9,0,0
58.7694,45.2234,27.1495,1.48301,1.19837,-0.169736,-0.203406,NONE,999.9,0,0
58.7724,45.2234,27.1495,1.48301,1.19837,-0.169736,-0.203406,NONE,999.9,0,0
58.7763,45.2234,27.1495,1.48301,1.19837,-0.169736,-0.203406,NONE,999.9,0,0
58.7801,45.2246,27.1614,1.48136,1.1935,-0.177238,-0.211533,NONE,999.9,0,0
58.784,45.2246,27.1614,1.48136,1.1935,-0.177238,-0.211533,NONE,999.9,0,0
58.7895,45.226,27.173,1.47952,1.14329,-0.167307,-0.19128,NONE,999.9,0,0
58.793,45.226,27.173,1.47952,1.14329,-0.167307,-0.19128,NONE,999.9,0,0
58.7968,45.226,27.173,1.47952,1.14329,-0.167307,-0.19128,NONE,999.9,0,0
58.802,45.2272,27.1842,1.47792,1.10263,-0.174324,-0.192215,NONE,999.9,0,0
58.8038,45.2272,27.1842,1.47792,1.10263,-0.174324,-0.192215,NONE,999.9,0,0
58.8092,45.2285,27.1949,1.47616,1.0697,-0.157146,-0.168099,NONE,999.9,0,0
58.8121,45.2285,27.1949,1.47616,1.0697,-0.157146,-0.168099,NONE,999.9,0,0
58.8165,45.2285,27.1949,1.47616,1.0697,-0.157146,-0.168099,NONE,999.9,0,0
58.82,45.2297,27.2054,1.47494,1.04304,-0.0795677,-0.0829919,NONE,999.9,0,0
58.8244,45.2297,27.2054,1.47494,1.04304,-0.0795677,-0.0829919,NONE,999.9,0,0
58.8296,45.2308,27.2157,1.47433,1.02144,-0.0674792,-0.0689261,NONE,999.9,0,0
58.8322,45.2308,27.2157,1.47433,1.02144,-0.0674792,-0.0689261,NONE,999.9,0,0
58.836,45.2308,27.2157,1.47433,1.02144,-0.0674792,-0.0689261,NONE,999.9,0,0
58.8401,45.2319,27.2258,1.47366,1.00396,-0.0475849,-0.0477732,NONE,999.9,0,0
58.8442,45.2319,27.2258,1.47366,1.00396,-0.0475849,-0.0477732,NONE,999.9,0,0
58.8488,45.2329,27.2357,1.47325,0.989797,-0.0556658,-0.0550978,NONE,999.9,0,0
58.8523,45.2329,27.2357,1.47325,0.989797,-0.0556658,-0.0550978,NONE,999.9,0,0
58.8562,45.2329,27.2357,1.47325,0.989797,-0.0556658,-0.0550978,NONE,999.9,0,0
58.8605,45.234,27.2455,1.47266,0.97833,-0.0426825,-0.0417576,NONE,999.9,0,0
58.8641,45.234,27.2455,1.47266,0.97833,-0.0426825,-0.0417576,NONE,999.9,0,0
58.8687,45.235,27.2552,1.47228,0.969044,-0.0532317,-0.0515838,NONE,999.9,0,0
58.8722,45.235,27.2552,1.47228,0.969044,-0.0532317,-0.0515838,NONE,999.9,0,0
58.8762,45.235,27.2552,1.47228,0.969044,-0.0532317,-0.0515838,NONE,999.9,0,0
58.8802,45.236,27.2647,1.47171,0.961524,-0.041169,-0.039585,NONE,999.9,0,0
58.8842,45.236,27.2647,1.47171,0.961524,-0.041169,-0.039585,NONE,999.9,0,0
58.8889,45.237,27.2743,1.47134,0.955435,-0.0521814,-0.0498559,NONE,999.9,0,0
58.8923,45.237,27.2743,1.47134,0.955435,-0.0521814,-0.0498559,NONE,999.9,0,0
58.896,45.237,27.2743,1.47134,0.955435,-0.0521814,-0.0498559,NONE,999.9,0,0
58.9,45.2381,27.2838,1.47078,0.950504,-0.0403563,-0.0383588,NONE,999.9,0,0
58.9038,45.2381,27.2838,1.47078,0.950504,-0.0403563,-0.0383588,NONE,999.9,0,0
58.909,45.2391,27.2932,1.47042,0.94651,-0.0515625,-0.0488044,NONE,999.9,0,0
58.9118,45.2391,27.2932,1.47042,0.94651,-0.0515625,-0.0488044,NONE,999.9,0,0
58.9158,45.2391,27.2932,1.47042,0.94651,-0.0515625,-0.0488044,NONE,999.9,0,0
58.9204,45.2401,27.3026,1.46986,0.943277,-0.039855,-0.0375942,NONE,999.9,0,0
58.9248,45.2401,27.3026,1.46986,0.943277,-0.039855,-0.0375942,NONE,999.9,0,0
58.9297,45.2411,27.3119,1.46951,0.940658,-0.0511753,-0.0481385,NONE,999.9,0,0
58.932,45.2411,27.3119,1.46951,0.940658,-0.0511753,-0.0481385,NONE,999.9,0,0
58.9359,45.2411,27.3119,1.46951,0.940658,-0.0511753,-0.0481385,NONE,999.9,0,0
58.9403,45.2422,27.3213,1.46896,0.938537,-0.0395373,-0.0371072,NONE,999.9,0,0
58.9441,45.2422,27.3213,1.46896,0.938537,-0.0395373,-0.0371072,NONE,999.9,0,0
58.9488,45.2432,27.3306,1.4686,0.93682,-0.0509289,-0.0477112,NONE,999.9,0,0
58.9524,45.2432,27.3306,1.4686,0.93682,-0.0509289,-0.0477112,NONE,999.9,0,0
58.9563,45.2432,27.3306,1.4686,0.93682,-0.0509289,-0.0477112,NONE,999.9,0,0
58.96,45.2442,27.3399,1.46805,0.935429,-0.0393335,-0.0367937,NONE,999.9,0,0
58.9644,45.2442,27.3399,1.46805,0.935429,-0.0393335,-0.0367937,NONE,999.9,0,0
58.969,45.2452,27.3492,1.4677,0.934303,-0.0507704,-0.047435,NONE,999.9,0,0
58.972,45.2452,27.3492,1.4677,0.934303,-0.0507704,-0.047435,NONE,999.9,0,0
58.9765,45.2452,27.3492,1.4677,0.934303,-0.0507704,-0.047435,NONE,999.9,0,0
58.981,45.2463,27.3585,1.46715,0.933391,-0.0392016,-0.0365905,NONE,999.9,0,0
58.9843,45.2463,27.3585,1.46715,0.933391,-0.0392016,-0.0365905,NONE,999.9,0,0
58.9895,45.2473,27.3678,1.4668,0.932653,-0.0506676,-0.0472553,NONE,999.9,0,0
58.9928,45.2473,27.3678,1.4668,0.932653,-0.0506676,-0.0472553,NONE,999.9,0,0
58.996,45.2473,27.3678,1.4668,0.932653,-0.0506676,-0.0472553,NONE,999.9,0,0
59,45.2484,27.377,1.46625,0.932055,-0.0391159,-0.0364581,NONE,999.9,0,0
59.0042,45.2484,27.377,1.46625,0.932055,-0.0391159,-0.0364581,NONE,999.9,0,0
59.0093,45.2494,27.3863,1.4659,0.93157,-0.0506007,-0.0471381,NONE,999.9,0,0
59.0123,45.2494,27.3863,1.4659,0.93157,-0.0506007,-0.0471381,NONE,999.9,0,0
59.0161,45.2494,27.3863,1.4659,0.93157,-0.0506007,-0.0471381,NONE,999.9,0,0
59.0205,45.2504,27.3955,1.46536,0.931178,-0.0390599,-0.0363717,NONE,999.9,0,0
59.0243,45.2504,27.3955,1.46536,0.931178,-0.0390599,-0.0363717,NONE,999.9,0,0
59.0289,45.2515,27.4048,1.46501,0.930861,-0.0505569,-0.0470615,NONE,999.9,0,0
59.0324,45.2515,27.4048,1.46501,0.930861,-0.0505569,-0.0470615,NONE,999.9,0,0
59.0365,45.2515,27.4048,1.46501,0.930861,-0.0505569,-0.0470615,NONE,999.9,0,0
59.04,45.2525,27.414,1.46446,0.930603,-0.0390232,-0.0363151,NONE,999.9,0,0
59.0441,45.2525,27.414,1.46446,0.930603,-0.0390232,-0.0363151,NONE,999.9,0,0
59.049,45.2536,27.4233,1.46411,0.930395,-0.0505283,-0.0470113,NONE,999.9,0,0
59.0522,45.2536,27.4233,1.46411,0.930395,-0.0505283,-0.0470113,NONE,999.9,0,0
59.0561,45.2536,27.4233,1.46411,0.930395,-0.0505283,-0.0470113,NONE,999.9,0,0
59.0603,45.2547,27.4325,1.46357,0.930227,-0.0389992,-0.0362781,NONE,999.9,0,0
59.064,45.2547,27.4325,1.46357,0.930227,-0.0389992,-0.0362781,NONE,999.9,0,0
59.0692,45.2557,27.4418,1.46322,0.93009,-0.0505096,-0.0469784,NONE,999.9,0,0
59.0719,45.2557,27.4418,1.46322,0.93009,-0.0505096,-0.0469784,NONE,999.9,0,0
59.0763,45.2557,27.4418,1.46322,0.93009,-0.0505096,-0.0469784,NONE,999.9,0,0
59.0801,45.2568,27.451,1.46267,0.934574,-0.0392577,-0.0366892,NONE,999.9,0,0
59.0848,45.2568,27.451,1.46267,0.934574,-0.0392577,-0.0366892,NONE,999.9,0,0
59.0888,45.2579,27.4603,1.46232,0.938845,-0.0504905,-0.0474028,NONE,999.9,0,0
59.092,45.2579,27.4603,1.46232,0.938845,-0.0504905,-0.0474028,NONE,999.9,0,0
59.0961,45.2579,27.4603,1.46232,0.938845,-0.0504905,-0.0474028,NONE,999.9,0,0
59.1001,45.259,27.4697,1.46154,0.942913,-0.112351,-0.105937,NONE,999.9,0,0
59.1039,45.259,27.4697,1.46154,0.942913,-0.112351,-0.105937,NONE,999.9,0,0
59.109,45.2602,27.479,1.46026,0.946788,-0.119314,-0.112965,NONE,999.9,0,0
59.1124,45.2602,27.479,1.46026,0.946788,-0.119314,-0.112965,NONE,999.9,0,0
59.1163,45.2602,27.479,1.46026,0.946788,-0.119314,-0.112965,NONE,999.9,0,0
59.1201,45.2614,27.4884,1.45907,0.950478,-0.137217,-0.130422,NONE,999.9,0,0
59.1242,45.2614,27.4884,1.45907,0.950478,-0.137217,-0.130422,NONE,999.9,0,0
59.1297,45.2627,27.4979,1.45764,0.953993,-0.129357,-0.123406,NONE,999.9,0,0
59.132,45.2627,27.4979,1.45764,0.953993,-0.129357,-0.123406,NONE,999.9,0,0
59.1358,45.2627,27.4979,1.45764,0.953993,-0.129357,-0.123406,NONE,999.9,0,0
59.1402,45.264,27.5074,1.45638,0.957341,-0.141826,-0.135776,NONE,999.9,0,0
59.1444,45.264,27.5074,1.45638,0.957341,-0.141826,-0.135776,NONE,999.9,0,0
59.1492,45.2653,27.5169,1.45491,0.967754,-0.132376,-0.128108,NONE,999.9,0,0
59.152,45.2653,27.5169,1.45491,0.967754,-0.132376,-0.128108,NONE,999.9,0,0
59.156,45.2653,27.5169,1.45491,0.967754,-0.132376,-0.128108,NONE,999.9,0,0
59.1601,45.2666,27.5265,1.45362,0.977672,-0.143972,-0.140757,NONE,999.9,0,0
59.164,45.2666,27.5265,1.45362,0.977672,-0.143972,-0.140757,NONE,999.9,0,0
59.1688,45.268,27.5362,1.45214,0.987118,-0.135317,-0.133574,NONE,999.9,0,0
59.172,45.268,27.5362,1.45214,0.987118,-0.135317,-0.133574,NONE,999.9,0,0
59.1765,45.268,27.5362,1.45214,0.987118,-0.135317,-0.133574,NONE,999.9,0,0
59.1822,45.2694,27.5461,1.45105,0.996116,-0.0745542,-0.0742646,NONE,999.9,0,0
59.1842,45.2694,27.5461,1.45105,0.996116,-0.0745542,-0.0742646,NONE,999.9,0,0
59.1889,45.2707,27.556,1.45046,1.00469,-0.0661202,-0.06643,NONE,999.9,0,0
59.1924,45.2707,27.556,1.45046,1.00469,-0.0661202,-0.06643,NONE,999.9,0,0
59.1965,45.2707,27.556,1.45046,1.00469,-0.0661202,-0.06643,NONE,999.9,0,0
59.2003,45.272,27.566,1.4498,1.01285,-0.0493478,-0.0499818,NONE,999.9,0,0
59.2039,45.272,27.566,1.4498,1.01285,-0.0493478,-0.0499818,NONE,999.9,0,0
59.2095,45.2734,27.5761,1.44937,1.02062,-0.056375,-0.0575376,NONE,999.9,0,0
59.2122,45.2734,27.5761,1.44937,1.02062,-0.056375,-0.0575376,NONE,999.9,0,0
59.2161,45.2734,27.5761,1.44937,1.02062,-0.056375,-0.0575376,NONE,999.9,0,0
59.22,45.2747,27.5862,1.44877,1.02803,-0.0456335,-0.0469124,NONE,999.9,0,0
59.224,45.2747,27.5862,1.44877,1.02803,-0.0456335,-0.0469124,NONE,999.9,0,0
59.2303,45.276,27.5965,1.44835,1.03508,-0.0548838,-0.056809,NONE,999.9,0,0
59.2327,45.276,27.5965,1.44835,1.03508,-0.0548838,-0.056809,NONE,999.9,0,0
59.2361,45.276,27.5965,1.44835,1.03508,-0.0548838,-0.056809,NONE,999.9,0,0
59.2403,45.2774,27.6067,1.44776,1.04179,-0.0452948,-0.0471879,NONE,999.9,0,0
59.2444,45.2774,27.6067,1.44776,1.04179,-0.0452948,-0.0471879,NONE,999.9,0,0
59.2489,45.2787,27.6171,1.44735,1.04819,-0.054893,-0.0575384,NONE,999.9,0,0
59.2519,45.2787,27.6171,1.44735,1.04819,-0.054893,-0.0575384,NONE,999.9,0,0
59.256,45.2787,27.6171,1.44735,1.04819,-0.054893,-0.0575384,NONE,999.9,0,0
59.26,45.2801,27.6275,1.44676,1.05429,-0.0456453,-0.0481231,NONE,999.9,0,0
59.264,45.2801,27.6275,1.44676,1.05429,-0.0456453,-0.0481231,NONE,999.9,0,0
59.2689,45.2815,27.638,1.44635,1.06009,-0.055246,-0.0585657,NONE,999.9,0,0
59.2721,45.2815,27.638,1.44635,1.06009,-0.055246,-0.0585657,NONE,999.9,0,0
59.2762,45.2815,27.638,1.44635,1.06009,-0.055246,-0.0585657,NONE,999.9,0,0
59.2809,45.2829,27.6485,1.44575,1.06562,-0.0461491,-0.0491772,NONE,999.9,0,0
59.284,45.2829,27.6485,1.44575,1.06562,-0.0461491,-0.0491772,NONE,999.9,0,0
59.2888,45.2843,27.6591,1.44533,1.07088,-0.0556743,-0.0596205,NONE,999.9,0,0
59.292,45.2843,27.6591,1.44533,1.07088,-0.0556743,-0.0596205,NONE,999.9,0,0
59.2959,45.2843,27.6591,1.44533,1.07088,-0.0556743,-0.0596205,NONE,999.9,0,0
59.3001,45.2858,27.6698,1.44473,1.0759,-0.0466669,-0.0502087,NONE,999.9,0,0
59.3048,45.2858,27.6698,1.44473,1.0759,-0.0466669,-0.0502087,NONE,999.9,0,0
59.3113,45.2872,27.6805,1.4443,1.08067,-0.0561008,-0.0606266,NONE,999.9,0,0
59.3128,45.2872,27.6805,1.4443,1.08067,-0.0561008,-0.0606266,NONE,999.9,0,0
59.3162,45.2872,27.6805,1.4443,1.08067,-0.0561008,-0.0606266,NONE,999.9,0,0
59.3204,45.2886,27.6912,1.4437,1.08522,-0.0471579,-0.0511767,NONE,999.9,0,0
59.3244,45.2886,27.6912,1.4437,1.08522,-0.0471579,-0.0511767,NONE,999.9,0,0
59.3287,45.2901,27.702,1.44327,1.08955,-0.0565023,-0.0615623,NONE,999.9,0,0
59.3321,45.2901,27.702,1.44327,1.08955,-0.0565023,-0.0615623,NONE,999.9,0,0
59.3367,45.2901,27.702,1.44327,1.08955,-0.0565023,-0.0615623,NONE,999.9,0,0
59.3403,45.2916,27.7128,1.44266,1.09368,-0.047611,-0.0520712,NONE,999.9,0,0
59.3441,45.2916,27.7128,1.44266,1.09368,-0.047611,-0.0520712,NONE,999.9,0,0
59.3487,45.293,27.7236,1.44223,1.09761,-0.0568727,-0.062424,NONE,999.9,0,0
59.3519,45.293,27.7236,1.44223,1.09761,-0.0568727,-0.062424,NONE,999.9,0,0
59.3559,45.293,27.7236,1.44223,1.09761,-0.0568727,-0.062424,NONE,999.9,0,0
59.36,45.2945,27.7345,1.44161,1.10135,-0.0480249,-0.0528923,NONE,999.9,0,0
59.3639,45.2945,27.7345,1.44161,1.10135,-0.0480249,-0.0528923,NONE,999.9,0,0
59.3689,45.296,27.7454,1.44118,1.09552,-0.0576394,-0.0631448,NONE,999.9,0,0
59.3726,45.296,27.7454,1.44118,1.09552,-0.0576394,-0.0631448,NONE,999.9,0,0
59.3767,45.296,27.7454,1.44118,1.09552,-0.0576394,-0.0631448,NONE,999.9,0,0
59.3817,45.2975,27.7562,1.44056,1.09079,-0.0478871,-0.0522347,NONE,999.9,0,0
59.3838,45.2975,27.7562,1.44056,1.09079,-0.0478871,-0.0522347,NONE,999.9,0,0
59.3891,45.299,27.767,1.44012,1.08696,-0.0572503,-0.0622287,NONE,999.9,0,0
59.3918,45.299,27.767,1.44012,1.08696,-0.0572503,-0.0622287,NONE,999.9,0,0
59.3958,45.299,27.767,1.44012,1.08696,-0.0572503,-0.0622287,NONE,999.9,0,0
59.4003,45.3005,27.7778,1.43951,1.08386,-0.0474843,-0.0514663,NONE,999.9,0,0
59.4042,45.3005,27.7778,1.43951,1.08386,-0.0474843,-0.0514663,NONE,999.9,0,0
59.4095,45.302,27.7885,1.43908,1.08135,-0.0568849,-0.0615124,NONE,999.9,0,0
59.412,45.302,27.7885,1.43908,1.08135,-0.0568849,-0.0615124,NONE,999.9,0,0
59.4162,45.302,27.7885,1.43908,1.08135,-0.0568849,-0.0615124,NONE,999.9,0,0
59.4205,45.3035,27.7992,1.43846,1.07932,-0.0471828,-0.0509251,NONE,999.9,0,0
59.4241,45.3035,27.7992,1.43846,1.07932,-0.0471828,-0.0509251,NONE,999.9,0,0
59.4291,45.305,27.8099,1.43804,1.07767,-0.056634,-0.0610327,NONE,999.9,0,0
59.4321,45.305,27.8099,1.43804,1.07767,-0.056634,-0.0610327,NONE,999.9,0,0
59.4365,45.305,27.8099,1.43804,1.07767,-0.056634,-0.0610327,NONE,999.9,0,0
59.4401,45.3065,27.8205,1.43743,1.07634,-0.0469824,-0.0505689,NONE,999.9,0,0
59.4441,45.3065,27.8205,1.43743,1.07634,-0.0469824,-0.0505689,NONE,999.9,0,0
59.449,45.308,27.8312,1.437,1.07526,-0.0564695,-0.0607192,NONE,999.9,0,0
59.4519,45.308,27.8312,1.437,1.07526,-0.0564695,-0.0607192,NONE,999.9,0,0
59.4559,45.308,27.8312,1.437,1.07526,-0.0564695,-0.0607192,NONE,999.9,0,0
59.4599,45.3095,27.8418,1.43639,1.07438,-0.0468516,-0.0503365,NONE,999.9,0,0
59.4643,45.3095,27.8418,1.43639,1.07438,-0.0468516,-0.0503365,NONE,999.9,0,0
59.4691,45.3111,27.8525,1.43597,1.07367,-0.0563623,-0.0605147,NONE,999.9,0,0
59.4726,45.3111,27.8525,1.43597,1.07367,-0.0563623,-0.0605147,NONE,999.9,0,0
59.4762,45.3111,27.8525,1.43597,1.07367,-0.0563623,-0.0605147,NONE,999.9,0,0
59.4805,45.3126,27.8631,1.43536,1.0731,-0.0467663,-0.0501849,NONE,999.9,0,0
59.4841,45.3126,27.8631,1.43536,1.0731,-0.0467663,-0.0501849,NONE,999.9,0,0
59.4895,45.3141,27.8737,1.43494,1.07264,-0.0562923,-0.0603812,NONE,999.9,0,0
59.4921,45.3141,27.8737,1.43494,1.07264,-0.0562923,-0.0603812,NONE,999.9,0,0
59.4961,45.3141,27.8737,1.43494,1.07264,-0.0562923,-0.0603812,NONE,999.9,0,0
59.5004,45.3156,27.8843,1.43433,1.07226,-0.0467105,-0.0500859,NONE,999.9,0,0
59.5041,45.3156,27.8843,1.43433,1.07226,-0.0467105,-0.0500859,NONE,999.9,0,0
59.5089,45.3172,27.8949,1.43391,1.07196,-0.0562465,-0.0602938,NONE,999.9,0,0
59.5121,45.3172,27.8949,1.43391,1.07196,-0.0562465,-0.0602938,NONE,999.9,0,0
59.516,45.3172,27.8949,1.43391,1.07196,-0.0562465,-0.0602938,NONE,999.9,0,0
59.5207,45.3187,27.9055,1.4333,1.07171,-0.0466741,-0.050021,NONE,999.9,0,0
59.5239,45.3187,27.9055,1.4333,1.07171,-0.0466741,-0.050021,NONE,999.9,0,0
59.5289,45.3203,27.9162,1.43288,1.07151,-0.0562166,-0.0602366,NONE,999.9,0,0
59.5323,45.3203,27.9162,1.43288,1.07151,-0.0562166,-0.0602366,NONE,999.9,0,0
59.5361,45.3203,27.9162,1.43288,1.07151,-0.0562166,-0.0602366,NONE,999.9,0,0
59.5401,45.3218,27.9268,1.43227,1.07135,-0.0466502,-0.0499786,NONE,999.9,0,0
59.5446,45.3218,27.9268,1.43227,1.07135,-0.0466502,-0.0499786,NONE,999.9,0,0
59.5486,45.3234,27.9374,1.43185,1.07122,-0.056197,-0.0601992,NONE,999.9,0,0
59.5524,45.3234,27.9374,1.43185,1.07122,-0.056197,-0.0601992,NONE,999.9,0,0
59.5558,45.3234,27.9374,1.43185,1.07122,-0.056197,-0.0601992,NONE,999.9,0,0
59.5604,45.3249,27.9479,1.43125,1.07111,-0.0466345,-0.0499508,NONE,999.9,0,0
59.5642,45.3249,27.9479,1.43125,1.07111,-0.0466345,-0.0499508,NONE,999.9,0,0
59.5693,45.3265,27.9585,1.43082,1.07103,-0.0561841,-0.0601746,NONE,999.9,0,0
59.5726,45.3265,27.9585,1.43082,1.07103,-0.0561841,-0.0601746,NONE,999.9,0,0
59.5762,45.3265,27.9585,1.43082,1.07103,-0.0561841,-0.0601746,NONE,999.9,0,0
59.5801,45.3281,27.9691,1.43022,1.07096,-0.0466243,-0.0499326,NONE,999.9,0,0
59.584,45.3281,27.9691,1.43022,1.07096,-0.0466243,-0.0499326,NONE,999.9,0,0
59.5888,45.3297,27.9797,1.4298,1.0709,-0.0561757,-0.0601585,NONE,999.9,0,0
59.5921,45.3297,27.9797,1.4298,1.0709,-0.0561757,-0.0601585,NONE,999.9,0,0
59.5963,45.3297,27.9797,1.4298,1.0709,-0.0561757,-0.0601585,NONE,999.9,0,0
59.6001,45.3313,27.9903,1.42919,1.07085,-0.0466176,-0.0499206,NONE,999.9,0,0
59.604,45.3313,27.9903,1.42919,1.07085,-0.0466176,-0.0499206,NONE,999.9,0,0
59.6092,45.3328,28.0009,1.42877,1.07082,-0.0561702,-0.060148,NONE,999.9,0,0
59.6123,45.3328,28.0009,1.42877,1.07082,-0.0561702,-0.060148,NONE,999.9,0,0
59.6161,45.3328,28.0009,1.42877,1.07082,-0.0561702,-0.060148,NONE,999.9,0,0
59.6205,45.3344,28.0115,1.42816,1.07079,-0.0466132,-0.0499128,NONE,999.9,0,0
59.6244,45.3344,28.0115,1.42816,1.07079,-0.0466132,-0.0499128,NONE,999.9,0,0
59.6294,45.336,28.022,1.42774,1.06081,-0.0566249,-0.060068,NONE,999.9,0,0
59.6319,45.336,28.022,1.42774,1.06081,-0.0566249,-0.060068,NONE,999.9,0,0
59.636,45.336,28.022,1.42774,1.06081,-0.0566249,-0.060068,NONE,999.9,0,0
59.64,45.3376,28.0325,1.42713,1.05272,-0.046035,-0.0484621,NONE,999.9,0,0
59.6442,45.3376,28.0325,1.42713,1.05272,-0.046035,-0.0484621,NONE,999.9,0,0
59.6489,45.3392,28.0429,1.42672,1.04618,-0.0558465,-0.0584254,NONE,999.9,0,0
59.6518,45.3392,28.0429,1.42672,1.04618,-0.0558465,-0.0584254,NONE,999.9,0,0
59.6563,45.3392,28.0429,1.42672,1.04618,-0.0558465,-0.0584254,NONE,999.9,0,0
59.6602,45.3408,28.0532,1.42586,1.04088,-0.122423,-0.127427,NONE,999.9,0,0
59.664,45.3408,28.0532,1.42586,1.04088,-0.122423,-0.127427,NONE,999.9,0,0
59.6699,45.3425,28.0634,1.42447,1.03658,-0.132179,-0.137015,NONE,999.9,0,0
59.672,45.3425,28.0634,1.42447,1.03658,-0.132179,-0.137015,NONE,999.9,0,0
59.676,45.3425,28.0634,1.42447,1.03658,-0.132179,-0.137015,NONE,999.9,0,0
59.6801,45.3442,28.0736,1.42315,1.03311,-0.149402,-0.154348,NONE,999.9,0,0
59.6841,45.3442,28.0736,1.42315,1.03311,-0.149402,-0.154348,NONE,999.9,0,0
59.6898,45.3459,28.0839,1.42161,1.04062,-0.14171,-0.147466,NONE,999.9,0,0
59.692,45.3459,28.0839,1.42161,1.04062,-0.14171,-0.147466,NONE,999.9,0,0
59.696,45.3459,28.0839,1.42161,1.04062,-0.14171,-0.147466,NONE,999.9,0,0
59.7002,45.3477,28.0941,1.42022,1.04777,-0.152868,-0.160172,NONE,999.9,0,0
59.7041,45.3477,28.0941,1.42022,1.04777,-0.152868,-0.160172,NONE,999.9,0,0
59.709,45.3495,28.1045,1.41864,1.05459,-0.144948,-0.15286,NONE,999.9,0,0
59.7123,45.3495,28.1045,1.41864,1.05459,-0.144948,-0.15286,NONE,999.9,0,0
59.716,45.3495,28.1045,1.41864,1.05459,-0.144948,-0.15286,NONE,999.9,0,0
59.7203,45.3513,28.1149,1.41748,1.06108,-0.0816484,-0.0866354,NONE,999.9,0,0
59.7245,45.3513,28.1149,1.41748,1.06108,-0.0816484,-0.0866354,NONE,999.9,0,0
59.7292,45.3531,28.1254,1.41683,1.06726,-0.0705722,-0.075319,NONE,999.9,0,0
59.7319,45.3531,28.1254,1.41683,1.06726,-0.0705722,-0.075319,NONE,999.9,0,0
59.7359,45.3531,28.1254,1.41683,1.06726,-0.0705722,-0.075319,NONE,999.9,0,0
59.74,45.3548,28.136,1.41612,1.07315,-0.0533687,-0.0572726,NONE,999.9,0,0
59.7441,45.3548,28.136,1.41612,1.07315,-0.0533687,-0.0572726,NONE,999.9,0,0
59.7487,45.3566,28.1466,1.41565,1.07876,-0.0593101,-0.0639812,NONE,999.9,0,0
59.7521,45.3566,28.1466,1.41565,1.07876,-0.0593101,-0.0639812,NONE,999.9,0,0
59.7565,45.3566,28.1466,1.41565,1.07876,-0.0593101,-0.0639812,NONE,999.9,0,0
59.7602,45.3584,28.1573,1.41502,1.0841,-0.048827,-0.0529333,NONE,999.9,0,0
59.7643,45.3584,28.1573,1.41502,1.0841,-0.048827,-0.0529333,NONE,999.9,0,0
59.769,45.3601,28.168,1.41458,1.08919,-0.0573851,-0.062503,NONE,999.9,0,0
59.7719,45.3601,28.168,1.41458,1.08919,-0.0573851,-0.062503,NONE,999.9,0,0
59.7765,45.3601,28.168,1.41458,1.08919,-0.0573851,-0.062503,NONE,999.9,0,0
59.78,45.3619,28.1787,1.41397,1.09403,-0.0481536,-0.0526815,NONE,999.9,0,0
59.7843,45.3619,28.1787,1.41397,1.09403,-0.0481536,-0.0526815,NONE,999.9,0,0
59.7897,45.3637,28.1896,1.41353,1.09865,-0.0571754,-0.0628155,NONE,999.9,0,0
59.7921,45.3637,28.1896,1.41353,1.09865,-0.0571754,-0.0628155,NONE,999.9,0,0
59.796,45.3637,28.1896,1.41353,1.09865,-0.0571754,-0.0628155,NONE,999.9,0,0
59.8002,45.3655,28.2004,1.41291,1.10304,-0.0482774,-0.0532519,NONE,999.9,0,0
59.8042,45.3655,28.2004,1.41291,1.10304,-0.0482774,-0.0532519,NONE,999.9,0,0
59.8096,45.3673,28.2113,1.41247,1.10723,-0.0573633,-0.0635143,NONE,999.9,0,0
59.812,45.3673,28.2113,1.41247,1.10723,-0.0573633,-0.0635143,NONE,999.9,0,0
59.8163,45.3673,28.2113,1.41247,1.10723,-0.0573633,-0.0635143,NONE,999.9,0,0
59.8204,45.3692,28.2223,1.41185,1.11122,-0.048594,-0.0539984,NONE,999.9,0,0
59.8243,45.3692,28.2223,1.41185,1.11122,-0.048594,-0.0539984,NONE,999.9,0,0
59.8288,45.371,28.2332,1.41141,1.11501,-0.0576509,-0.0642815,NONE,999.9,0,0
59.8319,45.371,28.2332,1.41141,1.11501,-0.0576509,-0.0642815,NONE,999.9,0,0
59.836,45.371,28.2332,1.41141,1.11501,-0.0576509,-0.0642815,NONE,999.9,0,0
59.8401,45.3729,28.2442,1.41079,1.11863,-0.048949,-0.0547558,NONE,999.9,0,0
59.8442,45.3729,28.2442,1.41079,1.11863,-0.048949,-0.0547558,NONE,999.9,0,0
59.8492,45.3747,28.2553,1.41035,1.12208,-0.0579531,-0.0650277,NONE,999.9,0,0
59.8524,45.3747,28.2553,1.41035,1.12208,-0.0579531,-0.0650277,NONE,999.9,0,0
59.8562,45.3747,28.2553,1.41035,1.12208,-0.0579531,-0.0650277,NONE,999.9,0,0
59.8603,45.3766,28.2664,1.40972,1.12536,-0.0492953,-0.0554749,NONE,999.9,0,0
59.8643,45.3766,28.2664,1.40972,1.12536,-0.0492953,-0.0554749,NONE,999.9,0,0
59.8693,45.3785,28.2772,1.40928,1.07204,-0.060993,-0.0653871,NONE,999.9,0,0
59.8718,45.3785,28.2772,1.40928,1.07204,-0.060993,-0.0653871,NONE,999.9,0,0
59.8761,45.3785,28.2772,1.40928,1.07204,-0.060993,-0.0653871,NONE,999.9,0,0
59.8802,45.3802,28.2876,1.40863,1.02887,-0.0463822,-0.0477212,NONE,999.9,0,0
59.8842,45.3802,28.2876,1.40863,1.02887,-0.0463822,-0.0477212,NONE,999.9,0,0
59.8887,45.3819,28.2975,1.40823,0.993906,-0.056869,-0.0565224,NONE,999.9,0,0
59.8918,45.3819,28.2975,1.40823,0.993906,-0.056869,-0.0565224,NONE,999.9,0,0
59.8959,45.3819,28.2975,1.40823,0.993906,-0.056869,-0.0565224,NONE,999.9,0,0
59.9001,45.3836,28.3072,1.40735,0.965594,-0.124807,-0.120513,NONE,999.9,0,0
59.9041,45.3836,28.3072,1.40735,0.965594,-0.124807,-0.120513,NONE,999.9,0,0
59.9091,45.3853,28.3166,1.40597,0.942667,-0.126478,-0.119227,NONE,999.9,0,0
59.9124,45.3853,28.3166,1.40597,0.942667,-0.126478,-0.119227,NONE,999.9,0,0
59.9162,45.3853,28.3166,1.40597,0.942667,-0.126478,-0.119227,NONE,999.9,0,0
59.9201,45.387,28.3257,1.40473,0.9241,-0.141234,-0.130514,NONE,999.9,0,0
59.9239,45.387,28.3257,1.40473,0.9241,-0.141234,-0.130514,NONE,999.9,0,0
59.9294,45.3888,28.3348,1.40329,0.926811,-0.127797,-0.118444,NONE,999.9,0,0
59.9319,45.3888,28.3348,1.40329,0.926811,-0.127797,-0.118444,NONE,999.9,0,0
59.936,45.3888,28.3348,1.40329,0.926811,-0.127797,-0.118444,NONE,999.9,0,0
59.9401,45.3905,28.3439,1.40205,0.929393,-0.139062,-0.129243,NONE,999.9,0,0
59.9443,45.3905,28.3439,1.40205,0.929393,-0.139062,-0.129243,NONE,999.9,0,0
59.9495,45.3923,28.3531,1.40062,0.931852,-0.128092,-0.119363,NONE,999.9,0,0
59.9523,45.3923,28.3531,1.40062,0.931852,-0.128092,-0.119363,NONE,999.9,0,0
59.9563,45.3923,28.3531,1.40062,0.931852,-0.128092,-0.119363,NONE,999.9,0,0
59.96,45.394,28.3622,1.39961,0.934194,-0.0667307,-0.0623395,NONE,999.9,0,0
59.9642,45.394,28.3622,1.39961,0.934194,-0.0667307,-0.0623395,NONE,999.9,0,0
59.9691,45.3958,28.3714,1.39909,0.936425,-0.0610026,-0.0571244,NONE,999.9,0,0
59.9719,45.3958,28.3714,1.39909,0.936425,-0.0610026,-0.0571244,NONE,999.9,0,0
59.9765,45.3958,28.3714,1.39909,0.936425,-0.0610026,-0.0571244,NONE,999.9,0,0
59.9806,45.3975,28.3807,1.39848,0.93855,-0.0437135,-0.0410273,NONE,999.9,0,0
59.9842,45.3975,28.3807,1.39848,0.93855,-0.0437135,-0.0410273,NONE,999.9,0,0
59.9886,45.3992,28.3899,1.3981,0.940574,-0.0526584,-0.0495291,NONE,999.9,0,0
59.9922,45.3992,28.3899,1.3981,0.940574,-0.0526584,-0.0495291,NONE,999.9,0,0
59.9962,45.3992,28.3899,1.3981,0.940574,-0.0526584,-0.0495291,NONE,999.9,0,0
60,45.4009,28.3992,1.39754,0.942501,-0.0405673,-0.0382347,NONE,999.9,0,0
60.0042,45.4009,28.3992,1.39754,0.942501,-0.0405673,-0.0382347,NONE,999.9,0,0
60.0099,45.4026,28.4084,1.39717,0.944337,-0.0513703,-0.0485109,NONE,999.9,0,0
60.0123,45.4026,28.4084,1.39717,0.944337,-0.0513703,-0.0485109,NONE,999.9,0,0
60.0161,45.4026,28.4084,1.39717,0.944337,-0.0513703,-0.0485109,NONE,999.9,0,0
60.0202,45.4043,28.4177,1.39662,0.946086,-0.0400896,-0.0379282,NONE,999.9,0,0
60.0241,45.4043,28.4177,1.39662,0.946086,-0.0400896,-0.0379282,NONE,999.9,0,0
60.0288,45.406,28.427,1.39626,0.947751,-0.0511778,-0.0485038,NONE,999.9,0,0
60.0318,45.406,28.427,1.39626,0.947751,-0.0511778,-0.0485038,NONE,999.9,0,0
60.0358,45.406,28.427,1.39626,0.947751,-0.0511778,-0.0485038,NONE,999.9,0,0
60.0405,45.4077,28.4364,1.39571,0.949337,-0.0400929,-0.0380617,NONE,999.9,0,0
60.0441,45.4077,28.4364,1.39571,0.949337,-0.0400929,-0.0380617,NONE,999.9,0,0
60.0501,45.4094,28.4457,1.39535,0.950848,-0.0512149,-0.0486976,NONE,999.9,0,0
60.0524,45.4094,28.4457,1.39535,0.950848,-0.0512149,-0.0486976,NONE,999.9,0,0
60.0559,45.4094,28.4457,1.39535,0.950848,-0.0512149,-0.0486976,NONE,999.9,0,0
60.0606,45.4112,28.4551,1.39479,0.952287,-0.0402046,-0.0382863,NONE,999.9,0,0
60.0639,45.4112,28.4551,1.39479,0.952287,-0.0402046,-0.0382863,NONE,999.9,0,0
60.0689,45.4129,28.4644,1.39443,0.953658,-0.0513072,-0.0489295,NONE,999.9,0,0
60.072,45.4129,28.4644,1.39443,0.953658,-0.0513072,-0.0489295,NONE,999.9,0,0
60.0763,45.4129,28.4644,1.39443,0.953658,-0.0513072,-0.0489295,NONE,999.9,0,0
60.0803,45.4147,28.4738,1.39388,0.954963,-0.0403381,-0.0385214,NONE,999.9,0,0
60.0844,45.4147,28.4738,1.39388,0.954963,-0.0403381,-0.0385214,NONE,999.9,0,0
60.0891,45.4164,28.4832,1.39351,0.956206,-0.0514093,-0.0491579,NONE,999.9,0,0
60.0922,45.4164,28.4832,1.39351,0.956206,-0.0514093,-0.0491579,NONE,999.9,0,0
60.0963,45.4164,28.4832,1.39351,0.956206,-0.0514093,-0.0491579,NONE,999.9,0,0
60.1003,45.4182,28.4926,1.39296,0.957391,-0.0404694,-0.038745,NONE,999.9,0,0
60.1042,45.4182,28.4926,1.39296,0.957391,-0.0404694,-0.038745,NONE,999.9,0,0
60.1094,45.4199,28.502,1.39259,0.958518,-0.0515079,-0.0493713,NONE,999.9,0,0
60.112,45.4199,28.502,1.39259,0.958518,-0.0515079,-0.0493713,NONE,999.9,0,0
60.116,45.4199,28.502,1.39259,0.958518,-0.0515079,-0.0493713,NONE,999.9,0,0
60.1205,45.4217,28.5115,1.39204,0.959715,-0.0405987,-0.0389632,NONE,999.9,0,0
60.1243,45.4217,28.5115,1.39204,0.959715,-0.0405987,-0.0389632,NONE,999.9,0,0
60.1291,45.4235,28.5209,1.39167,0.960855,-0.0515992,-0.0495794,NONE,999.9,0,0
60.1352,45.4235,28.5209,1.39167,0.960855,-0.0515992,-0.0495794,NONE,999.9,0,0
60.1405,45.4253,28.5303,1.39112,0.961941,-0.0407201,-0.0391704,NONE,999.9,0,0
60.1446,45.4253,28.5303,1.39112,0.961941,-0.0407201,-0.0391704,NONE,999.9,0,0
60.1496,45.4271,28.5398,1.39099,0.962975,0.0222715,0.0214469,NONE,999.9,0,0
60.1535,45.4271,28.5398,1.39099,0.962975,0.0222715,0.0214469,NONE,999.9,0,0
60.1568,45.4271,28.5398,1.39099,0.962975,0.0222715,0.0214469,NONE,999.9,0,0
60.1606,45.4287,28.5493,1.39161,0.96396,0.103528,0.0997969,NONE,999.9,0,0
60.1651,45.4287,28.5493,1.39161,0.96396,0.103528,0.0997969,NONE,999.9,0,0
60.1701,45.4303,28.5588,1.39308,0.964898,0.191562,0.184838,NONE,999.9,0,0
60.1732,45.4303,28.5588,1.39308,0.964898,0.191562,0.184838,NONE,999.9,0,0
60.1765,45.4303,28.5588,1.39308,0.964898,0.191562,0.184838,NONE,999.9,0,0
60.1805,45.4317,28.5684,1.39545,0.965792,0.282336,0.272678,NONE,999.9,0,0
60.1844,45.4317,28.5684,1.39545,0.965792,0.282336,0.272678,NONE,999.9,0,0
60.1893,45.433,28.5779,1.39873,0.966643,0.374354,0.361867,NONE,999.9,0,0
60.1923,45.433,28.5779,1.39873,0.966643,0.374354,0.361867,NONE,999.9,0,0
60.1971,45.433,28.5779,1.39873,0.966643,0.374354,0.361867,NONE,999.9,0,0
60.2014,45.4341,28.5875,1.40294,0.967453,0.46702,0.45182,NONE,999.9,0,0
60.2045,45.4341,28.5875,1.40294,0.967453,0.46702,0.45182,NONE,999.9,0,0
60.2101,45.435,28.5972,1.40783,0.968225,0.485945,0.470504,NONE,999.9,0,0
60.2127,45.435,28.5972,1.40783,0.968225,0.485945,0.470504,NONE,999.9,0,0
60.2162,45.435,28.5972,1.40783,0.968225,0.485945,0.470504,NONE,999.9,0,0
60.2203,45.4359,28.6068,1.41272,0.968961,0.50843,0.492649,NONE,999.9,0,0
60.2239,45.4359,28.6068,1.41272,0.968961,0.50843,0.492649,NONE,999.9,0,0
60.2296,45.4367,28.6165,1.41787,0.969661,0.502614,0.487366,NONE,999.9,0,0
60.2333,45.4367,28.6165,1.41787,0.969661,0.502614,0.487366,NONE,999.9,0,0
60.237,45.4367,28.6165,1.41787,0.969661,0.502614,0.487366,NONE,999.9,0,0
60.241,45.4373,28.6262,1.42287,0.970328,0.51589,0.500582,NONE,999.9,0,0
60.2449,45.4373,28.6262,1.42287,0.970328,0.51589,0.500582,NONE,999.9,0,0
60.2487,45.438,28.6359,1.42808,0.970963,0.506427,0.491722,NONE,999.9,0,0
60.2522,45.438,28.6359,1.42808,0.970963,0.506427,0.491722,NONE,999.9,0,0
60.256,45.438,28.6359,1.42808,0.970963,0.506427,0.491722,NONE,999.9,0,0
60.2604,45.4386,28.6455,1.43311,0.971568,0.518097,0.503366,NONE,999.9,0,0
60.2646,45.4386,28.6455,1.43311,0.971568,0.518097,0.503366,NONE,999.9,0,0
60.27,45.4391,28.6553,1.43833,0.972145,0.507891,0.493743,NONE,999.9,0,0
60.2749,45.4391,28.6553,1.43833,0.972145,0.507891,0.493743,NONE,999.9,0,0
60.2781,45.4391,28.6553,1.43833,0.972145,0.507891,0.493743,NONE,999.9,0,0
60.2809,45.4396,28.665,1.44337,0.972694,0.519152,0.504976,NONE,999.9,0,0
60.2839,45.4396,28.665,1.44337,0.972694,0.519152,0.504976,NONE,999.9,0,0
60.2892,45.44,28.6747,1.44861,0.973217,0.508737,0.495111,NONE,999.9,0,0
60.2922,45.44,28.6747,1.44861,0.973217,0.508737,0.495111,NONE,999.9,0,0
60.2962,45.44,28.6747,1.44861,0.973217,0.508737,0.495111,NONE,999.9,0,0
60.3003,45.4403,28.6844,1.45365,0.973715,0.519852,0.506188,NONE,999.9,0,0
60.3041,45.4403,28.6844,1.45365,0.973715,0.519852,0.506188,NONE,999.9,0,0
60.3094,45.4407,28.6941,1.4589,0.974189,0.509363,0.496216,NONE,999.9,0,0
60.3119,45.4407,28.6941,1.4589,0.974189,0.509363,0.496216,NONE,999.9,0,0
60.316,45.4407,28.6941,1.4589,0.974189,0.509363,0.496216,NONE,999.9,0,0
60.3201,45.4409,28.7039,1.46395,0.974641,0.520407,0.50721,NONE,999.9,0,0
60.324,45.4409,28.7039,1.46395,0.974641,0.520407,0.50721,NONE,999.9,0,0
60.3312,45.4411,28.7136,1.4692,0.975071,0.509884,0.497173,NONE,999.9,0,0
60.334,45.4411,28.7136,1.4692,0.975071,0.509884,0.497173,NONE,999.9,0,0
60.3362,45.4411,28.7136,1.4692,0.975071,0.509884,0.497173,NONE,999.9,0,0
60.3404,45.4413,28.7234,1.47425,0.975481,0.520884,0.508113,NONE,999.9,0,0
60.3442,45.4413,28.7234,1.47425,0.975481,0.520884,0.508113,NONE,999.9,0,0
60.3492,45.4414,28.7331,1.47951,0.975871,0.510342,0.498028,NONE,999.9,0,0
60.3519,45.4414,28.7331,1.47951,0.975871,0.510342,0.498028,NONE,999.9,0,0
60.3559,45.4414,28.7331,1.47951,0.975871,0.510342,0.498028,NONE,999.9,0,0
60.3602,45.4415,28.7429,1.48457,0.976243,0.521308,0.508923,NONE,999.9,0,0
60.3643,45.4415,28.7429,1.48457,0.976243,0.521308,0.508923,NONE,999.9,0,0
60.3692,45.4415,28.7527,1.48982,0.976597,0.510753,0.498799,NONE,999.9,0,0
60.3731,45.4415,28.7527,1.48982,0.976597,0.510753,0.498799,NONE,999.9,0,0
60.376,45.4415,28.7527,1.48982,0.976597,0.510753,0.498799,NONE,999.9,0,0
60.38,45.4415,28.7624,1.49489,0.976934,0.52169,0.509657,NONE,999.9,0,0
60.3843,45.4415,28.7624,1.49489,0.976934,0.52169,0.509657,NONE,999.9,0,0
60.3897,45.4414,28.7722,1.50015,0.977255,0.511123,0.499498,NONE,999.9,0,0
60.3924,45.4414,28.7722,1.50015,0.977255,0.511123,0.499498,NONE,999.9,0,0
60.3966,45.4414,28.7722,1.50015,0.977255,0.511123,0.499498,NONE,999.9,0,0
60.4001,45.4413,28.782,1.50522,0.977561,0.522035,0.510321,NONE,999.9,0,0
60.4039,45.4413,28.782,1.50522,0.977561,0.522035,0.510321,NONE,999.9,0,0
60.4096,45.4411,28.7918,1.51048,0.977853,0.511458,0.500131,NONE,999.9,0,0
60.4119,45.4411,28.7918,1.51048,0.977853,0.511458,0.500131,NONE,999.9,0,0
60.4159,45.4411,28.7918,1.51048,0.977853,0.511458,0.500131,NONE,999.9,0,0
60.4202,45.4409,28.8015,1.51556,0.97813,0.522348,0.510924,NONE,999.9,0,0
60.4241,45.4409,28.8015,1.51556,0.97813,0.522348,0.510924,NONE,999.9,0,0
60.429,45.4406,28.8111,1.52085,0.938245,0.507714,0.47636,NONE,999.9,0,0
60.432,45.4406,28.8111,1.52085,0.938245,0.507714,0.47636,NONE,999.9,0,0
60.436,45.4406,28.8111,1.52085,0.938245,0.507714,0.47636,NONE,999.9,0,0
60.4401,45.4403,28.8205,1.52581,0.93238,0.507227,0.472928,NONE,999.9,0,0
60.4444,45.4403,28.8205,1.52581,0.93238,0.507227,0.472928,NONE,999.9,0,0
60.4492,45.4399,28.8297,1.53089,0.92763,0.489467,0.454044,NONE,999.9,0,0
60.452,45.4399,28.8297,1.53089,0.92763,0.489467,0.454044,NONE,999.9,0,0
60.4561,45.4399,28.8297,1.53089,0.92763,0.489467,0.454044,NONE,999.9,0,0
60.4602,45.4395,28.839,1.53548,0.923784,0.423141,0.390892,NONE,999.9,0,0
60.4643,45.4395,28.839,1.53548,0.923784,0.423141,0.390892,NONE,999.9,0,0
60.4693,45.4392,28.8482,1.53932,0.92067,0.341553,0.314457,NONE,999.9,0,0
60.472,45.4392,28.8482,1.53932,0.92067,0.341553,0.314457,NONE,999.9,0,0
60.4765,45.4392,28.8482,1.53932,0.92067,0.341553,0.314457,NONE,999.9,0,0
60.4805,45.4389,28.8574,1.5423,0.918148,0.255299,0.234402,NONE,999.9,0,0
60.4841,45.4389,28.8574,1.5423,0.918148,0.255299,0.234402,NONE,999.9,0,0
60.4895,45.4387,28.8666,1.54442,0.916105,0.167735,0.153663,NONE,999.9,0,0
60.4922,45.4387,28.8666,1.54442,0.916105,0.167735,0.153663,NONE,999.9,0,0
60.4962,45.4387,28.8666,1.54442,0.916105,0.167735,0.153663,NONE,999.9,0,0
60.5004,45.4387,28.8757,1.54566,0.914451,0.0799086,0.0730725,NONE,999.9,0,0
60.5043,45.4387,28.8757,1.54566,0.914451,0.0799086,0.0730725,NONE,999.9,0,0
60.509,45.4387,28.8849,1.54602,0.913112,-0.00786994,-0.00718614,NONE,999.9,0,0
60.512,45.4387,28.8849,1.54602,0.913112,-0.00786994,-0.00718614,NONE,999.9,0,0
60.5159,45.4387,28.8849,1.54602,0.913112,-0.00786994,-0.00718614,NONE,999.9,0,0
60.5204,45.4389,28.894,1.5455,0.912027,-0.0955269,-0.0871231,NONE,999.9,0,0
60.5241,45.4389,28.894,1.5455,0.912027,-0.0955269,-0.0871231,NONE,999.9,0,0
60.5288,45.4393,28.9031,1.54435,0.911149,-0.109429,-0.0997064,NONE,999.9,0,0
60.5319,45.4393,28.9031,1.54435,0.911149,-0.109429,-0.0997064,NONE,999.9,0,0
60.536,45.4393,28.9031,1.54435,0.911149,-0.109429,-0.0997064,NONE,999.9,0,0
60.5403,45.4396,28.9122,1.54323,0.910438,-0.130627,-0.118928,NONE,999.9,0,0
60.5444,45.4396,28.9122,1.54323,0.910438,-0.130627,-0.118928,NONE,999.9,0,0
60.5495,45.4401,28.9213,1.54187,0.909862,-0.122329,-0.111302,NONE,999.9,0,0
60.5523,45.4401,28.9213,1.54187,0.909862,-0.122329,-0.111302,NONE,999.9,0,0
60.5562,45.4401,28.9213,1.54187,0.909862,-0.122329,-0.111302,NONE,999.9,0,0
60.5604,45.4405,28.9304,1.54067,0.909395,-0.135746,-0.123447,NONE,999.9,0,0
60.5639,45.4405,28.9304,1.54067,0.909395,-0.135746,-0.123447,NONE,999.9,0,0
60.5688,45.441,28.9395,1.53927,0.909018,-0.124522,-0.113193,NONE,999.9,0,0
60.5718,45.441,28.9395,1.53927,0.909018,-0.124522,-0.113193,NONE,999.9,0,0
60.5763,45.441,28.9395,1.53927,0.909018,-0.124522,-0.113193,NONE,999.9,0,0
60.58,45.4415,28.9485,1.53806,0.908712,-0.136749,-0.124266,NONE,999.9,0,0
60.5842,45.4415,28.9485,1.53806,0.908712,-0.136749,-0.124266,NONE,999.9,0,0
60.5893,45.442,28.9576,1.53666,0.908464,-0.124995,-0.113554,NONE,999.9,0,0
60.5944,45.442,28.9576,1.53666,0.908464,-0.124995,-0.113554,NONE,999.9,0,0
60.5963,45.442,28.9576,1.53666,0.908464,-0.124995,-0.113554,NONE,999.9,0,0
60.6004,45.4425,28.9667,1.53545,0.908263,-0.136974,-0.124408,NONE,999.9,0,0
60.6041,45.4425,28.9667,1.53545,0.908263,-0.136974,-0.124408,NONE,999.9,0,0
60.6092,45.443,28.9757,1.53404,0.908101,-0.125095,-0.113599,NONE,999.9,0,0
60.6121,45.443,28.9757,1.53404,0.908101,-0.125095,-0.113599,NONE,999.9,0,0
60.6164,45.443,28.9757,1.53404,0.908101,-0.125095,-0.113599,NONE,999.9,0,0
60.6205,45.4436,28.9848,1.53283,0.907969,-0.137013,-0.124403,NONE,999.9,0,0
60.6241,45.4436,28.9848,1.53283,0.907969,-0.137013,-0.124403,NONE,999.9,0,0
60.6288,45.4441,28.9939,1.53142,0.907863,-0.125102,-0.113576,NONE,999.9,0,0
60.6319,45.4441,28.9939,1.53142,0.907863,-0.125102,-0.113576,NONE,999.9,0,0
60.636,45.4441,28.9939,1.53142,0.907863,-0.125102,-0.113576,NONE,999.9,0,0
60.6404,45.4447,29.0029,1.5302,0.907777,-0.137006,-0.124371,NONE,999.9,0,0
60.6444,45.4447,29.0029,1.5302,0.907777,-0.137006,-0.124371,NONE,999.9,0,0
60.6501,45.4453,29.012,1.5288,0.907707,-0.125089,-0.113544,NONE,999.9,0,0
60.6519,45.4453,29.012,1.5288,0.907707,-0.125089,-0.113544,NONE,999.9,0,0
60.6561,45.4453,29.012,1.5288,0.907707,-0.125089,-0.113544,NONE,999.9,0,0
60.6604,45.4459,29.021,1.52758,0.90765,-0.136992,-0.124341,NONE,999.9,0,0
60.6639,45.4459,29.021,1.52758,0.90765,-0.136992,-0.124341,NONE,999.9,0,0
60.6687,45.4465,29.0299,1.52616,0.870334,-0.121939,-0.106127,NONE,999.9,0,0
60.6719,45.4465,29.0299,1.52616,0.870334,-0.121939,-0.106127,NONE,999.9,0,0
60.6762,45.4465,29.0299,1.52616,0.870334,-0.121939,-0.106127,NONE,999.9,0,0
60.6805,45.447,29.0384,1.525,0.840115,-0.133785,-0.112394,NONE,999.9,0,0
60.6846,45.447,29.0384,1.525,0.840115,-0.133785,-0.112394,NONE,999.9,0,0
60.6888,45.4476,29.0467,1.5234,0.815644,-0.192433,-0.156957,NONE,999.9,0,0
60.6925,45.4476,29.0467,1.5234,0.815644,-0.192433,-0.156957,NONE,999.9,0,0
60.6959,45.4476,29.0467,1.5234,0.815644,-0.192433,-0.156957,NONE,999.9,0,0
60.7002,45.4483,29.0547,1.52138,0.795827,-0.184061,-0.146481,NONE,999.9,0,0
60.7039,45.4483,29.0547,1.52138,0.795827,-0.184061,-0.146481,NONE,999.9,0,0
60.7093,45.449,29.0626,1.51957,0.77978,-0.198787,-0.15501,NONE,999.9,0,0
60.7125,45.449,29.0626,1.51957,0.77978,-0.198787,-0.15501,NONE,999.9,0,0
60.7164,45.449,29.0626,1.51957,0.77978,-0.198787,-0.15501,NONE,999.9,0,0
60.7203,45.4497,29.0704,1.51758,0.782263,-0.181467,-0.141955,NONE,999.9,0,0
60.724,45.4497,29.0704,1.51758,0.782263,-0.181467,-0.141955,NONE,999.9,0,0
60.7292,45.4504,29.0782,1.5158,0.784628,-0.195849,-0.153669,NONE,999.9,0,0
60.732,45.4504,29.0782,1.5158,0.784628,-0.195849,-0.153669,NONE,999.9,0,0
60.7362,45.4504,29.0782,1.5158,0.784628,-0.195849,-0.153669,NONE,999.9,0,0
60.74,45.4511,29.086,1.51381,0.786881,-0.181818,-0.14307,NONE,999.9,0,0
60.7468,45.4511,29.086,1.51381,0.786881,-0.181818,-0.14307,NONE,999.9,0,0
60.7506,45.4519,29.0938,1.51223,0.789027,-0.126141,-0.0995284,NONE,999.9,0,0
60.753,45.4519,29.0938,1.51223,0.789027,-0.126141,-0.0995284,NONE,999.9,0,0
60.7559,45.4519,29.0938,1.51223,0.789027,-0.126141,-0.0995284,NONE,999.9,0,0
60.7601,45.4526,29.1017,1.51109,0.791071,-0.128044,-0.101292,NONE,999.9,0,0
60.7639,45.4526,29.1017,1.51109,0.791071,-0.128044,-0.101292,NONE,999.9,0,0
60.7688,45.4532,29.1096,1.5098,0.793017,-0.109809,-0.08708,NONE,999.9,0,0
60.7719,45.4532,29.1096,1.5098,0.793017,-0.109809,-0.08708,NONE,999.9,0,0
60.7769,45.4532,29.1096,1.5098,0.793017,-0.109809,-0.08708,NONE,999.9,0,0
60.7807,45.4539,29.1175,1.50874,0.794871,-0.122881,-0.0976747,NONE,999.9,0,0
60.7839,45.4539,29.1175,1.50874,0.794871,-0.122881,-0.0976747,NONE,999.9,0,0
60.7893,45.4546,29.1254,1.50749,0.796637,-0.108309,-0.0862828,NONE,999.9,0,0
60.7921,45.4546,29.1254,1.50749,0.796637,-0.108309,-0.0862828,NONE,999.9,0,0
60.7961,45.4546,29.1254,1.50749,0.796637,-0.108309,-0.0862828,NONE,999.9,0,0
60.8,45.4553,29.1334,1.50643,0.798319,-0.122519,-0.0978096,NONE,999.9,0,0
60.8041,45.4553,29.1334,1.50643,0.798319,-0.122519,-0.0978096,NONE,999.9,0,0
60.8121,45.456,29.1413,1.50518,0.799921,-0.108469,-0.0867668,NONE,999.9,0,0
60.8143,45.456,29.1413,1.50518,0.799921,-0.108469,-0.0867668,NONE,999.9,0,0
60.8169,45.456,29.1413,1.50518,0.799921,-0.108469,-0.0867668,NONE,999.9,0,0
60.821,45.4567,29.1493,1.50412,0.801447,-0.12278,-0.0984019,NONE,999.9,0,0
60.8241,45.4567,29.1493,1.50412,0.801447,-0.12278,-0.0984019,NONE,999.9,0,0
60.829,45.4575,29.1573,1.50286,0.8029,-0.108864,-0.0874067,NONE,999.9,0,0
60.8319,45.4575,29.1573,1.50286,0.8029,-0.108864,-0.0874067,NONE,999.9,0,0
60.8361,45.4575,29.1573,1.50286,0.8029,-0.108864,-0.0874067,NONE,999.9,0,0
60.8401,45.4582,29.1653,1.5018,0.804284,-0.123131,-0.0990325,NONE,999.9,0,0
60.8447,45.4582,29.1653,1.5018,0.804284,-0.123131,-0.0990325,NONE,999.9,0,0
60.8491,45.4589,29.1733,1.50054,0.805602,-0.109276,-0.0880331,NONE,999.9,0,0
60.8521,45.4589,29.1733,1.50054,0.805602,-0.109276,-0.0880331,NONE,999.9,0,0
60.857,45.4589,29.1733,1.50054,0.805602,-0.109276,-0.0880331,NONE,999.9,0,0
60.8601,45.4597,29.1813,1.49948,0.806858,-0.123477,-0.0996286,NONE,999.9,0,0
60.8641,45.4597,29.1813,1.49948,0.806858,-0.123477,-0.0996286,NONE,999.9,0,0
60.8694,45.4605,29.1894,1.49821,0.808054,-0.109664,-0.0886144,NONE,999.9,0,0
60.8721,45.4605,29.1894,1.49821,0.808054,-0.109664,-0.0886144,NONE,999.9,0,0
60.8762,45.4605,29.1894,1.49821,0.808054,-0.109664,-0.0886144,NONE,999.9,0,0
60.8802,45.4612,29.1974,1.49715,0.798972,-0.124053,-0.0991149,NONE,999.9,0,0
60.8839,45.4612,29.1974,1.49715,0.798972,-0.124053,-0.0991149,NONE,999.9,0,0
60.889,45.462,29.2053,1.49588,0.791618,-0.107936,-0.0854437,NONE,999.9,0,0
60.8923,45.462,29.2053,1.49588,0.791618,-0.107936,-0.0854437,NONE,999.9,0,0
60.896,45.462,29.2053,1.49588,0.791618,-0.107936,-0.0854437,NONE,999.9,0,0
60.9004,45.4628,29.2131,1.49506,0.785662,-0.0492494,-0.0386934,NONE,999.9,0,0
60.9043,45.4628,29.2131,1.49506,0.785662,-0.0492494,-0.0386934,NONE,999.9,0,0
60.9095,45.4634,29.2209,1.49491,0.780839,0.0209568,0.0163639,NONE,999.9,0,0
60.9132,45.4634,29.2209,1.49491,0.780839,0.0209568,0.0163639,NONE,999.9,0,0
60.9163,45.4634,29.2209,1.49491,0.780839,0.0209568,0.0163639,NONE,999.9,0,0
60.9205,45.464,29.2287,1.49549,0.776934,0.0940416,0.0730641,NONE,999.9,0,0
60.9243,45.464,29.2287,1.49549,0.776934,0.0940416,0.0730641,NONE,999.9,0,0
60.9287,45.4644,29.2364,1.4968,0.773771,0.167657,0.129728,NONE,999.9,0,0
60.9319,45.4644,29.2364,1.4968,0.773771,0.167657,0.129728,NONE,999.9,0,0
60.9361,45.4644,29.2364,1.4968,0.773771,0.167657,0.129728,NONE,999.9,0,0
60.9403,45.4647,29.2442,1.49884,0.77121,0.24121,0.186024,NONE,999.9,0,0
60.9442,45.4647,29.2442,1.49884,0.77121,0.24121,0.186024,NONE,999.9,0,0
60.9487,45.4649,29.2519,1.50162,0.769136,0.31459,0.241962,NONE,999.9,0,0
60.952,45.4649,29.2519,1.50162,0.769136,0.31459,0.241962,NONE,999.9,0,0
60.9561,45.4649,29.2519,1.50162,0.769136,0.31459,0.241962,NONE,999.9,0,0
60.9612,45.465,29.2595,1.50491,0.767457,0.316481,0.242885,NONE,999.9,0,0
60.9646,45.465,29.2595,1.50491,0.767457,0.316481,0.242885,NONE,999.9,0,0
60.9691,45.465,29.2672,1.50808,0.766096,0.337049,0.258212,NONE,999.9,0,0
60.9737,45.465,29.2672,1.50808,0.766096,0.337049,0.258212,NONE,999.9,0,0
60.9776,45.465,29.2672,1.50808,0.766096,0.337049,0.258212,NONE,999.9,0,0
60.9818,45.4649,29.2749,1.51149,0.764995,0.323226,0.247266,NONE,999.9,0,0
60.9844,45.4649,29.2749,1.51149,0.764995,0.323226,0.247266,NONE,999.9,0,0
60.9895,45.4649,29.2825,1.5147,0.764103,0.33897,0.259008,NONE,999.9,0,0
60.9941,45.4649,29.2825,1.5147,0.764103,0.33897,0.259008,NONE,999.9,0,0
60.9977,45.4649,29.2825,1.5147,0.764103,0.33897,0.259008,NONE,999.9,0,0
61.0011,45.4647,29.2902,1.51812,0.763381,0.323564,0.247003,NONE,999.9,0,0
61.0045,45.4647,29.2902,1.51812,0.763381,0.323564,0.247003,NONE,999.9,0,0
61.0108,45.4646,29.2978,1.52132,0.762796,0.338814,0.258446,NONE,999.9,0,0
61.0134,45.4646,29.2978,1.52132,0.762796,0.338814,0.258446,NONE,999.9,0,0
61.0164,45.4646,29.2978,1.52132,0.762796,0.338814,0.258446,NONE,999.9,0,0
61.0201,45.4644,29.3054,1.52474,0.762322,0.323245,0.246417,NONE,999.9,0,0
61.024,45.4644,29.3054,1.52474,0.762322,0.323245,0.246417,NONE,999.9,0,0
61.0288,45.4642,29.313,1.52794,0.761939,0.338484,0.257904,NONE,999.9,0,0
61.0322,45.4642,29.313,1.52794,0.761939,0.338484,0.257904,NONE,999.9,0,0
61.0363,45.4642,29.313,1.52794,0.761939,0.338484,0.257904,NONE,999.9,0,0
61.0401,45.464,29.3206,1.53135,0.761628,0.322933,0.245955,NONE,999.9,0,0
61.0449,45.464,29.3206,1.53135,0.761628,0.322933,0.245955,NONE,999.9,0,0
61.0493,45.4638,29.3283,1.53455,0.761377,0.33822,0.257513,NONE,999.9,0,0
61.0519,45.4638,29.3283,1.53455,0.761377,0.33822,0.257513,NONE,999.9,0,0
61.056,45.4638,29.3283,1.53455,0.761377,0.33822,0.257513,NONE,999.9,0,0
61.06,45.4635,29.3359,1.53796,0.761173,0.322705,0.245634,NONE,999.9,0,0
61.0642,45.4635,29.3359,1.53796,0.761173,0.322705,0.245634,NONE,999.9,0,0
61.0693,45.4632,29.3435,1.54116,0.761008,0.338035,0.257247,NONE,999.9,0,0
61.0719,45.4632,29.3435,1.54116,0.761008,0.338035,0.257247,NONE,999.9,0,0
61.0761,45.4632,29.3435,1.54116,0.761008,0.338035,0.257247,NONE,999.9,0,0
61.08,45.4629,29.3511,1.54457,0.760874,0.32255,0.24542,NONE,999.9,0,0
61.0839,45.4629,29.3511,1.54457,0.760874,0.32255,0.24542,NONE,999.9,0,0
61.0891,45.4626,29.3587,1.54777,0.760766,0.33791,0.257071,NONE,999.9,0,0
61.0923,45.4626,29.3587,1.54777,0.760766,0.33791,0.257071,NONE,999.9,0,0
61.0962,45.4626,29.3587,1.54777,0.760766,0.33791,0.257071,NONE,999.9,0,0
61.1005,45.4622,29.3663,1.55117,0.760679,0.322446,0.245278,NONE,999.9,0,0
61.104,45.4622,29.3663,1.55117,0.760679,0.322446,0.245278,NONE,999.9,0,0
61.109,45.4618,29.3739,1.55437,0.760608,0.337828,0.256955,NONE,999.9,0,0
61.1123,45.4618,29.3739,1.55437,0.760608,0.337828,0.256955,NONE,999.9,0,0
61.1167,45.4618,29.3739,1.55437,0.760608,0.337828,0.256955,NONE,999.9,0,0
61.12,45.4614,29.3815,1.55778,0.76055,0.322378,0.245185,NONE,999.9,0,0
61.1239,45.4614,29.3815,1.55778,0.76055,0.322378,0.245185,NONE,999.9,0,0
61.1293,45.4609,29.3891,1.56097,0.762768,0.337947,0.257775,NONE,999.9,0,0
61.1324,45.4609,29.3891,1.56097,0.762768,0.337947,0.257775,NONE,999.9,0,0
61.136,45.4609,29.3891,1.56097,0.762768,0.337947,0.257775,NONE,999.9,0,0
61.1403,45.4605,29.3967,1.56438,0.764881,0.323604,0.247519,NONE,999.9,0,0
61.1442,45.4605,29.3967,1.56438,0.764881,0.323604,0.247519,NONE,999.9,0,0
61.1489,45.46,29.4043,1.56738,0.766893,0.269217,0.206461,NONE,999.9,0,0
61.1518,45.46,29.4043,1.56738,0.766893,0.269217,0.206461,NONE,999.9,0,0
61.1559,45.46,29.4043,1.56738,0.766893,0.269217,0.206461,NONE,999.9,0,0
61.1605,45.4596,29.412,1.56975,0.76881,0.202344,0.155564,NONE,999.9,0,0
61.1644,45.4596,29.412,1.56975,0.76881,0.202344,0.155564,NONE,999.9,0,0
61.1689,45.4592,29.4197,1.57142,0.770635,0.131151,0.10107,NONE,999.9,0,0
61.1719,45.4592,29.4197,1.57142,0.770635,0.131151,0.10107,NONE,999.9,0,0
61.1764,45.4592,29.4197,1.57142,0.770635,0.131151,0.10107,NONE,999.9,0,0
61.1799,45.459,29.4274,1.57258,0.772373,0.128685,0.099393,NONE,999.9,0,0
61.1852,45.459,29.4274,1.57258,0.772373,0.128685,0.099393,NONE,999.9,0,0
61.189,45.4587,29.4351,1.57386,0.774029,0.108105,0.0836765,NONE,999.9,0,0
61.1923,45.4587,29.4351,1.57386,0.774029,0.108105,0.0836765,NONE,999.9,0,0
61.197,45.4587,29.4351,1.57386,0.774029,0.108105,0.0836765,NONE,999.9,0,0
61.2025,45.4585,29.4429,1.5749,0.775606,0.121004,0.0938518,NONE,999.9,0,0
61.2044,45.4585,29.4429,1.5749,0.775606,0.121004,0.0938518,NONE,999.9,0,0
61.2093,45.4583,29.4506,1.57614,0.777109,0.105536,0.0820129,NONE,999.9,0,0
61.212,45.4583,29.4506,1.57614,0.777109,0.105536,0.0820129,NONE,999.9,0,0
61.2159,45.4583,29.4506,1.57614,0.777109,0.105536,0.0820129,NONE,999.9,0,0
61.2201,45.4581,29.4584,1.57716,0.778539,0.120138,0.0935325,NONE,999.9,0,0
61.2245,45.4581,29.4584,1.57716,0.778539,0.120138,0.0935325,NONE,999.9,0,0
61.2293,45.4578,29.4662,1.57839,0.779902,0.105422,0.0822187,NONE,999.9,0,0
61.2319,45.4578,29.4662,1.57839,0.779902,0.105422,0.0822187,NONE,999.9,0,0
61.236,45.4578,29.4662,1.57839,0.779902,0.105422,0.0822187,NONE,999.9,0,0
61.2403,45.4576,29.474,1.57942,0.7812,0.120237,0.0939294,NONE,999.9,0,0
61.2447,45.4576,29.474,1.57942,0.7812,0.120237,0.0939294,NONE,999.9,0,0
61.2492,45.4573,29.4818,1.58065,0.782436,0.105701,0.0827044,NONE,999.9,0,0
61.252,45.4573,29.4818,1.58065,0.782436,0.105701,0.0827044,NONE,999.9,0,0
61.2564,45.4573,29.4818,1.58065,0.782436,0.105701,0.0827044,NONE,999.9,0,0
61.2607,45.4571,29.4896,1.58168,0.783614,0.120504,0.0944289,NONE,999.9,0,0
61.264,45.4571,29.4896,1.58168,0.783614,0.120504,0.0944289,NONE,999.9,0,0
61.2688,45.4568,29.4975,1.58291,0.784735,0.10604,0.083213,NONE,999.9,0,0
61.2719,45.4568,29.4975,1.58291,0.784735,0.10604,0.083213,NONE,999.9,0,0
61.2765,45.4568,29.4975,1.58291,0.784735,0.10604,0.083213,NONE,999.9,0,0
61.2802,45.4565,29.5053,1.58394,0.785803,0.120789,0.0949165,NONE,999.9,0,0
61.2839,45.4565,29.5053,1.58394,0.785803,0.120789,0.0949165,NONE,999.9,0,0
61.289,45.4562,29.5132,1.58518,0.78682,0.106368,0.0836923,NONE,999.9,0,0
61.2921,45.4562,29.5132,1.58518,0.78682,0.106368,0.0836923,NONE,999.9,0,0
61.2968,45.4562,29.5132,1.58518,0.78682,0.106368,0.0836923,NONE,999.9,0,0
61.3002,45.4559,29.521,1.58622,0.787789,0.121059,0.0953686,NONE,999.9,0,0
61.3041,45.4559,29.521,1.58622,0.787789,0.121059,0.0953686,NONE,999.9,0,0
61.3093,45.4556,29.5289,1.58746,0.788712,0.106671,0.0841326,NONE,999.9,0,0
61.312,45.4556,29.5289,1.58746,0.788712,0.106671,0.0841326,NONE,999.9,0,0
61.3161,45.4556,29.5289,1.58746,0.788712,0.106671,0.0841326,NONE,999.9,0,0
61.3205,45.4553,29.5368,1.5885,0.789591,0.121306,0.0957821,NONE,999.9,0,0
61.3243,45.4553,29.5368,1.5885,0.789591,0.121306,0.0957821,NONE,999.9,0,0
61.3292,45.4549,29.5447,1.58974,0.790428,0.106947,0.0845341,NONE,999.9,0,0
61.332,45.4549,29.5447,1.58974,0.790428,0.106947,0.0845341,NONE,999.9,0,0
61.3366,45.4549,29.5447,1.58974,0.790428,0.106947,0.0845341,NONE,999.9,0,0
61.3405,45.4546,29.5526,1.59078,0.791226,0.121531,0.0961587,NONE,999.9,0,0
61.344,45.4546,29.5526,1.59078,0.791226,0.121531,0.0961587,NONE,999.9,0,0
61.3489,45.4543,29.5605,1.59203,0.791985,0.107198,0.0848994,NONE,999.9,0,0
61.3523,45.4543,29.5605,1.59203,0.791985,0.107198,0.0848994,NONE,999.9,0,0
61.3564,45.4543,29.5605,1.59203,0.791985,0.107198,0.0848994,NONE,999.9,0,0
61.3599,45.4539,29.5684,1.59307,0.792708,0.121736,0.0965012,NONE,999.9,0,0
61.3639,45.4539,29.5684,1.59307,0.792708,0.121736,0.0965012,NONE,999.9,0,0
61.3689,45.4535,29.5764,1.59432,0.796856,0.107811,0.08591,NONE,999.9,0,0
61.372,45.4535,29.5764,1.59432,0.796856,0.107811,0.08591,NONE,999.9,0,0
61.376,45.4535,29.5764,1.59432,0.796856,0.107811,0.08591,NONE,999.9,0,0
61.38,45.4532,29.5843,1.59536,0.800806,0.122257,0.0979038,NONE,999.9,0,0
61.3847,45.4532,29.5843,1.59536,0.800806,0.122257,0.0979038,NONE,999.9,0,0
61.3897,45.4528,29.5924,1.59684,0.804568,0.17936,0.144307,NONE,999.9,0,0
61.3924,45.4528,29.5924,1.59684,0.804568,0.17936,0.144307,NONE,999.9,0,0
61.3959,45.4528,29.5924,1.59684,0.804568,0.17936,0.144307,NONE,999.9,0,0
61.4001,45.4522,29.6004,1.59898,0.808151,0.250264,0.202251,NONE,999.9,0,0
61.4039,45.4522,29.6004,1.59898,0.808151,0.250264,0.202251,NONE,999.9,0,0
61.409,45.4516,29.6085,1.60186,0.811564,0.326212,0.264742,NONE,999.9,0,0
61.412,45.4516,29.6085,1.60186,0.811564,0.326212,0.264742,NONE,999.9,0,0
61.4162,45.4516,29.6085,1.60186,0.811564,0.326212,0.264742,NONE,999.9,0,0
61.4206,45.4508,29.6166,1.60551,0.814815,0.404375,0.329491,NONE,999.9,0,0
61.4242,45.4508,29.6166,1.60551,0.814815,0.404375,0.329491,NONE,999.9,0,0
61.4291,45.4499,29.6247,1.60973,0.817911,0.412854,0.337678,NONE,999.9,0,0
61.4322,45.4499,29.6247,1.60973,0.817911,0.412854,0.337678,NONE,999.9,0,0
61.4364,45.4499,29.6247,1.60973,0.817911,0.412854,0.337678,NONE,999.9,0,0
61.4402,45.449,29.6328,1.61388,0.82086,0.435201,0.357239,NONE,999.9,0,0
61.4442,45.449,29.6328,1.61388,0.82086,0.435201,0.357239,NONE,999.9,0,0
61.4494,45.4479,29.641,1.61829,0.823668,0.426026,0.350904,NONE,999.9,0,0
61.4524,45.4479,29.641,1.61829,0.823668,0.426026,0.350904,NONE,999.9,0,0
61.456,45.4479,29.641,1.61829,0.823668,0.426026,0.350904,NONE,999.9,0,0
61.4602,45.4468,29.6492,1.62253,0.826343,0.442109,0.365334,NONE,999.9,0,0
61.4639,45.4468,29.6492,1.62253,0.826343,0.442109,0.365334,NONE,999.9,0,0
61.4688,45.4457,29.6574,1.62699,0.828891,0.430664,0.356973,NONE,999.9,0,0
61.472,45.4457,29.6574,1.62699,0.828891,0.430664,0.356973,NONE,999.9,0,0
61.4764,45.4457,29.6574,1.62699,0.828891,0.430664,0.356973,NONE,999.9,0,0
61.481,45.4445,29.6656,1.63127,0.831318,0.445593,0.370429,NONE,999.9,0,0
61.4842,45.4445,29.6656,1.63127,0.831318,0.445593,0.370429,NONE,999.9,0,0
61.4914,45.4433,29.6738,1.63577,0.833629,0.433706,0.36155,NONE,999.9,0,0
61.4948,45.4433,29.6738,1.63577,0.833629,0.433706,0.36155,NONE,999.9,0,0
61.497,45.4433,29.6738,1.63577,0.833629,0.433706,0.36155,NONE,999.9,0,0
61.5007,45.442,29.6821,1.64008,0.835831,0.448227,0.374642,NONE,999.9,0,0
61.5044,45.442,29.6821,1.64008,0.835831,0.448227,0.374642,NONE,999.9,0,0
61.5094,45.4407,29.6903,1.6446,0.837927,0.43621,0.365513,NONE,999.9,0,0
61.5134,45.4407,29.6903,1.6446,0.837927,0.43621,0.365513,NONE,999.9,0,0
61.517,45.4407,29.6903,1.6446,0.837927,0.43621,0.365513,NONE,999.9,0,0
61.5217,45.4394,29.6986,1.64894,0.839924,0.45049,0.378377,NONE,999.9,0,0
61.5241,45.4394,29.6986,1.64894,0.839924,0.45049,0.378377,NONE,999.9,0,0
61.5302,45.438,29.7069,1.65348,0.841826,0.438417,0.369071,NONE,999.9,0,0
61.5324,45.438,29.7069,1.65348,0.841826,0.438417,0.369071,NONE,999.9,0,0
61.5361,45.438,29.7069,1.65348,0.841826,0.438417,0.369071,NONE,999.9,0,0
61.5402,45.4366,29.7152,1.65784,0.843638,0.452509,0.381754,NONE,999.9,0,0
61.5446,45.4366,29.7152,1.65784,0.843638,0.452509,0.381754,NONE,999.9,0,0
61.55,45.4351,29.7235,1.6624,0.845364,0.440401,0.372299,NONE,999.9,0,0
61.5527,45.4351,29.7235,1.6624,0.845364,0.440401,0.372299,NONE,999.9,0,0
61.5565,45.4351,29.7235,1.6624,0.845364,0.440401,0.372299,NONE,999.9,0,0
61.5604,45.4337,29.7319,1.66677,0.847007,0.454333,0.384823,NONE,999.9,0,0
61.5646,45.4337,29.7319,1.66677,0.847007,0.454333,0.384823,NONE,999.9,0,0
61.5694,45.4321,29.7402,1.67136,0.848572,0.442197,0.375236,NONE,999.9,0,0
61.5726,45.4321,29.7402,1.67136,0.848572,0.442197,0.375236,NONE,999.9,0,0
61.5771,45.4321,29.7402,1.67136,0.848572,0.442197,0.375236,NONE,999.9,0,0
61.5822,45.4305,29.7485,1.67575,0.850063,0.455986,0.387617,NONE,999.9,0,0
61.585,45.4305,29.7485,1.67575,0.850063,0.455986,0.387617,NONE,999.9,0,0
61.5905,45.4289,29.7569,1.68035,0.851483,0.443824,0.377909,NONE,999.9,0,0
61.5929,45.4289,29.7569,1.68035,0.851483,0.443824,0.377909,NONE,999.9,0,0
61.5963,45.4289,29.7569,1.68035,0.851483,0.443824,0.377909,NONE,999.9,0,0
61.6,45.4273,29.7653,1.68475,0.852836,0.457486,0.39016,NONE,999.9,0,0
61.604,45.4273,29.7653,1.68475,0.852836,0.457486,0.39016,NONE,999.9,0,0
61.6099,45.4256,29.7736,1.68937,0.854124,0.445301,0.380342,NONE,999.9,0,0
61.6131,45.4256,29.7736,1.68937,0.854124,0.445301,0.380342,NONE,999.9,0,0
61.616,45.4256,29.7736,1.68937,0.854124,0.445301,0.380342,NONE,999.9,0,0
61.62,45.4238,29.782,1.69379,0.855351,0.458847,0.392475,NONE,999.9,0,0
61.6242,45.4238,29.782,1.69379,0.855351,0.458847,0.392475,NONE,999.9,0,0
61.6297,45.422,29.7904,1.69842,0.856708,0.446675,0.38267,NONE,999.9,0,0
61.6322,45.422,29.7904,1.69842,0.856708,0.446675,0.38267,NONE,999.9,0,0
61.636,45.422,29.7904,1.69842,0.856708,0.446675,0.38267,NONE,999.9,0,0
61.6404,45.4202,29.7987,1.70285,0.858001,0.460171,0.394827,NONE,999.9,0,0
61.6445,45.4202,29.7987,1.70285,0.858001,0.460171,0.394827,NONE,999.9,0,0
61.6492,45.4184,29.8071,1.70749,0.859232,0.448054,0.384983,NONE,999.9,0,0
61.6519,45.4184,29.8071,1.70749,0.859232,0.448054,0.384983,NONE,999.9,0,0
61.6558,45.4184,29.8071,1.70749,0.859232,0.448054,0.384983,NONE,999.9,0,0
61.6603,45.4165,29.8155,1.71171,0.860405,0.389296,0.334952,NONE,999.9,0,0
61.6642,45.4165,29.8155,1.71171,0.860405,0.389296,0.334952,NONE,999.9,0,0
61.6687,45.4146,29.8239,1.71547,0.861522,0.387594,0.33392,NONE,999.9,0,0
61.6722,45.4146,29.8239,1.71547,0.861522,0.387594,0.33392,NONE,999.9,0,0
61.6763,45.4146,29.8239,1.71547,0.861522,0.387594,0.33392,NONE,999.9,0,0
61.6804,45.4128,29.8323,1.71935,0.862586,0.370257,0.319379,NONE,999.9,0,0
61.6839,45.4128,29.8323,1.71935,0.862586,0.370257,0.319379,NONE,999.9,0,0
61.6888,45.4109,29.8408,1.72301,0.863599,0.381549,0.329505,NONE,999.9,0,0
61.6924,45.4109,29.8408,1.72301,0.863599,0.381549,0.329505,NONE,999.9,0,0
61.6959,45.4109,29.8408,1.72301,0.863599,0.381549,0.329505,NONE,999.9,0,0
61.7001,45.409,29.8492,1.72686,0.864564,0.368537,0.318624,NONE,999.9,0,0
61.704,45.409,29.8492,1.72686,0.864564,0.368537,0.318624,NONE,999.9,0,0
61.7105,45.407,29.8576,1.73051,0.865483,0.381293,0.330002,NONE,999.9,0,0
61.714,45.407,29.8576,1.73051,0.865483,0.381293,0.330002,NONE,999.9,0,0
61.7167,45.407,29.8576,1.73051,0.865483,0.381293,0.330002,NONE,999.9,0,0
61.7201,45.405,29.866,1.73436,0.866359,0.368869,0.319573,NONE,999.9,0,0
61.7243,45.405,29.866,1.73436,0.866359,0.368869,0.319573,NONE,999.9,0,0
61.7288,45.403,29.8745,1.73801,0.867192,0.381809,0.331102,NONE,999.9,0,0
61.7319,45.403,29.8745,1.73801,0.867192,0.381809,0.331102,NONE,999.9,0,0
61.7364,45.403,29.8745,1.73801,0.867192,0.381809,0.331102,NONE,999.9,0,0
61.7405,45.401,29.8829,1.74187,0.867987,0.369495,0.320717,NONE,999.9,0,0
61.7444,45.401,29.8829,1.74187,0.867987,0.369495,0.320717,NONE,999.9,0,0
61.7487,45.3989,29.8913,1.74553,0.868743,0.382431,0.332235,NONE,999.9,0,0
61.7521,45.3989,29.8913,1.74553,0.868743,0.382431,0.332235,NONE,999.9,0,0
61.756,45.3989,29.8913,1.74553,0.868743,0.382431,0.332235,NONE,999.9,0,0
61.7608,45.3968,29.8998,1.74939,0.869463,0.37014,0.321823,NONE,999.9,0,0
61.7644,45.3968,29.8998,1.74939,0.869463,0.37014,0.321823,NONE,999.9,0,0
61.7693,45.3947,29.9082,1.75306,0.87015,0.383035,0.333298,NONE,999.9,0,0
61.7722,45.3947,29.9082,1.75306,0.87015,0.383035,0.333298,NONE,999.9,0,0
61.7765,45.3947,29.9082,1.75306,0.87015,0.383035,0.333298,NONE,999.9,0,0
61.7801,45.3925,29.9166,1.75693,0.870803,0.370746,0.322847,NONE,999.9,0,0
61.7839,45.3925,29.9166,1.75693,0.870803,0.370746,0.322847,NONE,999.9,0,0
61.7892,45.3903,29.9251,1.7606,0.871426,0.383595,0.334274,NONE,999.9,0,0
61.7919,45.3903,29.9251,1.7606,0.871426,0.383595,0.334274,NONE,999.9,0,0
61.796,45.3903,29.9251,1.7606,0.871426,0.383595,0.334274,NONE,999.9,0,0
61.8006,45.388,29.9335,1.76447,0.872019,0.371301,0.323782,NONE,999.9,0,0
61.8045,45.388,29.9335,1.76447,0.872019,0.371301,0.323782,NONE,999.9,0,0
61.8089,45.3858,29.9419,1.76815,0.872583,0.384106,0.335164,NONE,999.9,0,0
61.8124,45.3858,29.9419,1.76815,0.872583,0.384106,0.335164,NONE,999.9,0,0
61.816,45.3858,29.9419,1.76815,0.872583,0.384106,0.335164,NONE,999.9,0,0
61.8203,45.3834,29.9503,1.77203,0.873121,0.371807,0.324633,NONE,999.9,0,0
61.8246,45.3834,29.9503,1.77203,0.873121,0.371807,0.324633,NONE,999.9,0,0
61.8291,45.3811,29.9587,1.77571,0.873634,0.38457,0.335973,NONE,999.9,0,0
61.832,45.3811,29.9587,1.77571,0.873634,0.38457,0.335973,NONE,999.9,0,0
61.8366,45.3811,29.9587,1.77571,0.873634,0.38457,0.335973,NONE,999.9,0,0
61.8401,45.3787,29.9671,1.7796,0.874121,0.372267,0.325406,NONE,999.9,0,0
61.844,45.3787,29.9671,1.7796,0.874121,0.372267,0.325406,NONE,999.9,0,0
61.8487,45.3763,29.9755,1.78328,0.874586,0.384992,0.336709,NONE,999.9,0,0
61.8518,45.3763,29.9755,1.78328,0.874586,0.384992,0.336709,NONE,999.9,0,0
61.856,45.3763,29.9755,1.78328,0.874586,0.384992,0.336709,NONE,999.9,0,0
61.8599,45.3739,29.9839,1.78717,0.875029,0.372684,0.326109,NONE,999.9,0,0
61.8646,45.3739,29.9839,1.78717,0.875029,0.372684,0.326109,NONE,999.9,0,0
61.8698,45.3714,29.9923,1.79086,0.87545,0.385375,0.337376,NONE,999.9,0,0
61.8719,45.3714,29.9923,1.79086,0.87545,0.385375,0.337376,NONE,999.9,0,0
61.8762,45.3714,29.9923,1.79086,0.87545,0.385375,0.337376,NONE,999.9,0,0
61.8803,45.3689,30.0007,1.79475,0.875852,0.373062,0.326747,NONE,999.9,0,0
61.885,45.3689,30.0007,1.79475,0.875852,0.373062,0.326747,NONE,999.9,0,0
61.8893,45.3664,30.0091,1.79845,0.876234,0.385722,0.337983,NONE,999.9,0,0
61.892,45.3664,30.0091,1.79845,0.876234,0.385722,0.337983,NONE,999.9,0,0
61.8961,45.3664,30.0091,1.79845,0.876234,0.385722,0.337983,NONE,999.9,0,0
61.9002,45.3638,30.0175,1.80234,0.883115,0.374364,0.330606,NONE,999.9,0,0
61.9041,45.3638,30.0175,1.80234,0.883115,0.374364,0.330606,NONE,999.9,0,0
61.909,45.3611,30.026,1.80606,0.889668,0.388402,0.345549,NONE,999.9,0,0
61.912,45.3611,30.026,1.80606,0.889668,0.388402,0.345549,NONE,999.9,0,0
61.916,45.3611,30.026,1.80606,0.889668,0.388402,0.345549,NONE,999.9,0,0
61.9207,45.3585,30.0345,1.80999,0.89591,0.379233,0.339759,NONE,999.9,0,0
61.924,45.3585,30.0345,1.80999,0.89591,0.379233,0.339759,NONE,999.9,0,0
61.9294,45.3557,30.0431,1.81353,0.901855,0.321956,0.290357,NONE,999.9,0,0
61.932,45.3557,30.0431,1.81353,0.901855,0.321956,0.290357,NONE,999.9,0,0
61.9359,45.3557,30.0431,1.81353,0.901855,0.321956,0.290357,NONE,999.9,0,0
61.94,45.3531,30.0517,1.81639,0.907518,0.247665,0.224761,NONE,999.9,0,0
61.9441,45.3531,30.0517,1.81639,0.907518,0.247665,0.224761,NONE,999.9,0,0
61.9487,45.3505,30.0604,1.81847,0.912911,0.1665,0.152,NONE,999.9,0,0
61.9527,45.3505,30.0604,1.81847,0.912911,0.1665,0.152,NONE,999.9,0,0
61.9562,45.3505,30.0604,1.81847,0.912911,0.1665,0.152,NONE,999.9,0,0
61.9604,45.3478,30.0695,1.82004,0.978693,0.164526,0.16102,NONE,999.9,0,0
61.9648,45.3478,30.0695,1.82004,0.978693,0.164526,0.16102,NONE,999.9,0,0
61.9695,45.345,30.0792,1.82171,1.04135,0.155081,0.161493,NONE,999.9,0,0
61.9719,45.345,30.0792,1.82171,1.04135,0.155081,0.161493,NONE,999.9,0,0
61.9776,45.345,30.0792,1.82171,1.04135,0.155081,0.161493,NONE,999.9,0,0
61.9804,45.3421,30.0895,1.82322,1.10102,0.16259,0.179016,NONE,999.9,0,0
61.984,45.3421,30.0895,1.82322,1.10102,0.16259,0.179016,NONE,999.9,0,0
61.9896,45.339,30.1004,1.8251,1.15786,0.219048,0.253627,NONE,999.9,0,0
61.9922,45.339,30.1004,1.8251,1.15786,0.219048,0.253627,NONE,999.9,0,0
61.9962,45.339,30.1004,1.8251,1.15786,0.219048,0.253627,NONE,999.9,0,0
62.0004,45.3356,30.1117,1.82769,1.21199,0.302953,0.367177,NONE,999.9,0,0
62.004,45.3356,30.1117,1.82769,1.21199,0.302953,0.367177,NONE,999.9,0,0
62.009,45.332,30.1236,1.83122,1.26355,0.405304,0.512124,NONE,999.9,0,0
62.0123,45.332,30.1236,1.83122,1.26355,0.405304,0.512124,NONE,999.9,0,0
62.016,45.332,30.1236,1.83122,1.26355,0.405304,0.512124,NONE,999.9,0,0
62.0202,45.328,30.1358,1.83585,1.31266,0.521588,0.684669,NONE,999.9,0,0
62.0244,45.328,30.1358,1.83585,1.31266,0.521588,0.684669,NONE,999.9,0,0
62.0294,45.3237,30.1485,1.84169,1.35944,0.649163,0.882496,NONE,999.9,0,0
62.032,45.3237,30.1485,1.84169,1.35944,0.649163,0.882496,NONE,999.9,0,0
62.0361,45.3237,30.1485,1.84169,1.35944,0.649163,0.882496,NONE,999.9,0,0
62.0401,45.3191,30.1615,1.84886,1.40398,0.786296,1.10395,NONE,999.9,0,0
62.0441,45.3191,30.1615,1.84886,1.40398,0.786296,1.10395,NONE,999.9,0,0
62.0489,45.3141,30.1748,1.85745,1.44642,0.931748,1.3477,NONE,999.9,0,0
62.052,45.3141,30.1748,1.85745,1.44642,0.931748,1.3477,NONE,999.9,0,0
62.0564,45.3141,30.1748,1.85745,1.44642,0.931748,1.3477,NONE,999.9,0,0
62.0603,45.3086,30.1884,1.86753,1.48683,1.08459,1.6126,NONE,999.9,0,0
62.0642,45.3086,30.1884,1.86753,1.48683,1.08459,1.6126,NONE,999.9,0,0
62.069,45.3027,30.2024,1.87881,1.54514,1.1563,1.78665,NONE,999.9,0,0
62.0719,45.3027,30.2024,1.87881,1.54514,1.1563,1.78665,NONE,999.9,0,0
62.0764,45.3027,30.2024,1.87881,1.54514,1.1563,1.78665,NONE,999.9,0,0
62.0802,45.2963,30.2168,1.89068,1.60067,1.2291,1.96738,NONE,999.9,0,0
62.0855,45.2963,30.2168,1.89068,1.60067,1.2291,1.96738,NONE,999.9,0,0
62.0894,45.2895,30.2315,1.90333,1.65357,1.28626,2.12691,NONE,999.9,0,0
62.0923,45.2895,30.2315,1.90333,1.65357,1.28626,2.12691,NONE,999.9,0,0
62.0961,45.2895,30.2315,1.90333,1.65357,1.28626,2.12691,NONE,999.9,0,0
62.1002,45.2822,30.2467,1.91621,1.70395,1.27937,2.17998,NONE,999.9,0,0
62.1038,45.2822,30.2467,1.91621,1.70395,1.27937,2.17998,NONE,999.9,0,0
62.1091,45.2747,30.2622,1.92879,1.75193,1.2316,2.15767,NONE,999.9,0,0
62.1119,45.2747,30.2622,1.92879,1.75193,1.2316,2.15767,NONE,999.9,0,0
62.1159,45.2747,30.2622,1.92879,1.75193,1.2316,2.15767,NONE,999.9,0,0
62.1204,45.2668,30.2781,1.94075,1.79763,1.15539,2.07697,NONE,999.9,0,0
62.1243,45.2668,30.2781,1.94075,1.79763,1.15539,2.07697,NONE,999.9,0,0
62.1299,45.2587,30.2944,1.95207,1.84116,1.12716,2.07528,NONE,999.9,0,0
62.132,45.2587,30.2944,1.95207,1.84116,1.12716,2.07528,NONE,999.9,0,0
62.1359,45.2587,30.2944,1.95207,1.84116,1.12716,2.07528,NONE,999.9,0,0
62.1403,45.2502,30.311,1.96333,1.88262,1.11263,2.09466,NONE,999.9,0,0
62.1442,45.2502,30.311,1.96333,1.88262,1.11263,2.09466,NONE,999.9,0,0
62.1489,45.2415,30.3279,1.9744,1.92211,1.11768,2.14831,NONE,999.9,0,0
62.1524,45.2415,30.3279,1.9744,1.92211,1.11768,2.14831,NONE,999.9,0,0
62.1567,45.2415,30.3279,1.9744,1.92211,1.11768,2.14831,NONE,999.9,0,0
62.1604,45.2324,30.3451,1.98567,1.95972,1.12176,2.19834,NONE,999.9,0,0
62.164,45.2324,30.3451,1.98567,1.95972,1.12176,2.19834,NONE,999.9,0,0
62.1692,45.2231,30.3625,1.99689,1.99554,1.13722,2.26937,NONE,999.9,0,0
62.1719,45.2231,30.3625,1.99689,1.99554,1.13722,2.26937,NONE,999.9,0,0
62.1763,45.2231,30.3625,1.99689,1.99554,1.13722,2.26937,NONE,999.9,0,0
62.1801,45.2134,30.3801,2.00838,2.02966,1.14726,2.32856,NONE,999.9,0,0
62.1843,45.2134,30.3801,2.00838,2.02966,1.14726,2.32856,NONE,999.9,0,0
62.1895,45.2034,30.398,2.01988,2.06216,1.16594,2.40435,NONE,999.9,0,0
62.192,45.2034,30.398,2.01988,2.06216,1.16594,2.40435,NONE,999.9,0,0
62.1961,45.2034,30.398,2.01988,2.06216,1.16594,2.40435,NONE,999.9,0,0
62.2006,45.193,30.416,2.03167,2.09311,1.17771,2.46507,NONE,999.9,0,0
62.2045,45.193,30.416,2.03167,2.09311,1.17771,2.46507,NONE,999.9,0,0
62.2097,45.1823,30.4342,2.04347,2.12259,1.19705,2.54083,NONE,999.9,0,0
62.2124,45.1823,30.4342,2.04347,2.12259,1.19705,2.54083,NONE,999.9,0,0
62.2164,45.1823,30.4342,2.04347,2.12259,1.19705,2.54083,NONE,999.9,0,0
62.2212,45.1713,30.4525,2.05558,2.15066,1.20894,2.60002,NONE,999.9,0,0
62.2249,45.1713,30.4525,2.05558,2.15066,1.20894,2.60002,NONE,999.9,0,0
62.2303,45.1599,30.4709,2.06769,2.17741,1.22794,2.67372,NONE,999.9,0,0
62.2324,45.1599,30.4709,2.06769,2.17741,1.22794,2.67372,NONE,999.9,0,0
62.2365,45.1599,30.4709,2.06769,2.17741,1.22794,2.67372,NONE,999.9,0,0
62.2417,45.1482,30.4894,2.0801,2.20288,1.23931,2.73005,NONE,999.9,0,0
62.2443,45.1482,30.4894,2.0801,2.20288,1.23931,2.73005,NONE,999.9,0,0
62.2498,45.1362,30.508,2.09251,2.22714,1.25758,2.8008,NONE,999.9,0,0
62.2525,45.1362,30.508,2.09251,2.22714,1.25758,2.8008,NONE,999.9,0,0
62.2562,45.1362,30.508,2.09251,2.22714,1.25758,2.8008,NONE,999.9,0,0
62.2607,45.1238,30.5266,2.10522,2.25024,1.26817,2.85369,NONE,999.9,0,0
62.2643,45.1238,30.5266,2.10522,2.25024,1.26817,2.85369,NONE,999.9,0,0
62.2693,45.1111,30.5454,2.1178,2.29101,1.26435,2.89662,NONE,999.9,0,0
62.2721,45.1111,30.5454,2.1178,2.29101,1.26435,2.89662,NONE,999.9,0,0
62.2763,45.1111,30.5454,2.1178,2.29101,1.26435,2.89662,NONE,999.9,0,0
62.2804,45.0978,30.5644,2.13052,2.32983,1.26632,2.95031,NONE,999.9,0,0
62.2843,45.0978,30.5644,2.13052,2.32983,1.26632,2.95031,NONE,999.9,0,0
62.2896,45.0842,30.5835,2.14293,2.36681,1.20721,2.85722,NONE,999.9,0,0
62.2923,45.0842,30.5835,2.14293,2.36681,1.20721,2.85722,NONE,999.9,0,0
62.296,45.0842,30.5835,2.14293,2.36681,1.20721,2.85722,NONE,999.9,0,0
62.3002,45.0703,30.6028,2.15453,2.40271,1.1056,2.65643,NONE,999.9,0,0
62.3039,45.0703,30.6028,2.15453,2.40271,1.1056,2.65643,NONE,999.9,0,0
62.3091,45.056,30.6223,2.16521,2.43691,1.04982,2.55833,NONE,999.9,0,0
62.3124,45.056,30.6223,2.16521,2.43691,1.04982,2.55833,NONE,999.9,0,0
62.3162,45.056,30.6223,2.16521,2.43691,1.04982,2.55833,NONE,999.9,0,0
62.3202,45.0413,30.642,2.17558,2.46949,1.01283,2.50116,NONE,999.9,0,0
62.324,45.0413,30.642,2.17558,2.46949,1.01283,2.50116,NONE,999.9,0,0
62.3293,45.0263,30.6618,2.18555,2.50051,0.99785,2.49513,NONE,999.9,0,0
62.3322,45.0263,30.6618,2.18555,2.50051,0.99785,2.49513,NONE,999.9,0,0
62.3359,45.0263,30.6618,2.18555,2.50051,0.99785,2.49513,NONE,999.9,0,0
62.3405,45.011,30.6818,2.19554,2.53006,0.986809,2.49668,NONE,999.9,0,0
62.3444,45.011,30.6818,2.19554,2.53006,0.986809,2.49668,NONE,999.9,0,0
62.3499,44.9953,30.7018,2.20534,2.5582,0.988357,2.52842,NONE,999.9,0,0
62.3526,44.9953,30.7018,2.20534,2.5582,0.988357,2.52842,NONE,999.9,0,0
62.3562,44.9953,30.7018,2.20534,2.5582,0.988357,2.52842,NONE,999.9,0,0
62.3604,44.9793,30.722,2.2153,2.58501,0.987871,2.55365,NONE,999.9,0,0
62.3643,44.9793,30.722,2.2153,2.58501,0.987871,2.55365,NONE,999.9,0,0
62.3691,44.963,30.7422,2.22514,2.61054,0.996088,2.60033,NONE,999.9,0,0
62.3719,44.963,30.7422,2.22514,2.61054,0.996088,2.60033,NONE,999.9,0,0
62.3763,44.963,30.7422,2.22514,2.61054,0.996088,2.60033,NONE,999.9,0,0
62.3806,44.9463,30.7624,2.23519,2.63485,0.999793,2.63431,NONE,999.9,0,0
62.3841,44.9463,30.7624,2.23519,2.63485,0.999793,2.63431,NONE,999.9,0,0
62.3889,44.9293,30.7827,2.24517,2.65801,1.01055,2.68606,NONE,999.9,0,0
62.3928,44.9293,30.7827,2.24517,2.65801,1.01055,2.68606,NONE,999.9,0,0
62.3973,44.9293,30.7827,2.24517,2.65801,1.01055,2.68606,NONE,999.9,0,0
62.4011,44.912,30.803,2.25538,2.68007,1.01574,2.72227,NONE,999.9,0,0
62.4039,44.912,30.803,2.25538,2.68007,1.01574,2.72227,NONE,999.9,0,0
62.4104,44.8944,30.8233,2.26552,2.70108,1.02727,2.77474,NONE,999.9,0,0
62.4138,44.8944,30.8233,2.26552,2.70108,1.02727,2.77474,NONE,999.9,0,0
62.4163,44.8944,30.8233,2.26552,2.70108,1.02727,2.77474,NONE,999.9,0,0
62.4204,44.8764,30.8436,2.2759,2.72109,1.03279,2.81031,NONE,999.9,0,0
62.424,44.8764,30.8436,2.2759,2.72109,1.03279,2.81031,NONE,999.9,0,0
62.43,44.8581,30.8639,2.28621,2.74015,1.04432,2.86159,NONE,999.9,0,0
62.432,44.8581,30.8639,2.28621,2.74015,1.04432,2.86159,NONE,999.9,0,0
62.436,44.8581,30.8639,2.28621,2.74015,1.04432,2.86159,NONE,999.9,0,0
62.4402,44.8395,30.8841,2.29676,2.75831,1.04965,2.89527,NONE,999.9,0,0
62.4446,44.8395,30.8841,2.29676,2.75831,1.04965,2.89527,NONE,999.9,0,0
62.4494,44.8205,30.9043,2.30723,2.7756,1.06086,2.94452,NONE,999.9,0,0
62.4519,44.8205,30.9043,2.30723,2.7756,1.06086,2.94452,NONE,999.9,0,0
62.4559,44.8205,30.9043,2.30723,2.7756,1.06086,2.94452,NONE,999.9,0,0
62.4602,44.8013,30.9244,2.31795,2.79207,1.0658,2.97579,NONE,999.9,0,0
62.464,44.8013,30.9244,2.31795,2.79207,1.0658,2.97579,NONE,999.9,0,0
62.469,44.7817,30.9444,2.32858,2.80775,1.07655,3.02269,NONE,999.9,0,0
62.4721,44.7817,30.9444,2.32858,2.80775,1.07655,3.02269,NONE,999.9,0,0
62.4774,44.7817,30.9444,2.32858,2.80775,1.07655,3.02269,NONE,999.9,0,0
62.4817,44.7619,30.9644,2.33945,2.82269,1.08102,3.05138,NONE,999.9,0,0
62.4844,44.7619,30.9644,2.33945,2.82269,1.08102,3.05138,NONE,999.9,0,0
62.4889,44.7417,30.9842,2.35023,2.83692,1.09127,3.09584,NONE,999.9,0,0
62.4942,44.7417,30.9842,2.35023,2.83692,1.09127,3.09584,NONE,999.9,0,0
62.4962,44.7417,30.9842,2.35023,2.83692,1.09127,3.09584,NONE,999.9,0,0
62.5,44.7212,31.004,2.36112,2.86714,1.07288,3.07609,NONE,999.9,0,0
62.5047,44.7212,31.004,2.36112,2.86714,1.07288,3.07609,NONE,999.9,0,0
62.5107,44.7003,31.0238,2.37175,2.89592,1.07,3.09863,NONE,999.9,0,0
62.5125,44.7003,31.0238,2.37175,2.89592,1.07,3.09863,NONE,999.9,0,0
62.5159,44.7003,31.0238,2.37175,2.89592,1.07,3.09863,NONE,999.9,0,0
62.5201,44.6789,31.0436,2.38252,2.92333,1.06823,3.1228,NONE,999.9,0,0
62.524,44.6789,31.0436,2.38252,2.92333,1.06823,3.1228,NONE,999.9,0,0
62.5295,44.6572,31.0634,2.39289,2.94944,0.995746,2.9369,NONE,999.9,0,0
62.5321,44.6572,31.0634,2.39289,2.94944,0.995746,2.9369,NONE,999.9,0,0
62.5361,44.6572,31.0634,2.39289,2.94944,0.995746,2.9369,NONE,999.9,0,0
62.5406,44.6351,31.0832,2.40254,2.97431,0.953181,2.83506,NONE,999.9,0,0
62.5441,44.6351,31.0832,2.40254,2.97431,0.953181,2.83506,NONE,999.9,0,0
62.5488,44.6127,31.1029,2.41198,2.998,0.922105,2.76447,NONE,999.9,0,0
62.5519,44.6127,31.1029,2.41198,2.998,0.922105,2.76447,NONE,999.9,0,0
62.556,44.6127,31.1029,2.41198,2.998,0.922105,2.76447,NONE,999.9,0,0
62.5604,44.59,31.1226,2.42105,3.02056,0.907955,2.74253,NONE,999.9,0,0
62.5647,44.59,31.1226,2.42105,3.02056,0.907955,2.74253,NONE,999.9,0,0
62.5694,44.567,31.1423,2.43014,3.04204,0.89632,2.72665,NONE,999.9,0,0
62.5722,44.567,31.1423,2.43014,3.04204,0.89632,2.72665,NONE,999.9,0,0
62.577,44.567,31.1423,2.43014,3.04204,0.89632,2.72665,NONE,999.9,0,0
62.5801,44.5436,31.1619,2.43902,3.06251,0.895396,2.74216,NONE,999.9,0,0
62.5845,44.5436,31.1619,2.43902,3.06251,0.895396,2.74216,NONE,999.9,0,0
62.5897,44.5199,31.1815,2.44804,3.082,0.892692,2.75128,NONE,999.9,0,0
62.5927,44.5199,31.1815,2.44804,3.082,0.892692,2.75128,NONE,999.9,0,0
62.5966,44.5199,31.1815,2.44804,3.082,0.892692,2.75128,NONE,999.9,0,0
62.6004,44.4959,31.201,2.45691,3.10057,0.897724,2.78345,NONE,999.9,0,0
62.6044,44.4959,31.201,2.45691,3.10057,0.897724,2.78345,NONE,999.9,0,0
62.6101,44.4716,31.2203,2.46598,3.11825,0.898927,2.80308,NONE,999.9,0,0
62.6121,44.4716,31.2203,2.46598,3.11825,0.898927,2.80308,NONE,999.9,0,0
62.616,44.4716,31.2203,2.46598,3.11825,0.898927,2.80308,NONE,999.9,0,0
62.6203,44.4469,31.2396,2.47492,3.13509,0.906449,2.8418,NONE,999.9,0,0
62.6242,44.4469,31.2396,2.47492,3.13509,0.906449,2.8418,NONE,999.9,0,0
62.63,44.422,31.2588,2.48408,3.15113,0.909177,2.86494,NONE,999.9,0,0
62.6323,44.422,31.2588,2.48408,3.15113,0.909177,2.86494,NONE,999.9,0,0
62.637,44.422,31.2588,2.48408,3.15113,0.909177,2.86494,NONE,999.9,0,0
62.641,44.3969,31.2778,2.49317,3.16142,0.924194,2.92177,NONE,999.9,0,0
62.6448,44.3969,31.2778,2.49317,3.16142,0.924194,2.92177,NONE,999.9,0,0
62.6497,44.3715,31.2967,2.50253,3.17122,0.931123,2.95279,NONE,999.9,0,0
62.6531,44.3715,31.2967,2.50253,3.17122,0.931123,2.95279,NONE,999.9,0,0
62.6559,44.3715,31.2967,2.50253,3.17122,0.931123,2.95279,NONE,999.9,0,0
62.66,44.3458,31.3155,2.51152,3.18055,0.854401,2.71746,NONE,999.9,0,0
62.6642,44.3458,31.3155,2.51152,3.18055,0.854401,2.71746,NONE,999.9,0,0
62.6702,44.32,31.3341,2.51942,3.18943,0.717884,2.28964,NONE,999.9,0,0
62.672,44.32,31.3341,2.51942,3.18943,0.717884,2.28964,NONE,999.9,0,0
62.6763,44.32,31.3341,2.51942,3.18943,0.717884,2.28964,NONE,999.9,0,0
62.6803,44.294,31.3527,2.52603,3.1979,0.626336,2.00296,NONE,999.9,0,0
62.684,44.294,31.3527,2.52603,3.1979,0.626336,2.00296,NONE,999.9,0,0
62.6897,44.2679,31.3712,2.53202,3.20596,0.557427,1.78709,NONE,999.9,0,0
62.6919,44.2679,31.3712,2.53202,3.20596,0.557427,1.78709,NONE,999.9,0,0
62.6964,44.2679,31.3712,2.53202,3.20596,0.557427,1.78709,NONE,999.9,0,0
62.7003,44.2416,31.3897,2.53728,3.21364,0.514127,1.65222,NONE,999.9,0,0
62.7043,44.2416,31.3897,2.53728,3.21364,0.514127,1.65222,NONE,999.9,0,0
62.7099,44.2152,31.408,2.54232,3.22095,0.479569,1.54467,NONE,999.9,0,0
62.712,44.2152,31.408,2.54232,3.22095,0.479569,1.54467,NONE,999.9,0,0
62.716,44.2152,31.408,2.54232,3.22095,0.479569,1.54467,NONE,999.9,0,0
62.7204,44.1886,31.4263,2.54693,3.22792,0.460651,1.48695,NONE,999.9,0,0
62.7243,44.1886,31.4263,2.54693,3.22792,0.460651,1.48695,NONE,999.9,0,0
62.73,44.1619,31.4444,2.55153,3.23456,0.44334,1.43401,NONE,999.9,0,0
62.7319,44.1619,31.4444,2.55153,3.23456,0.44334,1.43401,NONE,999.9,0,0
62.7362,44.1619,31.4444,2.55153,3.23456,0.44334,1.43401,NONE,999.9,0,0
62.7402,44.1351,31.4625,2.55584,3.24087,0.436567,1.41486,NONE,999.9,0,0
62.7446,44.1351,31.4625,2.55584,3.24087,0.436567,1.41486,NONE,999.9,0,0
62.7501,44.1081,31.4805,2.56024,3.24689,0.427762,1.3889,NONE,999.9,0,0
62.7525,44.1081,31.4805,2.56024,3.24689,0.427762,1.3889,NONE,999.9,0,0
62.756,44.1081,31.4805,2.56024,3.24689,0.427762,1.3889,NONE,999.9,0,0
62.7609,44.0809,31.4984,2.56443,3.25263,0.426905,1.38856,NONE,999.9,0,0
62.7643,44.0809,31.4984,2.56443,3.25263,0.426905,1.38856,NONE,999.9,0,0
62.7696,44.0537,31.5162,2.56876,3.25809,0.422181,1.3755,NONE,999.9,0,0
62.7721,44.0537,31.5162,2.56876,3.25809,0.422181,1.3755,NONE,999.9,0,0
62.7767,44.0537,31.5162,2.56876,3.25809,0.422181,1.3755,NONE,999.9,0,0
62.7803,44.0263,31.5339,2.57291,3.26329,0.424106,1.38398,NONE,999.9,0,0
62.784,44.0263,31.5339,2.57291,3.26329,0.424106,1.38398,NONE,999.9,0,0
62.7895,43.9988,31.5515,2.57722,3.26824,0.421253,1.37675,NONE,999.9,0,0
62.7921,43.9988,31.5515,2.57722,3.26824,0.421253,1.37675,NONE,999.9,0,0
62.7974,43.9988,31.5515,2.57722,3.26824,0.421253,1.37675,NONE,999.9,0,0
62.8014,43.9712,31.569,2.58136,3.27296,0.424409,1.38907,NONE,999.9,0,0
62.804,43.9712,31.569,2.58136,3.27296,0.424409,1.38907,NONE,999.9,0,0
62.8102,43.9434,31.5864,2.58568,3.27745,0.422342,1.38421,NONE,999.9,0,0
62.812,43.9434,31.5864,2.58568,3.27745,0.422342,1.38421,NONE,999.9,0,0
62.816,43.9434,31.5864,2.58568,3.27745,0.422342,1.38421,NONE,999.9,0,0
62.8205,43.9156,31.6038,2.58984,3.28173,0.425979,1.39795,NONE,999.9,0,0
62.8241,43.9156,31.6038,2.58984,3.28173,0.425979,1.39795,NONE,999.9,0,0
62.8297,43.8876,31.621,2.59417,3.28581,0.424184,1.39379,NONE,999.9,0,0
62.832,43.8876,31.621,2.59417,3.28581,0.424184,1.39379,NONE,999.9,0,0
62.8366,43.8876,31.621,2.59417,3.28581,0.424184,1.39379,NONE,999.9,0,0
62.8405,43.8596,31.6381,2.59835,3.28969,0.427952,1.40783,NONE,999.9,0,0
62.8445,43.8596,31.6381,2.59835,3.28969,0.427952,1.40783,NONE,999.9,0,0
62.85,43.8314,31.6551,2.6027,3.29339,0.426197,1.40363,NONE,999.9,0,0
62.8523,43.8314,31.6551,2.6027,3.29339,0.426197,1.40363,NONE,999.9,0,0
62.8564,43.8314,31.6551,2.6027,3.29339,0.426197,1.40363,NONE,999.9,0,0
62.8609,43.8031,31.6721,2.6069,3.29691,0.429944,1.41749,NONE,999.9,0,0
62.8652,43.8031,31.6721,2.6069,3.29691,0.429944,1.41749,NONE,999.9,0,0
62.8695,43.7747,31.6889,2.61128,3.30026,0.428131,1.41295,NONE,999.9,0,0
62.8719,43.7747,31.6889,2.61128,3.30026,0.428131,1.41295,NONE,999.9,0,0
62.8765,43.7747,31.6889,2.61128,3.30026,0.428131,1.41295,NONE,999.9,0,0
62.8802,43.7462,31.7056,2.61549,3.30346,0.431799,1.42643,NONE,999.9,0,0
62.8842,43.7462,31.7056,2.61549,3.30346,0.431799,1.42643,NONE,999.9,0,0
62.8895,43.7176,31.7222,2.61984,3.31798,0.422085,1.40047,NONE,999.9,0,0
62.8929,43.7176,31.7222,2.61984,3.31798,0.422085,1.40047,NONE,999.9,0,0
62.8963,43.7176,31.7222,2.61984,3.31798,0.422085,1.40047,NONE,999.9,0,0
62.9002,43.6888,31.7388,2.62397,3.33181,0.420625,1.40144,NONE,999.9,0,0
62.9039,43.6888,31.7388,2.62397,3.33181,0.420625,1.40144,NONE,999.9,0,0
62.9097,43.6598,31.7553,2.62823,3.34499,0.416185,1.39214,NONE,999.9,0,0
62.912,43.6598,31.7553,2.62823,3.34499,0.416185,1.39214,NONE,999.9,0,0
62.9161,43.6598,31.7553,2.62823,3.34499,0.416185,1.39214,NONE,999.9,0,0
62.9202,43.6306,31.7718,2.63232,3.35754,0.418352,1.40463,NONE,999.9,0,0
62.9248,43.6306,31.7718,2.63232,3.35754,0.418352,1.40463,NONE,999.9,0,0
62.9297,43.6012,31.7882,2.63658,3.36949,0.416367,1.40294,NONE,999.9,0,0
62.932,43.6012,31.7882,2.63658,3.36949,0.416367,1.40294,NONE,999.9,0,0
62.9359,43.6012,31.7882,2.63658,3.36949,0.416367,1.40294,NONE,999.9,0,0
62.9404,43.5717,31.8045,2.64068,3.38087,0.420162,1.42051,NONE,999.9,0,0
62.9441,43.5717,31.8045,2.64068,3.38087,0.420162,1.42051,NONE,999.9,0,0
62.9493,43.542,31.8208,2.64496,3.39171,0.419224,1.42189,NONE,999.9,0,0
62.9524,43.542,31.8208,2.64496,3.39171,0.419224,1.42189,NONE,999.9,0,0
62.9566,43.542,31.8208,2.64496,3.39171,0.419224,1.42189,NONE,999.9,0,0
62.9603,43.5126,31.8367,2.64946,3.29661,0.499658,1.64718,NONE,999.9,0,0
62.9643,43.5126,31.8367,2.64946,3.29661,0.499658,1.64718,NONE,999.9,0,0
62.9691,43.484,31.8521,2.65483,3.20151,0.547708,1.75349,NONE,999.9,0,0
62.9718,43.484,31.8521,2.65483,3.20151,0.547708,1.75349,NONE,999.9,0,0
62.9761,43.484,31.8521,2.65483,3.20151,0.547708,1.75349,NONE,999.9,0,0
62.9803,43.4561,31.8669,2.6604,3.10641,0.588365,1.82771,NONE,999.9,0,0
62.9842,43.4561,31.8669,2.6604,3.10641,0.588365,1.82771,NONE,999.9,0,0
62.9902,43.4291,31.8811,2.66651,3.01131,0.606633,1.82676,NONE,999.9,0,0
62.9919,43.4291,31.8811,2.66651,3.01131,0.606633,1.82676,NONE,999.9,0,0
62.9962,43.4291,31.8811,2.66651,3.01131,0.606633,1.82676,NONE,999.9,0,0
63.0003,43.4028,31.8948,2.67255,2.91621,0.625322,1.82357,NONE,999.9,0,0
63.0039,43.4028,31.8948,2.67255,2.91621,0.625322,1.82357,NONE,999.9,0,0
63.0094,43.3772,31.9079,2.67894,2.82111,0.625888,1.7657,NONE,999.9,0,0
63.012,43.3772,31.9079,2.67894,2.82111,0.625888,1.7657,NONE,999.9,0,0
63.0165,43.3772,31.9079,2.67894,2.82111,0.625888,1.7657,NONE,999.9,0,0
63.0205,43.3525,31.9204,2.6851,2.72601,0.630947,1.71997,NONE,999.9,0,0
63.0242,43.3525,31.9204,2.6851,2.72601,0.630947,1.71997,NONE,999.9,0,0
63.029,43.3285,31.9324,2.69148,2.63091,0.619505,1.62987,NONE,999.9,0,0
63.0318,43.3285,31.9324,2.69148,2.63091,0.619505,1.62987,NONE,999.9,0,0
63.036,43.3285,31.9324,2.69148,2.63091,0.619505,1.62987,NONE,999.9,0,0
63.04,43.3054,31.9438,2.69754,2.53581,0.61507,1.5597,NONE,999.9,0,0
63.0442,43.3054,31.9438,2.69754,2.53581,0.61507,1.5597,NONE,999.9,0,0
63.0493,43.283,31.9547,2.70371,2.44071,0.594587,1.45122,NONE,999.9,0,0
63.0525,43.283,31.9547,2.70371,2.44071,0.594587,1.45122,NONE,999.9,0,0
63.0563,43.283,31.9547,2.70371,2.44071,0.594587,1.45122,NONE,999.9,0,0
63.0602,43.2614,31.965,2.70948,2.34561,0.583113,1.36776,NONE,999.9,0,0
63.0643,43.2614,31.965,2.70948,2.34561,0.583113,1.36776,NONE,999.9,0,0
63.0695,43.2406,31.9748,2.7153,2.25051,0.555533,1.25023,NONE,999.9,0,0
63.0721,43.2406,31.9748,2.7153,2.25051,0.555533,1.25023,NONE,999.9,0,0
63.0763,43.2406,31.9748,2.7153,2.25051,0.555533,1.25023,NONE,999.9,0,0
63.0805,43.2206,31.984,2.72065,2.15541,0.538939,1.16164,NONE,999.9,0,0
63.0846,43.2206,31.984,2.72065,2.15541,0.538939,1.16164,NONE,999.9,0,0
63.09,43.2014,31.9928,2.726,2.06031,0.505904,1.04232,NONE,999.9,0,0
63.0923,43.2014,31.9928,2.726,2.06031,0.505904,1.04232,NONE,999.9,0,0
63.0964,43.2014,31.9928,2.726,2.06031,0.505904,1.04232,NONE,999.9,0,0
63.1003,43.183,32.001,2.73081,1.97104,0.481174,0.948412,NONE,999.9,0,0
63.1038,43.183,32.001,2.73081,1.97104,0.481174,0.948412,NONE,999.9,0,0
63.1091,43.1653,32.0088,2.73547,1.89874,0.430394,0.817207,NONE,999.9,0,0
63.1121,43.1653,32.0088,2.73547,1.89874,0.430394,0.817207,NONE,999.9,0,0
63.1163,43.1653,32.0088,2.73547,1.89874,0.430394,0.817207,NONE,999.9,0,0
63.1201,43.1481,32.0162,2.73947,1.8402,0.393364,0.723866,NONE,999.9,0,0
63.1241,43.1481,32.0162,2.73947,1.8402,0.393364,0.723866,NONE,999.9,0,0
63.1296,43.1314,32.0232,2.74327,1.79279,0.347536,0.623058,NONE,999.9,0,0
63.1318,43.1314,32.0232,2.74327,1.79279,0.347536,0.623058,NONE,999.9,0,0
63.1359,43.1314,32.0232,2.74327,1.79279,0.347536,0.623058,NONE,999.9,0,0
63.1402,43.115,32.03,2.7465,1.75439,0.322367,0.565557,NONE,999.9,0,0
63.145,43.115,32.03,2.7465,1.75439,0.322367,0.565557,NONE,999.9,0,0
63.15,43.099,32.0366,2.74969,1.71038,0.296171,0.506565,NONE,999.9,0,0
63.1523,43.099,32.0366,2.74969,1.71038,0.296171,0.506565,NONE,999.9,0,0
63.1561,43.099,32.0366,2.74969,1.71038,0.296171,0.506565,NONE,999.9,0,0
63.1605,43.0833,32.0429,2.75249,1.67474,0.284914,0.477156,NONE,999.9,0,0
63.1642,43.0833,32.0429,2.75249,1.67474,0.284914,0.477156,NONE,999.9,0,0
63.1694,43.0678,32.049,2.75532,1.64587,0.262859,0.432631,NONE,999.9,0,0
63.1719,43.0678,32.049,2.75532,1.64587,0.262859,0.432631,NONE,999.9,0,0
63.177,43.0678,32.049,2.75532,1.64587,0.262859,0.432631,NONE,999.9,0,0
63.1822,43.0526,32.055,2.75783,1.6225,0.257553,0.417879,NONE,999.9,0,0
63.1842,43.0526,32.055,2.75783,1.6225,0.257553,0.417879,NONE,999.9,0,0
63.1894,43.0376,32.0608,2.76041,1.60357,0.241808,0.387755,NONE,999.9,0,0
63.1922,43.0376,32.0608,2.76041,1.60357,0.241808,0.387755,NONE,999.9,0,0
63.1961,43.0376,32.0608,2.76041,1.60357,0.241808,0.387755,NONE,999.9,0,0
63.2001,43.0227,32.0665,2.76273,1.58824,0.241582,0.383691,NONE,999.9,0,0
63.2041,43.0227,32.0665,2.76273,1.58824,0.241582,0.383691,NONE,999.9,0,0
63.2101,43.0079,32.0721,2.76518,1.57583,0.230041,0.362506,NONE,999.9,0,0
63.2126,43.0079,32.0721,2.76518,1.57583,0.230041,0.362506,NONE,999.9,0,0
63.216,43.0079,32.0721,2.76518,1.57583,0.230041,0.362506,NONE,999.9,0,0
63.22,42.9932,32.0776,2.7674,1.56578,0.232797,0.364508,NONE,999.9,0,0
63.2239,42.9932,32.0776,2.7674,1.56578,0.232797,0.364508,NONE,999.9,0,0
63.2303,42.9785,32.0831,2.76978,1.55764,0.22358,0.348256,NONE,999.9,0,0
63.2322,42.9785,32.0831,2.76978,1.55764,0.22358,0.348256,NONE,999.9,0,0
63.2361,42.9785,32.0831,2.76978,1.55764,0.22358,0.348256,NONE,999.9,0,0
63.2404,42.964,32.0885,2.77194,1.55105,0.227909,0.353497,NONE,999.9,0,0
63.2453,42.964,32.0885,2.77194,1.55105,0.227909,0.353497,NONE,999.9,0,0
63.2499,42.9494,32.0938,2.77426,1.55294,0.219235,0.34046,NONE,999.9,0,0
63.2521,42.9494,32.0938,2.77426,1.55294,0.219235,0.34046,NONE,999.9,0,0
63.256,42.9494,32.0938,2.77426,1.55294,0.219235,0.34046,NONE,999.9,0,0
63.2608,42.9348,32.0991,2.7764,1.5413,0.226352,0.348876,NONE,999.9,0,0
63.2641,42.9348,32.0991,2.7764,1.5413,0.226352,0.348876,NONE,999.9,0,0
63.2697,42.9204,32.1043,2.77872,1.53187,0.218861,0.335267,NONE,999.9,0,0
63.2731,42.9204,32.1043,2.77872,1.53187,0.218861,0.335267,NONE,999.9,0,0
63.2768,42.9204,32.1043,2.77872,1.53187,0.218861,0.335267,NONE,999.9,0,0
63.2807,42.906,32.1095,2.78055,1.52423,0.139861,0.213181,NONE,999.9,0,0
63.2842,42.906,32.1095,2.78055,1.52423,0.139861,0.213181,NONE,999.9,0,0
63.2893,42.8917,32.1147,2.78141,1.51805,0.0272179,0.0413182,NONE,999.9,0,0
63.2921,42.8917,32.1147,2.78141,1.51805,0.0272179,0.0413182,NONE,999.9,0,0
63.2964,42.8917,32.1147,2.78141,1.51805,0.0272179,0.0413182,NONE,999.9,0,0
63.3003,42.8775,32.12,2.78105,1.51304,-0.101007,-0.152828,NONE,999.9,0,0
63.3049,42.8775,32.12,2.78105,1.51304,-0.101007,-0.152828,NONE,999.9,0,0
63.3113,42.8634,32.1255,2.77937,1.50899,-0.236319,-0.356603,NONE,999.9,0,0
63.3135,42.8634,32.1255,2.77937,1.50899,-0.236319,-0.356603,NONE,999.9,0,0
63.316,42.8634,32.1255,2.77937,1.50899,-0.236319,-0.356603,NONE,999.9,0,0
63.32,42.8494,32.1311,2.77632,1.50571,-0.374791,-0.564325,NONE,999.9,0,0
63.3243,42.8494,32.1311,2.77632,1.50571,-0.374791,-0.564325,NONE,999.9,0,0
63.3296,42.8355,32.1368,2.77215,1.50305,-0.432247,-0.649687,NONE,999.9,0,0
63.3331,42.8355,32.1368,2.77215,1.50305,-0.432247,-0.649687,NONE,999.9,0,0
63.3362,42.8355,32.1368,2.77215,1.50305,-0.432247,-0.649687,NONE,999.9,0,0
63.3404,42.8217,32.1427,2.76771,1.50089,-0.469886,-0.705249,NONE,999.9,0,0
63.3444,42.8217,32.1427,2.76771,1.50089,-0.469886,-0.705249,NONE,999.9,0,0
63.3492,42.808,32.1487,2.76287,1.49915,-0.47869,-0.717628,NONE,999.9,0,0
63.3523,42.808,32.1487,2.76287,1.49915,-0.47869,-0.717628,NONE,999.9,0,0
63.356,42.808,32.1487,2.76287,1.49915,-0.47869,-0.717628,NONE,999.9,0,0
63.3605,42.7943,32.1548,2.7581,1.49774,-0.492733,-0.737985,NONE,999.9,0,0
63.3645,42.7943,32.1548,2.7581,1.49774,-0.492733,-0.737985,NONE,999.9,0,0
63.3693,42.7807,32.161,2.75295,1.49659,-0.530958,-0.794628,NONE,999.9,0,0
63.3724,42.7807,32.161,2.75295,1.49659,-0.530958,-0.794628,NONE,999.9,0,0
63.3762,42.7807,32.161,2.75295,1.49659,-0.530958,-0.794628,NONE,999.9,0,0
63.3801,42.7671,32.1673,2.7474,1.49567,-0.590439,-0.883102,NONE,999.9,0,0
63.3842,42.7671,32.1673,2.7474,1.49567,-0.590439,-0.883102,NONE,999.9,0,0
63.3887,42.7536,32.1738,2.74129,1.49492,-0.609801,-0.911603,NONE,999.9,0,0
63.3926,42.7536,32.1738,2.74129,1.49492,-0.609801,-0.911603,NONE,999.9,0,0
63.396,42.7536,32.1738,2.74129,1.49492,-0.609801,-0.911603,NONE,999.9,0,0
63.4002,42.7402,32.1804,2.73518,1.49431,-0.628963,-0.939867,NONE,999.9,0,0
63.4045,42.7402,32.1804,2.73518,1.49431,-0.628963,-0.939867,NONE,999.9,0,0
63.4099,42.7268,32.187,2.7288,1.49382,-0.628823,-0.939349,NONE,999.9,0,0
63.4126,42.7268,32.187,2.7288,1.49382,-0.628823,-0.939349,NONE,999.9,0,0
63.4159,42.7268,32.187,2.7288,1.49382,-0.628823,-0.939349,NONE,999.9,0,0
63.4203,42.7135,32.1938,2.72255,1.49342,-0.638473,-0.953509,NONE,999.9,0,0
63.4242,42.7135,32.1938,2.72255,1.49342,-0.638473,-0.953509,NONE,999.9,0,0
63.4302,42.7002,32.2006,2.7161,1.4931,-0.633652,-0.946104,NONE,999.9,0,0
63.4322,42.7002,32.2006,2.7161,1.4931,-0.633652,-0.946104,NONE,999.9,0,0
63.4364,42.7002,32.2006,2.7161,1.4931,-0.633652,-0.946104,NONE,999.9,0,0
63.4406,42.687,32.2076,2.71009,1.49284,-0.559467,-0.835194,NONE,999.9,0,0
63.4441,42.687,32.2076,2.71009,1.49284,-0.559467,-0.835194,NONE,999.9,0,0
63.4497,42.6738,32.2145,2.70474,1.49263,-0.533061,-0.79566,NONE,999.9,0,0
63.4519,42.6738,32.2145,2.70474,1.49263,-0.533061,-0.79566,NONE,999.9,0,0
63.4562,42.6738,32.2145,2.70474,1.49263,-0.533061,-0.79566,NONE,999.9,0,0
63.4616,42.6606,32.2215,2.69944,1.49245,-0.510492,-0.761886,NONE,999.9,0,0
63.4646,42.6606,32.2215,2.69944,1.49245,-0.510492,-0.761886,NONE,999.9,0,0
63.4698,42.6474,32.2285,2.69444,1.49232,-0.508926,-0.759478,NONE,999.9,0,0
63.4724,42.6474,32.2285,2.69444,1.49232,-0.508926,-0.759478,NONE,999.9,0,0
63.4766,42.6474,32.2285,2.69444,1.49232,-0.508926,-0.759478,NONE,999.9,0,0
63.4805,42.6343,32.2356,2.68931,1.4922,-0.498399,-0.743713,NONE,999.9,0,0
63.4839,42.6343,32.2356,2.68931,1.4922,-0.498399,-0.743713,NONE,999.9,0,0
63.4889,42.6212,32.2428,2.6844,1.49211,-0.502728,-0.750127,NONE,999.9,0,0
63.4923,42.6212,32.2428,2.6844,1.49211,-0.502728,-0.750127,NONE,999.9,0,0
63.4964,42.6212,32.2428,2.6844,1.49211,-0.502728,-0.750127,NONE,999.9,0,0
63.5005,42.6082,32.25,2.67932,1.49204,-0.49513,-0.738754,NONE,999.9,0,0
63.5041,42.6082,32.25,2.67932,1.49204,-0.49513,-0.738754,NONE,999.9,0,0
63.5098,42.5951,32.2573,2.67443,1.49198,-0.500942,-0.747395,NONE,999.9,0,0
63.5118,42.5951,32.2573,2.67443,1.49198,-0.500942,-0.747395,NONE,999.9,0,0
63.5161,42.5951,32.2573,2.67443,1.49198,-0.500942,-0.747395,NONE,999.9,0,0
63.5201,42.5821,32.2646,2.66937,1.49193,-0.494115,-0.737185,NONE,999.9,0,0
63.524,42.5821,32.2646,2.66937,1.49193,-0.494115,-0.737185,NONE,999.9,0,0
63.53,42.5692,32.272,2.66448,1.49189,-0.500339,-0.746452,NONE,999.9,0,0
63.532,42.5692,32.272,2.66448,1.49189,-0.500339,-0.746452,NONE,999.9,0,0
63.5362,42.5692,32.272,2.66448,1.49189,-0.500339,-0.746452,NONE,999.9,0,0
63.5403,42.5563,32.2795,2.65942,1.49186,-0.493742,-0.736594,NONE,999.9,0,0
63.5442,42.5563,32.2795,2.65942,1.49186,-0.493742,-0.736594,NONE,999.9,0,0
63.5491,42.5434,32.287,2.65454,1.49183,-0.500099,-0.746065,NONE,999.9,0,0
63.5523,42.5434,32.287,2.65454,1.49183,-0.500099,-0.746065,NONE,999.9,0,0
63.5561,42.5434,32.287,2.65454,1.49183,-0.500099,-0.746065,NONE,999.9,0,0
63.5607,42.5305,32.2946,2.64935,1.49414,-0.533498,-0.797123,NONE,999.9,0,0
63.5648,42.5305,32.2946,2.64935,1.49414,-0.533498,-0.797123,NONE,999.9,0,0
63.5691,42.5177,32.3023,2.64392,1.49634,-0.550279,-0.823406,NONE,999.9,0,0
63.5718,42.5177,32.3023,2.64392,1.49634,-0.550279,-0.823406,NONE,999.9,0,0
63.5764,42.5177,32.3023,2.64392,1.49634,-0.550279,-0.823406,NONE,999.9,0,0
63.5801,42.5049,32.3101,2.63851,1.49844,-0.518642,-0.777152,NONE,999.9,0,0
63.5841,42.5049,32.3101,2.63851,1.49844,-0.518642,-0.777152,NONE,999.9,0,0
63.5893,42.4921,32.3179,2.63372,1.50043,-0.432286,-0.648615,NONE,999.9,0,0
63.5924,42.4921,32.3179,2.63372,1.50043,-0.432286,-0.648615,NONE,999.9,0,0
63.5964,42.4921,32.3179,2.63372,1.50043,-0.432286,-0.648615,NONE,999.9,0,0
63.6003,42.4792,32.3258,2.62989,1.54389,-0.331906,-0.512427,NONE,999.9,0,0
63.604,42.4792,32.3258,2.62989,1.54389,-0.331906,-0.512427,NONE,999.9,0,0
63.61,42.4658,32.3339,2.62712,1.58528,-0.220886,-0.350167,NONE,999.9,0,0
63.6122,42.4658,32.3339,2.62712,1.58528,-0.220886,-0.350167,NONE,999.9,0,0
63.6167,42.4658,32.3339,2.62712,1.58528,-0.220886,-0.350167,NONE,999.9,0,0
63.6203,42.452,32.3421,2.62551,1.62471,-0.0990509,-0.160929,NONE,999.9,0,0
63.6246,42.452,32.3421,2.62551,1.62471,-0.0990509,-0.160929,NONE,999.9,0,0
63.6299,42.4378,32.3504,2.62517,1.66226,0.032806,0.0545321,NONE,999.9,0,0
63.6319,42.4378,32.3504,2.62517,1.66226,0.032806,0.0545321,NONE,999.9,0,0
63.6361,42.4378,32.3504,2.62517,1.66226,0.032806,0.0545321,NONE,999.9,0,0
63.6405,42.4232,32.3587,2.6262,1.69802,0.173683,0.294918,NONE,999.9,0,0
63.6441,42.4232,32.3587,2.6262,1.69802,0.173683,0.294918,NONE,999.9,0,0
63.649,42.4082,32.3671,2.62843,1.73209,0.250807,0.434419,NONE,999.9,0,0
63.652,42.4082,32.3671,2.62843,1.73209,0.250807,0.434419,NONE,999.9,0,0
63.6564,42.4082,32.3671,2.62843,1.73209,0.250807,0.434419,NONE,999.9,0,0
63.6613,42.3928,32.3754,2.63117,1.76453,0.3069,0.541534,NONE,999.9,0,0
63.6643,42.3928,32.3754,2.63117,1.76453,0.3069,0.541534,NONE,999.9,0,0
63.6694,42.3771,32.3838,2.63447,1.79543,0.337169,0.605364,NONE,999.9,0,0
63.672,42.3771,32.3838,2.63447,1.79543,0.337169,0.605364,NONE,999.9,0,0
63.6773,42.3771,32.3838,2.63447,1.79543,0.337169,0.605364,NONE,999.9,0,0
63.6818,42.3611,32.3923,2.63792,1.82487,0.36602,0.667937,NONE,999.9,0,0
63.6842,42.3611,32.3923,2.63792,1.82487,0.36602,0.667937,NONE,999.9,0,0
63.6897,42.3447,32.4008,2.6417,1.86686,0.37489,0.699866,NONE,999.9,0,0
63.6931,42.3447,32.4008,2.6417,1.86686,0.37489,0.699866,NONE,999.9,0,0
63.6963,42.3447,32.4008,2.6417,1.86686,0.37489,0.699866,NONE,999.9,0,0
63.7003,42.328,32.4094,2.64546,1.90685,0.391757,0.747024,NONE,999.9,0,0
63.7042,42.328,32.4094,2.64546,1.90685,0.391757,0.747024,NONE,999.9,0,0
63.7096,42.3108,32.4181,2.64949,1.94495,0.400284,0.778532,NONE,999.9,0,0
63.7123,42.3108,32.4181,2.64949,1.94495,0.400284,0.778532,NONE,999.9,0,0
63.7162,42.3108,32.4181,2.64949,1.94495,0.400284,0.778532,NONE,999.9,0,0
63.7211,42.2933,32.427,2.6535,1.98123,0.415513,0.823227,NONE,999.9,0,0
63.7246,42.2933,32.427,2.6535,1.98123,0.415513,0.823227,NONE,999.9,0,0
63.7301,42.2754,32.4359,2.65777,2.01579,0.422219,0.851104,NONE,999.9,0,0
63.732,42.2754,32.4359,2.65777,2.01579,0.422219,0.851104,NONE,999.9,0,0
63.7363,42.2754,32.4359,2.65777,2.01579,0.422219,0.851104,NONE,999.9,0,0
63.7404,42.2571,32.4448,2.66198,2.0487,0.435577,0.892369,NONE,999.9,0,0
63.7448,42.2571,32.4448,2.66198,2.0487,0.435577,0.892369,NONE,999.9,0,0
63.7494,42.2386,32.4539,2.66644,2.08005,0.440694,0.916667,NONE,999.9,0,0
63.7525,42.2386,32.4539,2.66644,2.08005,0.440694,0.916667,NONE,999.9,0,0
63.7569,42.2386,32.4539,2.66644,2.08005,0.440694,0.916667,NONE,999.9,0,0
63.7612,42.2197,32.463,2.67083,2.10991,0.452589,0.954924,NONE,999.9,0,0
63.7641,42.2197,32.463,2.67083,2.10991,0.452589,0.954924,NONE,999.9,0,0
63.7694,42.2005,32.4721,2.67545,2.13835,0.456521,0.976202,NONE,999.9,0,0
63.7724,42.2005,32.4721,2.67545,2.13835,0.456521,0.976202,NONE,999.9,0,0
63.7775,42.2005,32.4721,2.67545,2.13835,0.456521,0.976202,NONE,999.9,0,0
63.7816,42.1811,32.4813,2.67974,2.16544,0.390506,0.845616,NONE,999.9,0,0
63.7844,42.1811,32.4813,2.67974,2.16544,0.390506,0.845616,NONE,999.9,0,0
63.7909,42.1614,32.4906,2.68338,2.19124,0.357155,0.78261,NONE,999.9,0,0
63.793,42.1614,32.4906,2.68338,2.19124,0.357155,0.78261,NONE,999.9,0,0
63.7962,42.1614,32.4906,2.68338,2.19124,0.357155,0.78261,NONE,999.9,0,0
63.8005,42.1414,32.5,2.68689,2.21581,0.331736,0.735063,NONE,999.9,0,0
63.8043,42.1414,32.5,2.68689,2.21581,0.331736,0.735063,NONE,999.9,0,0
63.8099,42.1213,32.5094,2.69008,2.23921,0.322845,0.722919,NONE,999.9,0,0
63.8124,42.1213,32.5094,2.69008,2.23921,0.322845,0.722919,NONE,999.9,0,0
63.8166,42.1213,32.5094,2.69008,2.23921,0.322845,0.722919,NONE,999.9,0,0
63.8213,42.1008,32.5189,2.69333,2.2615,0.312366,0.706417,NONE,999.9,0,0
63.8244,42.1008,32.5189,2.69333,2.2615,0.312366,0.706417,NONE,999.9,0,0
63.8294,42.0802,32.5284,2.69638,2.28273,0.312606,0.713597,NONE,999.9,0,0
63.832,42.0802,32.5284,2.69638,2.28273,0.312606,0.713597,NONE,999.9,0,0
63.836,42.0802,32.5284,2.69638,2.28273,0.312606,0.713597,NONE,999.9,0,0
63.8406,42.0594,32.538,2.69969,2.30296,0.347803,0.800975,NONE,999.9,0,0
63.8443,42.0594,32.538,2.69969,2.30296,0.347803,0.800975,NONE,999.9,0,0
63.8499,42.0382,32.5475,2.7034,2.33543,0.403708,0.942831,NONE,999.9,0,0
63.853,42.0382,32.5475,2.7034,2.33543,0.403708,0.942831,NONE,999.9,0,0
63.8572,42.0382,32.5475,2.7034,2.33543,0.403708,0.942831,NONE,999.9,0,0
63.8671,42.0168,32.5571,2.70769,2.36636,0.436857,1.03376,NONE,999.9,0,0
63.8702,41.995,32.5667,2.71187,2.39582,0.389175,0.932392,NONE,999.9,0,0
63.8722,41.995,32.5667,2.71187,2.39582,0.389175,0.932392,NONE,999.9,0,0
63.8768,41.995,32.5667,2.71187,2.39582,0.389175,0.932392,NONE,999.9,0,0
63.8822,41.9729,32.5764,2.71556,2.42388,0.365383,0.885642,NONE,999.9,0,0
63.8849,41.9729,32.5764,2.71556,2.42388,0.365383,0.885642,NONE,999.9,0,0
63.8894,41.9506,32.5861,2.71918,2.4506,0.346043,0.848012,NONE,999.9,0,0
63.8925,41.9506,32.5861,2.71918,2.4506,0.346043,0.848012,NONE,999.9,0,0
63.8969,41.9506,32.5861,2.71918,2.4506,0.346043,0.848012,NONE,999.9,0,0
63.9008,41.928,32.5959,2.72254,2.47605,0.340087,0.842072,NONE,999.9,0,0
63.9043,41.928,32.5959,2.72254,2.47605,0.340087,0.842072,NONE,999.9,0,0
63.9098,41.9051,32.6057,2.72597,2.50029,0.332063,0.830256,NONE,999.9,0,0
63.9125,41.9051,32.6057,2.72597,2.50029,0.332063,0.830256,NONE,999.9,0,0
63.9166,41.9051,32.6057,2.72597,2.50029,0.332063,0.830256,NONE,999.9,0,0
63.9203,41.882,32.6156,2.72922,2.52338,0.333263,0.84095,NONE,999.9,0,0
63.9249,41.882,32.6156,2.72922,2.52338,0.333263,0.84095,NONE,999.9,0,0
63.9299,41.8587,32.6255,2.73261,2.54538,0.329799,0.839463,NONE,999.9,0,0
63.9329,41.8587,32.6255,2.73261,2.54538,0.329799,0.839463,NONE,999.9,0,0
63.9363,41.8587,32.6255,2.73261,2.54538,0.329799,0.839463,NONE,999.9,0,0
63.9405,41.8351,32.6353,2.73585,2.56632,0.333858,0.856787,NONE,999.9,0,0
63.9446,41.8351,32.6353,2.73585,2.56632,0.333858,0.856787,NONE,999.9,0,0
63.9498,41.8113,32.6452,2.73926,2.58627,0.3322,0.859161,NONE,999.9,0,0
63.9526,41.8113,32.6452,2.73926,2.58627,0.3322,0.859161,NONE,999.9,0,0
63.9561,41.8113,32.6452,2.73926,2.58627,0.3322,0.859161,NONE,999.9,0,0
63.961,41.7874,32.6551,2.74255,2.58919,0.343395,0.889114,NONE,999.9,0,0
63.9641,41.7874,32.6551,2.74255,2.58919,0.343395,0.889114,NONE,999.9,0,0
63.9694,41.7634,32.6649,2.74608,2.59197,0.344826,0.893779,NONE,999.9,0,0
63.972,41.7634,32.6649,2.74608,2.59197,0.344826,0.893779,NONE,999.9,0,0
63.9765,41.7634,32.6649,2.74608,2.59197,0.344826,0.893779,NONE,999.9,0,0
63.9804,41.7394,32.6747,2.74948,2.59462,0.351617,0.912311,NONE,999.9,0,0
63.9843,41.7394,32.6747,2.74948,2.59462,0.351617,0.912311,NONE,999.9,0,0
63.9888,41.7153,32.6843,2.75308,2.59714,0.350221,0.909572,NONE,999.9,0,0
63.9919,41.7153,32.6843,2.75308,2.59714,0.350221,0.909572,NONE,999.9,0,0
63.9964,41.7153,32.6843,2.75308,2.59714,0.350221,0.909572,NONE,999.9,0,0
64.0003,41.6911,32.6939,2.75652,2.59954,0.3552,0.923355,NONE,999.9,0,0
64.004,41.6911,32.6939,2.75652,2.59954,0.3552,0.923355,NONE,999.9,0,0
64.0093,41.6669,32.7034,2.76014,2.60182,0.352652,0.91754,NONE,999.9,0,0
64.0123,41.6669,32.7034,2.76014,2.60182,0.352652,0.91754,NONE,999.9,0,0
64.0164,41.6669,32.7034,2.76014,2.60182,0.352652,0.91754,NONE,999.9,0,0
64.0204,41.6427,32.7129,2.76361,2.604,0.356899,0.929367,NONE,999.9,0,0
64.024,41.6427,32.7129,2.76361,2.604,0.356899,0.929367,NONE,999.9,0,0
64.0292,41.6184,32.7223,2.76724,2.60608,0.353894,0.922275,NONE,999.9,0,0
64.032,41.6184,32.7223,2.76724,2.60608,0.353894,0.922275,NONE,999.9,0,0
64.0368,41.6184,32.7223,2.76724,2.60608,0.353894,0.922275,NONE,999.9,0,0
64.0406,41.594,32.7316,2.77069,2.62153,0.352121,0.923096,NONE,999.9,0,0
64.0444,41.594,32.7316,2.77069,2.62153,0.352121,0.923096,NONE,999.9,0,0
64.049,41.5694,32.7409,2.77426,2.63625,0.346593,0.913706,NONE,999.9,0,0
64.052,41.5694,32.7409,2.77426,2.63625,0.346593,0.913706,NONE,999.9,0,0
64.0562,41.5694,32.7409,2.77426,2.63625,0.346593,0.913706,NONE,999.9,0,0
64.0604,41.5446,32.7502,2.77766,2.65027,0.349254,0.92562,NONE,999.9,0,0
64.064,41.5446,32.7502,2.77766,2.65027,0.349254,0.92562,NONE,999.9,0,0
64.0692,41.5197,32.7594,2.78122,2.66363,0.346505,0.92296,NONE,999.9,0,0
64.0728,41.5197,32.7594,2.78122,2.66363,0.346505,0.92296,NONE,999.9,0,0
64.0772,41.5197,32.7594,2.78122,2.66363,0.346505,0.92296,NONE,999.9,0,0
64.0815,41.4946,32.7686,2.78463,2.67634,0.350857,0.939013,NONE,999.9,0,0
64.084,41.4946,32.7686,2.78463,2.67634,0.350857,0.939013,NONE,999.9,0,0
64.0892,41.4694,32.7777,2.78821,2.68846,0.34912,0.938594,NONE,999.9,0,0
64.0937,41.4694,32.7777,2.78821,2.68846,0.34912,0.938594,NONE,999.9,0,0
64.0961,41.4694,32.7777,2.78821,2.68846,0.34912,0.938594,NONE,999.9,0,0
64.1001,41.4441,32.7868,2.79164,2.7,0.354031,0.955883,NONE,999.9,0,0
64.1045,41.4441,32.7868,2.79164,2.7,0.354031,0.955883,NONE,999.9,0,0
64.1103,41.4186,32.7959,2.79526,2.71099,0.352586,0.955856,NONE,999.9,0,0
64.1125,41.4186,32.7959,2.79526,2.71099,0.352586,0.955856,NONE,999.9,0,0
64.1161,41.4186,32.7959,2.79526,2.71099,0.352586,0.955856,NONE,999.9,0,0
64.12,41.3929,32.8049,2.79873,2.72145,0.357604,0.973202,NONE,999.9,0,0
64.1239,41.3929,32.8049,2.79873,2.72145,0.357604,0.973202,NONE,999.9,0,0
64.129,41.3672,32.8138,2.80238,2.73142,0.356167,0.972842,NONE,999.9,0,0
64.1321,41.3672,32.8138,2.80238,2.73142,0.356167,0.972842,NONE,999.9,0,0
64.1362,41.3672,32.8138,2.80238,2.73142,0.356167,0.972842,NONE,999.9,0,0
64.1406,41.3413,32.8227,2.80588,2.74092,0.361119,0.989795,NONE,999.9,0,0
64.1446,41.3413,32.8227,2.80588,2.74092,0.361119,0.989795,NONE,999.9,0,0
64.1495,41.3153,32.8315,2.80957,2.74996,0.359586,0.988848,NONE,999.9,0,0
64.1523,41.3153,32.8315,2.80957,2.74996,0.359586,0.988848,NONE,999.9,0,0
64.156,41.3153,32.8315,2.80957,2.74996,0.359586,0.988848,NONE,999.9,0,0
64.1601,41.2892,32.8403,2.81311,2.75857,0.364414,1.00526,NONE,999.9,0,0
64.1641,41.2892,32.8403,2.81311,2.75857,0.364414,1.00526,NONE,999.9,0,0
64.1693,41.263,32.849,2.81683,2.76678,0.362756,1.00367,NONE,999.9,0,0
64.1721,41.263,32.849,2.81683,2.76678,0.362756,1.00367,NONE,999.9,0,0
64.1766,41.263,32.849,2.81683,2.76678,0.362756,1.00367,NONE,999.9,0,0
64.1803,41.2366,32.8577,2.82039,2.77459,0.367448,1.01952,NONE,999.9,0,0
64.1843,41.2366,32.8577,2.82039,2.77459,0.367448,1.01952,NONE,999.9,0,0
64.1888,41.2102,32.8662,2.82414,2.78203,0.365663,1.01729,NONE,999.9,0,0
64.1922,41.2102,32.8662,2.82414,2.78203,0.365663,1.01729,NONE,999.9,0,0
64.1963,41.2102,32.8662,2.82414,2.78203,0.365663,1.01729,NONE,999.9,0,0
64.2002,41.1837,32.8747,2.82774,2.78912,0.370223,1.0326,NONE,999.9,0,0
64.2046,41.1837,32.8747,2.82774,2.78912,0.370223,1.0326,NONE,999.9,0,0
64.2098,41.157,32.8831,2.83148,2.80798,0.362901,1.01902,NONE,999.9,0,0
64.2124,41.157,32.8831,2.83148,2.80798,0.362901,1.01902,NONE,999.9,0,0
64.216,41.157,32.8831,2.83148,2.80798,0.362901,1.01902,NONE,999.9,0,0
64.2201,41.1301,32.8916,2.83504,2.82595,0.364102,1.02894,NONE,999.9,0,0
64.2243,41.1301,32.8916,2.83504,2.82595,0.364102,1.02894,NONE,999.9,0,0
64.229,41.103,32.8999,2.83874,2.84307,0.361059,1.02651,NONE,999.9,0,0
64.2329,41.103,32.8999,2.83874,2.84307,0.361059,1.02651,NONE,999.9,0,0
64.2362,41.103,32.8999,2.83874,2.84307,0.361059,1.02651,NONE,999.9,0,0
64.2407,41.0758,32.9082,2.84229,2.85936,0.364972,1.04359,NONE,999.9,0,0
64.2446,41.0758,32.9082,2.84229,2.85936,0.364972,1.04359,NONE,999.9,0,0
64.2498,41.0483,32.9165,2.84601,2.87489,0.363621,1.04537,NONE,999.9,0,0
64.2519,41.0483,32.9165,2.84601,2.87489,0.363621,1.04537,NONE,999.9,0,0
64.2566,41.0483,32.9165,2.84601,2.87489,0.363621,1.04537,NONE,999.9,0,0
64.2607,41.0207,32.9247,2.8496,2.88968,0.368543,1.06497,NONE,999.9,0,0
64.2644,41.0207,32.9247,2.8496,2.88968,0.368543,1.06497,NONE,999.9,0,0
64.2697,40.9929,32.9328,2.85336,2.90376,0.367766,1.0679,NONE,999.9,0,0
64.272,40.9929,32.9328,2.85336,2.90376,0.367766,1.0679,NONE,999.9,0,0
64.2764,40.9929,32.9328,2.85336,2.90376,0.367766,1.0679,NONE,999.9,0,0
64.28,40.9649,32.9409,2.85698,2.91717,0.372969,1.08801,NONE,999.9,0,0
64.284,40.9649,32.9409,2.85698,2.91717,0.372969,1.08801,NONE,999.9,0,0
64.2889,40.9373,32.9488,2.86111,2.82207,0.424354,1.19756,NONE,999.9,0,0
64.2923,40.9373,32.9488,2.86111,2.82207,0.424354,1.19756,NONE,999.9,0,0
64.2964,40.9373,32.9488,2.86111,2.82207,0.424354,1.19756,NONE,999.9,0,0
64.3004,40.9106,32.9563,2.86545,2.72697,0.465594,1.26966,NONE,999.9,0,0
64.3041,40.9106,32.9563,2.86545,2.72697,0.465594,1.26966,NONE,999.9,0,0
64.31,40.8848,32.9635,2.87032,2.63187,0.480858,1.26556,NONE,999.9,0,0
64.3123,40.8848,32.9635,2.87032,2.63187,0.480858,1.26556,NONE,999.9,0,0
64.3165,40.8848,32.9635,2.87032,2.63187,0.480858,1.26556,NONE,999.9,0,0
64.3202,40.8598,32.9703,2.87507,2.54481,0.49204,1.25215,NONE,999.9,0,0
64.3242,40.8598,32.9703,2.87507,2.54481,0.49204,1.25215,NONE,999.9,0,0
64.3297,40.8356,32.9768,2.88002,2.47431,0.475776,1.17721,NONE,999.9,0,0
64.3323,40.8356,32.9768,2.88002,2.47431,0.475776,1.17721,NONE,999.9,0,0
64.3361,40.8356,32.9768,2.88002,2.47431,0.475776,1.17721,NONE,999.9,0,0
64.3404,40.8119,32.9831,2.8846,2.41721,0.461583,1.11574,NONE,999.9,0,0
64.3441,40.8119,32.9831,2.8846,2.41721,0.461583,1.11574,NONE,999.9,0,0
64.3495,40.7888,32.9891,2.88917,2.37098,0.433637,1.02815,NONE,999.9,0,0
64.3519,40.7888,32.9891,2.88917,2.37098,0.433637,1.02815,NONE,999.9,0,0
64.3564,40.7888,32.9891,2.88917,2.37098,0.433637,1.02815,NONE,999.9,0,0
64.3603,40.766,32.9949,2.89297,2.33354,0.314368,0.733591,NONE,999.9,0,0
64.3643,40.766,32.9949,2.89297,2.33354,0.314368,0.733591,NONE,999.9,0,0
64.3695,40.7435,33.0006,2.89564,2.30322,0.244908,0.564078,NONE,999.9,0,0
64.3719,40.7435,33.0006,2.89564,2.30322,0.244908,0.564078,NONE,999.9,0,0
64.3763,40.7435,33.0006,2.89564,2.30322,0.244908,0.564078,NONE,999.9,0,0
64.3802,40.7213,33.0062,2.89789,2.27867,0.191697,0.436815,NONE,999.9,0,0
64.3839,40.7213,33.0062,2.89789,2.27867,0.191697,0.436815,NONE,999.9,0,0
64.3893,40.6993,33.0117,2.89957,2.25879,0.164592,0.371777,NONE,999.9,0,0
64.3924,40.6993,33.0117,2.89957,2.25879,0.164592,0.371777,NONE,999.9,0,0
64.3962,40.6993,33.0117,2.89957,2.25879,0.164592,0.371777,NONE,999.9,0,0
64.4002,40.6774,33.0171,2.90117,2.24268,0.139188,0.312154,NONE,999.9,0,0
64.404,40.6774,33.0171,2.90117,2.24268,0.139188,0.312154,NONE,999.9,0,0
64.4096,40.6557,33.0224,2.90242,2.22965,0.13005,0.289965,NONE,999.9,0,0
64.4119,40.6557,33.0224,2.90242,2.22965,0.13005,0.289965,NONE,999.9,0,0
64.4161,40.6557,33.0224,2.90242,2.22965,0.13005,0.289965,NONE,999.9,0,0
64.42,40.6341,33.0276,2.90374,2.21909,0.116585,0.258712,NONE,999.9,0,0
64.4244,40.6341,33.0276,2.90374,2.21909,0.116585,0.258712,NONE,999.9,0,0
64.4302,40.6126,33.0328,2.90481,2.21054,0.115143,0.254529,NONE,999.9,0,0
64.4321,40.6126,33.0328,2.90481,2.21054,0.115143,0.254529,NONE,999.9,0,0
64.4359,40.6126,33.0328,2.90481,2.21054,0.115143,0.254529,NONE,999.9,0,0
64.4403,40.5911,33.0379,2.90601,2.20361,0.106837,0.235428,NONE,999.9,0,0
64.4441,40.5911,33.0379,2.90601,2.20361,0.106837,0.235428,NONE,999.9,0,0
64.4487,40.5697,33.043,2.90699,2.19801,0.108692,0.238905,NONE,999.9,0,0
64.452,40.5697,33.043,2.90699,2.19801,0.108692,0.238905,NONE,999.9,0,0
64.4564,40.5697,33.043,2.90699,2.19801,0.108692,0.238905,NONE,999.9,0,0
64.4619,40.5483,33.0481,2.90814,2.19347,0.102619,0.225091,NONE,999.9,0,0
64.4649,40.5483,33.0481,2.90814,2.19347,0.102619,0.225091,NONE,999.9,0,0
64.4688,40.5269,33.0531,2.90909,2.19959,0.10443,0.229702,NONE,999.9,0,0
64.4719,40.5269,33.0531,2.90909,2.19959,0.10443,0.229702,NONE,999.9,0,0
64.4763,40.5269,33.0531,2.90909,2.19959,0.10443,0.229702,NONE,999.9,0,0
64.48,40.5055,33.0581,2.91019,2.20542,0.0992446,0.218876,NONE,999.9,0,0
64.4839,40.5055,33.0581,2.91019,2.20542,0.0992446,0.218876,NONE,999.9,0,0
64.4902,40.484,33.0631,2.91112,2.21097,0.102961,0.227643,NONE,999.9,0,0
64.4922,40.484,33.0631,2.91112,2.21097,0.102961,0.227643,NONE,999.9,0,0
64.4967,40.484,33.0631,2.91112,2.21097,0.102961,0.227643,NONE,999.9,0,0
64.5,40.4624,33.068,2.91221,2.21626,0.0988491,0.219075,NONE,999.9,0,0
64.5046,40.4624,33.068,2.91221,2.21626,0.0988491,0.219075,NONE,999.9,0,0
64.5095,40.4408,33.073,2.91313,2.2213,0.103131,0.229085,NONE,999.9,0,0
64.512,40.4408,33.073,2.91313,2.2213,0.103131,0.229085,NONE,999.9,0,0
64.5161,40.4408,33.073,2.91313,2.2213,0.103131,0.229085,NONE,999.9,0,0
64.521,40.4191,33.0779,2.91423,2.2261,0.0993174,0.22109,NONE,999.9,0,0
64.5246,40.4191,33.0779,2.91423,2.2261,0.0993174,0.22109,NONE,999.9,0,0
64.5292,40.3973,33.0829,2.91516,2.23067,0.103724,0.231374,NONE,999.9,0,0
64.532,40.3973,33.0829,2.91516,2.23067,0.103724,0.231374,NONE,999.9,0,0
64.536,40.3973,33.0829,2.91516,2.23067,0.103724,0.231374,NONE,999.9,0,0
64.54,40.3756,33.0878,2.91626,2.23502,0.0999599,0.223413,NONE,999.9,0,0
64.5444,40.3756,33.0878,2.91626,2.23502,0.0999599,0.223413,NONE,999.9,0,0
64.5489,40.3537,33.0927,2.9172,2.23917,0.104358,0.233674,NONE,999.9,0,0
64.5521,40.3537,33.0927,2.9172,2.23917,0.104358,0.233674,NONE,999.9,0,0
64.5563,40.3537,33.0927,2.9172,2.23917,0.104358,0.233674,NONE,999.9,0,0
64.5602,40.3319,33.0976,2.91831,2.24312,0.100573,0.225597,NONE,999.9,0,0
64.5641,40.3319,33.0976,2.91831,2.24312,0.100573,0.225597,NONE,999.9,0,0
64.5695,40.31,33.1025,2.91925,2.24688,0.104929,0.235763,NONE,999.9,0,0
64.5719,40.31,33.1025,2.91925,2.24688,0.104929,0.235763,NONE,999.9,0,0
64.576,40.31,33.1025,2.91925,2.24688,0.104929,0.235763,NONE,999.9,0,0
64.5802,40.288,33.1073,2.92037,2.25046,0.101111,0.227546,NONE,999.9,0,0
64.5845,40.288,33.1073,2.92037,2.25046,0.101111,0.227546,NONE,999.9,0,0
64.5897,40.266,33.1122,2.92132,2.25387,0.105425,0.237614,NONE,999.9,0,0
64.5928,40.266,33.1122,2.92132,2.25387,0.105425,0.237614,NONE,999.9,0,0
64.5959,40.266,33.1122,2.92132,2.25387,0.105425,0.237614,NONE,999.9,0,0
64.5999,40.244,33.117,2.92258,2.25712,0.144582,0.32634,NONE,999.9,0,0
64.604,40.244,33.117,2.92258,2.25712,0.144582,0.32634,NONE,999.9,0,0
64.6096,40.2219,33.1218,2.92429,2.26834,0.208529,0.473014,NONE,999.9,0,0
64.6124,40.2219,33.1218,2.92429,2.26834,0.208529,0.473014,NONE,999.9,0,0
64.6164,40.2219,33.1218,2.92429,2.26834,0.208529,0.473014,NONE,999.9,0,0
64.6209,40.1996,33.1264,2.92664,2.27902,0.242719,0.553161,NONE,999.9,0,0
64.6245,40.1996,33.1264,2.92664,2.27902,0.242719,0.553161,NONE,999.9,0,0
64.6289,40.1772,33.1311,2.92885,2.2892,0.187309,0.428786,NONE,999.9,0,0
64.6321,40.1772,33.1311,2.92885,2.2892,0.187309,0.428786,NONE,999.9,0,0
64.6359,40.1772,33.1311,2.92885,2.2892,0.187309,0.428786,NONE,999.9,0,0
64.64,40.1548,33.1358,2.93049,2.30536,0.15883,0.366161,NONE,999.9,0,0
64.644,40.1548,33.1358,2.93049,2.30536,0.15883,0.366161,NONE,999.9,0,0
64.6491,40.1321,33.1405,2.93203,2.32077,0.135364,0.314149,NONE,999.9,0,0
64.6523,40.1321,33.1405,2.93203,2.32077,0.135364,0.314149,NONE,999.9,0,0
64.6559,40.1321,33.1405,2.93203,2.32077,0.135364,0.314149,NONE,999.9,0,0
64.66,40.1093,33.1452,2.93326,2.33543,0.126918,0.296408,NONE,999.9,0,0
64.664,40.1093,33.1452,2.93326,2.33543,0.126918,0.296408,NONE,999.9,0,0
64.669,40.0864,33.15,2.93455,2.3494,0.115903,0.272302,NONE,999.9,0,0
64.6721,40.0864,33.15,2.93455,2.3494,0.115903,0.272302,NONE,999.9,0,0
64.6765,40.0864,33.15,2.93455,2.3494,0.115903,0.272302,NONE,999.9,0,0
64.6804,40.0633,33.1547,2.93563,2.36271,0.115178,0.272132,NONE,999.9,0,0
64.6853,40.0633,33.1547,2.93563,2.36271,0.115178,0.272132,NONE,999.9,0,0
64.6894,40.0401,33.1594,2.93683,2.37538,0.108995,0.258906,NONE,999.9,0,0
64.692,40.0401,33.1594,2.93683,2.37538,0.108995,0.258906,NONE,999.9,0,0
64.6964,40.0401,33.1594,2.93683,2.37538,0.108995,0.258906,NONE,999.9,0,0
64.7003,40.0167,33.1642,2.93785,2.38745,0.111265,0.26564,NONE,999.9,0,0
64.7042,40.0167,33.1642,2.93785,2.38745,0.111265,0.26564,NONE,999.9,0,0
64.7094,39.9933,33.1689,2.93902,2.39895,0.106967,0.256608,NONE,999.9,0,0
64.7133,39.9933,33.1689,2.93902,2.39895,0.106967,0.256608,NONE,999.9,0,0
64.7161,39.9933,33.1689,2.93902,2.39895,0.106967,0.256608,NONE,999.9,0,0
64.7202,39.9697,33.1737,2.94002,2.4099,0.11039,0.266029,NONE,999.9,0,0
64.724,39.9697,33.1737,2.94002,2.4099,0.11039,0.266029,NONE,999.9,0,0
64.7301,39.946,33.1784,2.94119,2.42033,0.106821,0.258541,NONE,999.9,0,0
64.7323,39.946,33.1784,2.94119,2.42033,0.106821,0.258541,NONE,999.9,0,0
64.7359,39.946,33.1784,2.94119,2.42033,0.106821,0.258541,NONE,999.9,0,0
64.7404,39.9222,33.1831,2.9422,2.43026,0.110673,0.268966,NONE,999.9,0,0
64.7445,39.9222,33.1831,2.9422,2.43026,0.110673,0.268966,NONE,999.9,0,0
64.7491,39.8984,33.1879,2.94337,2.43972,0.107375,0.261965,NONE,999.9,0,0
64.7524,39.8984,33.1879,2.94337,2.43972,0.107375,0.261965,NONE,999.9,0,0
64.7563,39.8984,33.1879,2.94337,2.43972,0.107375,0.261965,NONE,999.9,0,0
64.7603,39.8744,33.1926,2.94438,2.44874,0.111371,0.272719,NONE,999.9,0,0
64.7663,39.8744,33.1926,2.94438,2.44874,0.111371,0.272719,NONE,999.9,0,0
64.7706,39.8503,33.1973,2.94556,2.45732,0.108162,0.265788,NONE,999.9,0,0
64.7725,39.8503,33.1973,2.94556,2.45732,0.108162,0.265788,NONE,999.9,0,0
64.7767,39.8503,33.1973,2.94556,2.45732,0.108162,0.265788,NONE,999.9,0,0
64.7826,39.8261,33.202,2.94658,2.46549,0.112189,0.276601,NONE,999.9,0,0
64.786,39.8261,33.202,2.94658,2.46549,0.112189,0.276601,NONE,999.9,0,0
64.7896,39.8019,33.2067,2.94777,2.47328,0.108997,0.269579,NONE,999.9,0,0
64.7924,39.8019,33.2067,2.94777,2.47328,0.108997,0.269579,NONE,999.9,0,0
64.7962,39.8019,33.2067,2.94777,2.47328,0.108997,0.269579,NONE,999.9,0,0
64.8009,39.7776,33.2114,2.9488,2.4807,0.113011,0.280345,NONE,999.9,0,0
64.804,39.7776,33.2114,2.9488,2.4807,0.113011,0.280345,NONE,999.9,0,0
64.8097,39.7532,33.216,2.94999,2.48776,0.109808,0.273175,NONE,999.9,0,0
64.8124,39.7532,33.216,2.94999,2.48776,0.109808,0.273175,NONE,999.9,0,0
64.8165,39.7532,33.216,2.94999,2.48776,0.109808,0.273175,NONE,999.9,0,0
64.8204,39.7287,33.2207,2.95103,2.49449,0.113793,0.283856,NONE,999.9,0,0
64.8245,39.7287,33.2207,2.95103,2.49449,0.113793,0.283856,NONE,999.9,0,0
64.8299,39.7042,33.2253,2.95223,2.50089,0.11057,0.276523,NONE,999.9,0,0
64.8323,39.7042,33.2253,2.95223,2.50089,0.11057,0.276523,NONE,999.9,0,0
64.8363,39.7042,33.2253,2.95223,2.50089,0.11057,0.276523,NONE,999.9,0,0
64.8405,39.6795,33.23,2.95327,2.507,0.114522,0.287106,NONE,999.9,0,0
64.845,39.6795,33.23,2.95327,2.507,0.114522,0.287106,NONE,999.9,0,0
64.8496,39.6549,33.2346,2.95449,2.51281,0.111275,0.279612,NONE,999.9,0,0
64.8523,39.6549,33.2346,2.95449,2.51281,0.111275,0.279612,NONE,999.9,0,0
64.8564,39.6549,33.2346,2.95449,2.51281,0.111275,0.279612,NONE,999.9,0,0
64.8608,39.6301,33.2392,2.95554,2.51835,0.115194,0.290098,NONE,999.9,0,0
64.8648,39.6301,33.2392,2.95554,2.51835,0.115194,0.290098,NONE,999.9,0,0
64.8703,39.6054,33.2437,2.95675,2.52362,0.111923,0.282451,NONE,999.9,0,0
64.8732,39.6054,33.2437,2.95675,2.52362,0.111923,0.282451,NONE,999.9,0,0
64.8765,39.6054,33.2437,2.95675,2.52362,0.111923,0.282451,NONE,999.9,0,0
64.8818,39.5805,33.2483,2.95781,2.52864,0.115811,0.292844,NONE,999.9,0,0
64.8842,39.5805,33.2483,2.95781,2.52864,0.115811,0.292844,NONE,999.9,0,0
64.8894,39.5556,33.2528,2.95904,2.53342,0.112517,0.285054,NONE,999.9,0,0
64.8921,39.5556,33.2528,2.95904,2.53342,0.112517,0.285054,NONE,999.9,0,0
64.896,39.5556,33.2528,2.95904,2.53342,0.112517,0.285054,NONE,999.9,0,0
64.9002,39.5307,33.2574,2.9601,2.53798,0.116376,0.295359,NONE,999.9,0,0
64.9043,39.5307,33.2574,2.9601,2.53798,0.116376,0.295359,NONE,999.9,0,0
64.9103,39.5056,33.2619,2.96132,2.5488,0.11235,0.286359,NONE,999.9,0,0
64.9122,39.5056,33.2619,2.96132,2.5488,0.11235,0.286359,NONE,999.9,0,0
64.9162,39.5056,33.2619,2.96132,2.5488,0.11235,0.286359,NONE,999.9,0,0
64.9205,39.4805,33.2664,2.96238,2.55911,0.115629,0.295907,NONE,999.9,0,0
64.9254,39.4805,33.2664,2.96238,2.55911,0.115629,0.295907,NONE,999.9,0,0
64.9295,39.4552,33.2708,2.9636,2.56893,0.112316,0.288531,NONE,999.9,0,0
64.9323,39.4552,33.2708,2.9636,2.56893,0.112316,0.288531,NONE,999.9,0,0
64.9362,39.4552,33.2708,2.9636,2.56893,0.112316,0.288531,NONE,999.9,0,0
64.9419,39.4299,33.2753,2.96466,2.57828,0.116015,0.29912,NONE,999.9,0,0
64.9461,39.4299,33.2753,2.96466,2.57828,0.116015,0.29912,NONE,999.9,0,0
64.9498,39.4045,33.2798,2.96589,2.58719,0.112959,0.292247,NONE,999.9,0,0
64.9522,39.4045,33.2798,2.96589,2.58719,0.112959,0.292247,NONE,999.9,0,0
64.9564,39.4045,33.2798,2.96589,2.58719,0.112959,0.292247,NONE,999.9,0,0
64.9606,39.3789,33.2842,2.96695,2.59567,0.116793,0.303155,NONE,999.9,0,0
64.9646,39.3789,33.2842,2.96695,2.59567,0.116793,0.303155,NONE,999.9,0,0
64.9692,39.3533,33.2886,2.96819,2.60348,0.113843,0.296388,NONE,999.9,0,0
64.9723,39.3533,33.2886,2.96819,2.60348,0.113843,0.296388,NONE,999.9,0,0
64.9767,39.3533,33.2886,2.96819,2.60348,0.113843,0.296388,NONE,999.9,0,0
64.9804,39.3276,33.2931,2.96926,2.61092,0.117722,0.307362,NONE,999.9,0,0
64.9841,39.3276,33.2931,2.96926,2.61092,0.117722,0.307362,NONE,999.9,0,0
64.9891,39.3018,33.2974,2.9708,2.618,0.201028,0.526291,NONE,999.9,0,0
64.9921,39.3018,33.2974,2.9708,2.618,0.201028,0.526291,NONE,999.9,0,0
64.9964,39.3018,33.2974,2.9708,2.618,0.201028,0.526291,NONE,999.9,0,0
65.0008,39.276,33.3017,2.97316,2.62475,0.25067,0.657945,NONE,999.9,0,0
65.0048,39.276,33.3017,2.97316,2.62475,0.25067,0.657945,NONE,999.9,0,0
65.0091,39.25,33.3059,2.97579,2.63117,0.289405,0.761476,NONE,999.9,0,0
65.012,39.25,33.3059,2.97579,2.63117,0.289405,0.761476,NONE,999.9,0,0
65.0164,39.25,33.3059,2.97579,2.63117,0.289405,0.761476,NONE,999.9,0,0
65.0204,39.224,33.31,2.97888,2.63729,0.309587,0.81647,NONE,999.9,0,0
65.0245,39.224,33.31,2.97888,2.63729,0.309587,0.81647,NONE,999.9,0,0
65.0294,39.1979,33.3141,2.98199,2.64312,0.328831,0.86914,NONE,999.9,0,0
65.0321,39.1979,33.3141,2.98199,2.64312,0.328831,0.86914,NONE,999.9,0,0
65.0362,39.1979,33.3141,2.98199,2.64312,0.328831,0.86914,NONE,999.9,0,0
65.0402,39.1718,33.318,2.98541,2.64867,0.336122,0.890278,NONE,999.9,0,0
65.0443,39.1718,33.318,2.98541,2.64867,0.336122,0.890278,NONE,999.9,0,0
65.0495,39.1455,33.3219,2.98874,2.65396,0.346831,0.920475,NONE,999.9,0,0
65.0519,39.1455,33.3219,2.98874,2.65396,0.346831,0.920475,NONE,999.9,0,0
65.0558,39.1455,33.3219,2.98874,2.65396,0.346831,0.920475,NONE,999.9,0,0
65.06,39.1192,33.3257,2.9923,2.659,0.348476,0.926597,NONE,999.9,0,0
65.0642,39.1192,33.3257,2.9923,2.659,0.348476,0.926597,NONE,999.9,0,0
65.0694,39.0929,33.3294,2.99574,2.66379,0.355439,0.946817,NONE,999.9,0,0
65.0719,39.0929,33.3294,2.99574,2.66379,0.355439,0.946817,NONE,999.9,0,0
65.0762,39.0929,33.3294,2.99574,2.66379,0.355439,0.946817,NONE,999.9,0,0
65.0802,39.0664,33.3331,2.99935,2.67901,0.350352,0.938595,NONE,999.9,0,0
65.0839,39.0664,33.3331,2.99935,2.67901,0.350352,0.938595,NONE,999.9,0,0
65.0888,39.0398,33.3366,3.00278,2.69349,0.353182,0.951293,NONE,999.9,0,0
65.0921,39.0398,33.3366,3.00278,2.69349,0.353182,0.951293,NONE,999.9,0,0
65.0963,39.0398,33.3366,3.00278,2.69349,0.353182,0.951293,NONE,999.9,0,0
65.1005,39.013,33.3401,3.00638,2.70729,0.35064,0.949287,NONE,999.9,0,0
65.1041,39.013,33.3401,3.00638,2.70729,0.35064,0.949287,NONE,999.9,0,0
65.1095,38.9861,33.3436,3.00954,2.72044,0.270638,0.736253,NONE,999.9,0,0
65.1124,38.9861,33.3436,3.00954,2.72044,0.270638,0.736253,NONE,999.9,0,0
65.1162,38.9861,33.3436,3.00954,2.72044,0.270638,0.736253,NONE,999.9,0,0
65.1202,38.9591,33.347,3.01191,2.73296,0.222543,0.6082,NONE,999.9,0,0
65.1241,38.9591,33.347,3.01191,2.73296,0.222543,0.6082,NONE,999.9,0,0
65.1291,38.9319,33.3505,3.01402,2.74488,0.185281,0.508575,NONE,999.9,0,0
65.1321,38.9319,33.3505,3.01402,2.74488,0.185281,0.508575,NONE,999.9,0,0
65.1362,38.9319,33.3505,3.01402,2.74488,0.185281,0.508575,NONE,999.9,0,0
65.1405,38.9046,33.3539,3.01568,2.75624,0.16586,0.457149,NONE,999.9,0,0
65.1442,38.9046,33.3539,3.01568,2.75624,0.16586,0.457149,NONE,999.9,0,0
65.1492,38.8772,33.3573,3.01733,2.76705,0.147843,0.409091,NONE,999.9,0,0
65.1519,38.8772,33.3573,3.01733,2.76705,0.147843,0.409091,NONE,999.9,0,0
65.1566,38.8772,33.3573,3.01733,2.76705,0.147843,0.409091,NONE,999.9,0,0
65.1608,38.8497,33.3607,3.01869,2.77736,0.141316,0.392484,NONE,999.9,0,0
65.1645,38.8497,33.3607,3.01869,2.77736,0.141316,0.392484,NONE,999.9,0,0
65.1691,38.8221,33.364,3.02014,2.78717,0.131938,0.367733,NONE,999.9,0,0
65.172,38.8221,33.364,3.02014,2.78717,0.131938,0.367733,NONE,999.9,0,0
65.1762,38.8221,33.364,3.02014,2.78717,0.131938,0.367733,NONE,999.9,0,0
65.1802,38.7943,33.3674,3.02137,2.79651,0.131173,0.366827,NONE,999.9,0,0
65.1839,38.7943,33.3674,3.02137,2.79651,0.131173,0.366827,NONE,999.9,0,0
65.1894,38.7665,33.3707,3.02273,2.80542,0.125638,0.352467,NONE,999.9,0,0
65.1942,38.7665,33.3707,3.02273,2.80542,0.125638,0.352467,NONE,999.9,0,0
65.1969,38.7665,33.3707,3.02273,2.80542,0.125638,0.352467,NONE,999.9,0,0
65.2002,38.7386,33.3739,3.02392,2.81389,0.127414,0.35853,NONE,999.9,0,0
65.2042,38.7386,33.3739,3.02392,2.81389,0.127414,0.35853,NONE,999.9,0,0
65.2103,38.7106,33.3772,3.02555,2.82197,0.210242,0.593296,NONE,999.9,0,0
65.2125,38.7106,33.3772,3.02555,2.82197,0.210242,0.593296,NONE,999.9,0,0
65.2161,38.7106,33.3772,3.02555,2.82197,0.210242,0.593296,NONE,999.9,0,0
65.2201,38.6825,33.3803,3.02801,2.82966,0.261681,0.740469,NONE,999.9,0,0
65.2245,38.6825,33.3803,3.02801,2.82966,0.261681,0.740469,NONE,999.9,0,0
65.2292,38.6544,33.3833,3.03076,2.83699,0.302271,0.857538,NONE,999.9,0,0
65.232,38.6544,33.3833,3.03076,2.83699,0.302271,0.857538,NONE,999.9,0,0
65.2358,38.6544,33.3833,3.03076,2.83699,0.302271,0.857538,NONE,999.9,0,0
65.2403,38.6261,33.3862,3.03398,2.84396,0.324869,0.923916,NONE,999.9,0,0
65.2439,38.6261,33.3862,3.03398,2.84396,0.324869,0.923916,NONE,999.9,0,0
65.2492,38.5978,33.3891,3.03726,2.85061,0.345764,0.985639,NONE,999.9,0,0
65.2518,38.5978,33.3891,3.03726,2.85061,0.345764,0.985639,NONE,999.9,0,0
65.2563,38.5978,33.3891,3.03726,2.85061,0.345764,0.985639,NONE,999.9,0,0
65.2608,38.5694,33.3918,3.04085,2.85694,0.354927,1.014,NONE,999.9,0,0
65.2644,38.5694,33.3918,3.04085,2.85694,0.354927,1.014,NONE,999.9,0,0
65.2693,38.5409,33.3945,3.04438,2.86297,0.366653,1.04972,NONE,999.9,0,0
65.2719,38.5409,33.3945,3.04438,2.86297,0.366653,1.04972,NONE,999.9,0,0
65.2762,38.5409,33.3945,3.04438,2.86297,0.366653,1.04972,NONE,999.9,0,0
65.2801,38.5127,33.397,3.04831,2.80918,0.396668,1.11431,NONE,999.9,0,0
65.2844,38.5127,33.397,3.04831,2.80918,0.396668,1.11431,NONE,999.9,0,0
65.2892,38.4849,33.3994,3.05229,2.76562,0.417211,1.15385,NONE,999.9,0,0
65.2923,38.4849,33.3994,3.05229,2.76562,0.417211,1.15385,NONE,999.9,0,0
65.2964,38.4849,33.3994,3.05229,2.76562,0.417211,1.15385,NONE,999.9,0,0
65.3003,38.4575,33.4017,3.05657,2.73034,0.417992,1.14126,NONE,999.9,0,0
65.304,38.4575,33.4017,3.05657,2.73034,0.417992,1.14126,NONE,999.9,0,0
65.3089,38.4304,33.4039,3.06032,2.70178,0.320267,0.865289,NONE,999.9,0,0
65.3121,38.4304,33.4039,3.06032,2.70178,0.320267,0.865289,NONE,999.9,0,0
65.3164,38.4304,33.4039,3.06032,2.70178,0.320267,0.865289,NONE,999.9,0,0
65.3206,38.4036,33.406,3.06311,2.67865,0.260508,0.697808,NONE,999.9,0,0
65.3245,38.4036,33.406,3.06311,2.67865,0.260508,0.697808,NONE,999.9,0,0
65.3299,38.377,33.4081,3.06555,2.65991,0.212996,0.566552,NONE,999.9,0,0
65.3319,38.377,33.4081,3.06555,2.65991,0.212996,0.566552,NONE,999.9,0,0
65.3361,38.377,33.4081,3.06555,2.65991,0.212996,0.566552,NONE,999.9,0,0
65.3401,38.3505,33.4101,3.06745,2.64474,0.186884,0.49426,NONE,999.9,0,0
65.3441,38.3505,33.4101,3.06745,2.64474,0.186884,0.49426,NONE,999.9,0,0
65.349,38.3242,33.412,3.06928,2.63246,0.162436,0.427606,NONE,999.9,0,0
65.3525,38.3242,33.412,3.06928,2.63246,0.162436,0.427606,NONE,999.9,0,0
65.3566,38.3242,33.412,3.06928,2.63246,0.162436,0.427606,NONE,999.9,0,0
65.361,38.298,33.4139,3.07076,2.62251,0.151958,0.398511,NONE,999.9,0,0
65.3643,38.298,33.4139,3.07076,2.62251,0.151958,0.398511,NONE,999.9,0,0
65.3694,38.2719,33.4158,3.0723,2.61446,0.138374,0.361773,NONE,999.9,0,0
65.372,38.2719,33.4158,3.0723,2.61446,0.138374,0.361773,NONE,999.9,0,0
65.3761,38.2719,33.4158,3.0723,2.61446,0.138374,0.361773,NONE,999.9,0,0
65.3803,38.2459,33.4176,3.07357,2.60793,0.135288,0.352822,NONE,999.9,0,0
65.3846,38.2459,33.4176,3.07357,2.60793,0.135288,0.352822,NONE,999.9,0,0
65.3899,38.2199,33.4193,3.07497,2.60265,0.126889,0.330248,NONE,999.9,0,0
65.3921,38.2199,33.4193,3.07497,2.60265,0.126889,0.330248,NONE,999.9,0,0
65.3961,38.2199,33.4193,3.07497,2.60265,0.126889,0.330248,NONE,999.9,0,0
65.4001,38.1939,33.421,3.07615,2.59837,0.127324,0.330835,NONE,999.9,0,0
65.404,38.1939,33.421,3.07615,2.59837,0.127324,0.330835,NONE,999.9,0,0
65.4098,38.168,33.4227,3.07748,2.59491,0.121413,0.315055,NONE,999.9,0,0
65.412,38.168,33.4227,3.07748,2.59491,0.121413,0.315055,NONE,999.9,0,0
65.4165,38.168,33.4227,3.07748,2.59491,0.121413,0.315055,NONE,999.9,0,0
65.4225,38.1421,33.4243,3.07862,2.5921,0.123527,0.320195,NONE,999.9,0,0
65.4246,38.1421,33.4243,3.07862,2.5921,0.123527,0.320195,NONE,999.9,0,0
65.4293,38.1163,33.4259,3.07992,2.58983,0.118812,0.307702,NONE,999.9,0,0
65.4324,38.1163,33.4259,3.07992,2.58983,0.118812,0.307702,NONE,999.9,0,0
65.4362,38.1163,33.4259,3.07992,2.58983,0.118812,0.307702,NONE,999.9,0,0
65.4405,38.0904,33.4274,3.08103,2.58799,0.121726,0.315025,NONE,999.9,0,0
65.4451,38.0904,33.4274,3.08103,2.58799,0.121726,0.315025,NONE,999.9,0,0
65.4498,38.0646,33.4289,3.08232,2.5865,0.117585,0.304133,NONE,999.9,0,0
65.4527,38.0646,33.4289,3.08232,2.5865,0.117585,0.304133,NONE,999.9,0,0
65.4564,38.0646,33.4289,3.08232,2.5865,0.117585,0.304133,NONE,999.9,0,0
65.4618,38.0388,33.4304,3.08342,2.5853,0.120877,0.312503,NONE,999.9,0,0
65.4647,38.0388,33.4304,3.08342,2.5853,0.120877,0.312503,NONE,999.9,0,0
65.4691,38.013,33.4318,3.0847,2.58432,0.117011,0.302395,NONE,999.9,0,0
65.4721,38.013,33.4318,3.0847,2.58432,0.117011,0.302395,NONE,999.9,0,0
65.4763,38.013,33.4318,3.0847,2.58432,0.117011,0.302395,NONE,999.9,0,0
65.4808,37.9871,33.4332,3.08579,2.59213,0.119025,0.30853,NONE,999.9,0,0
65.4848,37.9871,33.4332,3.08579,2.59213,0.119025,0.30853,NONE,999.9,0,0
65.4905,37.9612,33.4346,3.08705,2.59958,0.114906,0.298707,NONE,999.9,0,0
65.4922,37.9612,33.4346,3.08705,2.59958,0.114906,0.298707,NONE,999.9,0,0
65.4969,37.9612,33.4346,3.08705,2.59958,0.114906,0.298707,NONE,999.9,0,0
65.5007,37.9352,33.436,3.08813,2.60666,0.118111,0.307875,NONE,999.9,0,0
65.5056,37.9352,33.436,3.08813,2.60666,0.118111,0.307875,NONE,999.9,0,0
65.5126,37.9091,33.4373,3.08937,2.61342,0.114727,0.29983,NONE,999.9,0,0
65.5165,37.9091,33.4373,3.08937,2.61342,0.114727,0.29983,NONE,999.9,0,0
65.5214,37.883,33.4386,3.09046,2.61985,0.118364,0.310096,NONE,999.9,0,0
65.5248,37.883,33.4386,3.09046,2.61985,0.118364,0.310096,NONE,999.9,0,0
65.5299,37.8568,33.4398,3.09171,2.62597,0.115235,0.302603,NONE,999.9,0,0
65.5322,37.8568,33.4398,3.09171,2.62597,0.115235,0.302603,NONE,999.9,0,0
65.536,37.8568,33.4398,3.09171,2.62597,0.115235,0.302603,NONE,999.9,0,0
65.5402,37.8305,33.4411,3.0928,2.63181,0.119001,0.313189,NONE,999.9,0,0
65.5446,37.8305,33.4411,3.0928,2.63181,0.119001,0.313189,NONE,999.9,0,0
65.5499,37.8042,33.4423,3.09405,2.63736,0.115937,0.305768,NONE,999.9,0,0
65.5527,37.8042,33.4423,3.09405,2.63736,0.115937,0.305768,NONE,999.9,0,0
65.556,37.8042,33.4423,3.09405,2.63736,0.115937,0.305768,NONE,999.9,0,0
65.5603,37.7778,33.4435,3.09515,2.64266,0.119719,0.316375,NONE,999.9,0,0
65.5641,37.7778,33.4435,3.09515,2.64266,0.119719,0.316375,NONE,999.9,0,0
65.5698,37.7514,33.4446,3.09641,2.6477,0.11665,0.308854,NONE,999.9,0,0
65.5719,37.7514,33.4446,3.09641,2.6477,0.11665,0.308854,NONE,999.9,0,0
65.5779,37.7514,33.4446,3.09641,2.6477,0.11665,0.308854,NONE,999.9,0,0
65.5818,37.7249,33.4458,3.09752,2.6525,0.120407,0.319379,NONE,999.9,0,0
65.5842,37.7249,33.4458,3.09752,2.6525,0.120407,0.319379,NONE,999.9,0,0
65.5894,37.6984,33.4468,3.09879,2.65707,0.117312,0.311707,NONE,999.9,0,0
65.5926,37.6984,33.4468,3.09879,2.65707,0.117312,0.311707,NONE,999.9,0,0
65.596,37.6984,33.4468,3.09879,2.65707,0.117312,0.311707,NONE,999.9,0,0
65.6002,37.6718,33.4479,3.0999,2.66142,0.121034,0.322124,NONE,999.9,0,0
65.604,37.6718,33.4479,3.0999,2.66142,0.121034,0.322124,NONE,999.9,0,0
65.611,37.6452,33.4489,3.10118,2.66557,0.117909,0.314296,NONE,999.9,0,0
65.6149,37.6452,33.4489,3.10118,2.66557,0.117909,0.314296,NONE,999.9,0,0
65.6173,37.6452,33.4489,3.10118,2.66557,0.117909,0.314296,NONE,999.9,0,0
65.6209,37.6186,33.4499,3.10229,2.66833,0.121791,0.324978,NONE,999.9,0,0
65.6264,37.6186,33.4499,3.10229,2.66833,0.121791,0.324978,NONE,999.9,0,0
65.6328,37.5919,33.4509,3.10358,2.67096,0.118695,0.317029,NONE,999.9,0,0
65.6365,37.5919,33.4509,3.10358,2.67096,0.118695,0.317029,NONE,999.9,0,0
65.6406,37.5652,33.4519,3.1047,2.67346,0.122406,0.327249,NONE,999.9,0,0
65.6499,37.5652,33.4519,3.1047,2.67346,0.122406,0.327249,NONE,999.9,0,0
65.6544,37.5385,33.4528,3.10599,2.67585,0.119197,0.318952,NONE,999.9,0,0
65.6568,37.5385,33.4528,3.10599,2.67585,0.119197,0.318952,NONE,999.9,0,0
65.6616,37.5117,33.4536,3.10712,2.67812,0.122826,0.328944,NONE,999.9,0,0
65.6651,37.5117,33.4536,3.10712,2.67812,0.122826,0.328944,NONE,999.9,0,0
65.6691,37.4849,33.4545,3.10841,2.68028,0.119561,0.320457,NONE,999.9,0,0
65.6725,37.4849,33.4545,3.10841,2.68028,0.119561,0.320457,NONE,999.9,0,0
65.677,37.4849,33.4545,3.10841,2.68028,0.119561,0.320457,NONE,999.9,0,0
65.6828,37.4581,33.4553,3.10954,2.68234,0.123148,0.330326,NONE,999.9,0,0
65.685,37.4581,33.4553,3.10954,2.68234,0.123148,0.330326,NONE,999.9,0,0
65.6898,37.4313,33.4561,3.11084,2.68431,0.119853,0.321723,NONE,999.9,0,0
65.6921,37.4313,33.4561,3.11084,2.68431,0.119853,0.321723,NONE,999.9,0,0
65.696,37.4313,33.4561,3.11084,2.68431,0.119853,0.321723,NONE,999.9,0,0
65.7002,37.4045,33.4569,3.11197,2.68618,0.123416,0.331516,NONE,999.9,0,0
65.7051,37.4045,33.4569,3.11197,2.68618,0.123416,0.331516,NONE,999.9,0,0
65.7128,37.3776,33.4576,3.11328,2.68796,0.120103,0.322831,NONE,999.9,0,0
65.7162,37.3776,33.4576,3.11328,2.68796,0.120103,0.322831,NONE,999.9,0,0
65.7202,37.3507,33.4583,3.11441,2.68965,0.123649,0.332572,NONE,999.9,0,0
65.7244,37.3507,33.4583,3.11441,2.68965,0.123649,0.332572,NONE,999.9,0,0
65.7298,37.3238,33.4589,3.11571,2.69127,0.120323,0.323822,NONE,999.9,0,0
65.732,37.3238,33.4589,3.11571,2.69127,0.120323,0.323822,NONE,999.9,0,0
65.7373,37.3238,33.4589,3.11571,2.69127,0.120323,0.323822,NONE,999.9,0,0
65.7441,37.2969,33.4596,3.11685,2.6928,0.123857,0.333521,NONE,999.9,0,0
65.7466,37.2969,33.4596,3.11685,2.6928,0.123857,0.333521,NONE,999.9,0,0
65.7505,37.27,33.4601,3.11816,2.69427,0.120522,0.324718,NONE,999.9,0,0
65.7522,37.27,33.4601,3.11816,2.69427,0.120522,0.324718,NONE,999.9,0,0
65.757,37.27,33.4601,3.11816,2.69427,0.120522,0.324718,NONE,999.9,0,0
65.761,37.243,33.4607,3.11929,2.69566,0.124044,0.334382,NONE,999.9,0,0
65.7642,37.243,33.4607,3.11929,2.69566,0.124044,0.334382,NONE,999.9,0,0
65.7708,37.2161,33.4612,3.1206,2.69699,0.120701,0.325531,NONE,999.9,0,0
65.7738,37.2161,33.4612,3.1206,2.69699,0.120701,0.325531,NONE,999.9,0,0
65.777,37.2161,33.4612,3.1206,2.69699,0.120701,0.325531,NONE,999.9,0,0
65.7807,37.1891,33.4617,3.12174,2.69826,0.124215,0.335163,NONE,999.9,0,0
65.7843,37.1891,33.4617,3.12174,2.69826,0.124215,0.335163,NONE,999.9,0,0
65.7893,37.1621,33.4622,3.12305,2.69946,0.120864,0.326269,NONE,999.9,0,0
65.7925,37.1621,33.4622,3.12305,2.69946,0.120864,0.326269,NONE,999.9,0,0
65.7965,37.1621,33.4622,3.12305,2.69946,0.120864,0.326269,NONE,999.9,0,0
65.8007,37.1351,33.4626,3.12419,2.70061,0.12437,0.335874,NONE,999.9,0,0
65.8071,37.1351,33.4626,3.12419,2.70061,0.12437,0.335874,NONE,999.9,0,0
65.8125,37.1081,33.463,3.12551,2.70171,0.121013,0.326941,NONE,999.9,0,0
65.816,37.1081,33.463,3.12551,2.70171,0.121013,0.326941,NONE,999.9,0,0
65.8201,37.0811,33.4634,3.12665,2.70275,0.124511,0.336521,NONE,999.9,0,0
65.8245,37.0811,33.4634,3.12665,2.70275,0.124511,0.336521,NONE,999.9,0,0
65.8302,37.0541,33.4637,3.12796,2.70374,0.121148,0.327553,NONE,999.9,0,0
65.8337,37.0541,33.4637,3.12796,2.70374,0.121148,0.327553,NONE,999.9,0,0
65.8367,37.0541,33.4637,3.12796,2.70374,0.121148,0.327553,NONE,999.9,0,0
65.8411,37.027,33.464,3.1291,2.71153,0.123471,0.334795,NONE,999.9,0,0
65.8446,37.027,33.464,3.1291,2.71153,0.123471,0.334795,NONE,999.9,0,0
65.8498,36.9998,33.4643,3.1304,2.71894,0.119734,0.325551,NONE,999.9,0,0
65.8525,36.9998,33.4643,3.1304,2.71894,0.119734,0.325551,NONE,999.9,0,0
65.8564,36.9998,33.4643,3.1304,2.71894,0.119734,0.325551,NONE,999.9,0,0
65.8606,36.9726,33.4645,3.13153,2.726,0.122882,0.334976,NONE,999.9,0,0
65.8645,36.9726,33.4645,3.13153,2.726,0.122882,0.334976,NONE,999.9,0,0
65.8704,36.9453,33.4647,3.13283,2.73273,0.119673,0.327034,NONE,999.9,0,0
65.8729,36.9453,33.4647,3.13283,2.73273,0.119673,0.327034,NONE,999.9,0,0
65.877,36.9453,33.4647,3.13283,2.73273,0.119673,0.327034,NONE,999.9,0,0
65.8816,36.918,33.4649,3.13396,2.73914,0.123143,0.337306,NONE,999.9,0,0
65.8847,36.918,33.4649,3.13396,2.73914,0.123143,0.337306,NONE,999.9,0,0
65.8897,36.8905,33.465,3.13526,2.74524,0.120134,0.329795,NONE,999.9,0,0
65.8925,36.8905,33.465,3.13526,2.74524,0.120134,0.329795,NONE,999.9,0,0
65.8966,36.8905,33.465,3.13526,2.74524,0.120134,0.329795,NONE,999.9,0,0
65.9006,36.8631,33.4652,3.13639,2.75105,0.123713,0.34034,NONE,999.9,0,0
65.9042,36.8631,33.4652,3.13639,2.75105,0.123713,0.34034,NONE,999.9,0,0
65.9098,36.8355,33.4652,3.1377,2.75659,0.120763,0.332894,NONE,999.9,0,0
65.9123,36.8355,33.4652,3.1377,2.75659,0.120763,0.332894,NONE,999.9,0,0
65.916,36.8355,33.4652,3.1377,2.75659,0.120763,0.332894,NONE,999.9,0,0
65.9205,36.8079,33.4653,3.13884,2.76186,0.124363,0.343473,NONE,999.9,0,0
65.9245,36.8079,33.4653,3.13884,2.76186,0.124363,0.343473,NONE,999.9,0,0
65.9301,36.7803,33.4653,3.14015,2.76688,0.121417,0.335948,NONE,999.9,0,0
65.9319,36.7803,33.4653,3.14015,2.76688,0.121417,0.335948,NONE,999.9,0,0
65.9365,36.7803,33.4653,3.14015,2.76688,0.121417,0.335948,NONE,999.9,0,0
65.9404,36.7526,33.4653,3.1413,2.77167,0.125003,0.346467,NONE,999.9,0,0
65.9444,36.7526,33.4653,3.1413,2.77167,0.125003,0.346467,NONE,999.9,0,0
65.9497,36.7249,33.4652,-3.14056,2.77622,0.122041,0.338812,NONE,999.9,0,0
65.9525,36.7249,33.4652,-3.14056,2.77622,0.122041,0.338812,NONE,999.9,0,0
65.9561,36.7249,33.4652,-3.14056,2.77622,0.122041,0.338812,NONE,999.9,0,0
65.961,36.6971,33.4651,-3.13941,2.78056,0.125601,0.349242,NONE,999.9,0,0
65.9644,36.6971,33.4651,-3.13941,2.78056,0.125601,0.349242,NONE,999.9,0,0
65.9694,36.6693,33.465,-3.13808,2.78469,0.122616,0.341447,NONE,999.9,0,0
65.9725,36.6693,33.465,-3.13808,2.78469,0.122616,0.341447,NONE,999.9,0,0
65.9764,36.6693,33.465,-3.13808,2.78469,0.122616,0.341447,NONE,999.9,0,0
65.9802,36.6414,33.4648,-3.13692,2.78863,0.126148,0.351781,NONE,999.9,0,0
65.9846,36.6414,33.4648,-3.13692,2.78863,0.126148,0.351781,NONE,999.9,0,0
65.989,36.6135,33.4646,-3.13559,2.79238,0.123139,0.343851,NONE,999.9,0,0
65.9928,36.6135,33.4646,-3.13559,2.79238,0.123139,0.343851,NONE,999.9,0,0
65.9972,36.6135,33.4646,-3.13559,2.79238,0.123139,0.343851,NONE,999.9,0,0
66.0019,36.5855,33.4644,-3.13443,2.79595,0.126645,0.354094,NONE,999.9,0,0
66.0041,36.5855,33.4644,-3.13443,2.79595,0.126645,0.354094,NONE,999.9,0,0
66.0099,36.5576,33.4641,-3.13309,2.80025,0.123484,0.345786,NONE,999.9,0,0
66.0121,36.5576,33.4641,-3.13309,2.80025,0.123484,0.345786,NONE,999.9,0,0
66.0165,36.5576,33.4641,-3.13309,2.80025,0.123484,0.345786,NONE,999.9,0,0
66.0205,36.5295,33.4638,-3.13193,2.80435,0.126869,0.355784,NONE,999.9,0,0
66.0245,36.5295,33.4638,-3.13193,2.80435,0.126869,0.355784,NONE,999.9,0,0
66.0298,36.5015,33.4635,-3.13059,2.80826,0.123802,0.347668,NONE,999.9,0,0
66.033,36.5015,33.4635,-3.13059,2.80826,0.123802,0.347668,NONE,999.9,0,0
66.0361,36.5015,33.4635,-3.13059,2.80826,0.123802,0.347668,NONE,999.9,0,0
66.0405,36.4734,33.4631,-3.12942,2.81198,0.127239,0.357794,NONE,999.9,0,0
66.0443,36.4734,33.4631,-3.12942,2.81198,0.127239,0.357794,NONE,999.9,0,0
66.0493,36.4452,33.4627,-3.12808,2.81552,0.124203,0.349695,NONE,999.9,0,0
66.0521,36.4452,33.4627,-3.12808,2.81552,0.124203,0.349695,NONE,999.9,0,0
66.0571,36.4452,33.4627,-3.12808,2.81552,0.124203,0.349695,NONE,999.9,0,0
66.0631,36.4171,33.4623,-3.1269,2.81889,0.127649,0.35983,NONE,999.9,0,0
66.0655,36.4171,33.4623,-3.1269,2.81889,0.127649,0.35983,NONE,999.9,0,0
66.0695,36.3889,33.4618,-3.12556,2.8221,0.124615,0.351675,NONE,999.9,0,0
66.0724,36.3889,33.4618,-3.12556,2.8221,0.124615,0.351675,NONE,999.9,0,0
66.0784,36.3889,33.4618,-3.12556,2.8221,0.124615,0.351675,NONE,999.9,0,0
66.0841,36.3606,33.4613,-3.12438,2.82516,0.128054,0.361772,NONE,999.9,0,0
66.0859,36.3606,33.4613,-3.12438,2.82516,0.128054,0.361772,NONE,999.9,0,0
66.0902,36.3324,33.4607,-3.12303,2.82808,0.125009,0.353536,NONE,999.9,0,0
66.093,36.3324,33.4607,-3.12303,2.82808,0.125009,0.353536,NONE,999.9,0,0
66.0971,36.3324,33.4607,-3.12303,2.82808,0.125009,0.353536,NONE,999.9,0,0
66.1049,36.3041,33.4601,-3.12184,2.83086,0.128434,0.363577,NONE,999.9,0,0
66.1076,36.3041,33.4601,-3.12184,2.83086,0.128434,0.363577,NONE,999.9,0,0
66.1112,36.2757,33.4595,-3.1205,2.8419,0.124121,0.35274,NONE,999.9,0,0
66.1139,36.2757,33.4595,-3.1205,2.8419,0.124121,0.35274,NONE,999.9,0,0
66.1176,36.2757,33.4595,-3.1205,2.8419,0.124121,0.35274,NONE,999.9,0,0
66.124,36.2473,33.4589,-3.11933,2.85242,0.126597,0.361107,NONE,999.9,0,0
66.1273,36.2473,33.4589,-3.11933,2.85242,0.126597,0.361107,NONE,999.9,0,0
66.1303,36.2187,33.4582,-3.118,2.86243,0.123363,0.353118,NONE,999.9,0,0
66.1326,36.2187,33.4582,-3.118,2.86243,0.123363,0.353118,NONE,999.9,0,0
66.136,36.2187,33.4582,-3.118,2.86243,0.123363,0.353118,NONE,999.9,0,0
66.1404,36.19,33.4574,-3.11683,2.87198,0.12653,0.36339,NONE,999.9,0,0
66.1445,36.19,33.4574,-3.11683,2.87198,0.12653,0.36339,NONE,999.9,0,0
66.1494,36.1613,33.4566,-3.1155,2.88106,0.123738,0.356498,NONE,999.9,0,0
66.1528,36.1613,33.4566,-3.1155,2.88106,0.123738,0.356498,NONE,999.9,0,0
66.1581,36.1613,33.4566,-3.1155,2.88106,0.123738,0.356498,NONE,999.9,0,0
66.1619,36.1324,33.4558,-3.11432,2.88972,0.127172,0.367492,NONE,999.9,0,0
66.1642,36.1324,33.4558,-3.11432,2.88972,0.127172,0.367492,NONE,999.9,0,0
66.1699,36.1035,33.455,-3.11298,2.89796,0.124542,0.360917,NONE,999.9,0,0
66.1729,36.1035,33.455,-3.11298,2.89796,0.124542,0.360917,NONE,999.9,0,0
66.1766,36.1035,33.455,-3.11298,2.89796,0.124542,0.360917,NONE,999.9,0,0
66.1813,36.0745,33.4541,-3.1118,2.90581,0.128058,0.372111,NONE,999.9,0,0
66.1844,36.0745,33.4541,-3.1118,2.90581,0.128058,0.372111,NONE,999.9,0,0
66.1897,36.0454,33.4532,-3.11045,2.91329,0.125466,0.365518,NONE,999.9,0,0
66.1921,36.0454,33.4532,-3.11045,2.91329,0.125466,0.365518,NONE,999.9,0,0
66.1963,36.0454,33.4532,-3.11045,2.91329,0.125466,0.365518,NONE,999.9,0,0
66.2,36.0163,33.4522,-3.10926,2.92042,0.128986,0.376692,NONE,999.9,0,0
66.2044,36.0163,33.4522,-3.10926,2.92042,0.128986,0.376692,NONE,999.9,0,0
66.2103,35.9871,33.4512,-3.1079,2.9272,0.126383,0.369948,NONE,999.9,0,0
66.2125,35.9871,33.4512,-3.1079,2.9272,0.126383,0.369948,NONE,999.9,0,0
66.2165,35.9871,33.4512,-3.1079,2.9272,0.126383,0.369948,NONE,999.9,0,0
66.2213,35.9578,33.4502,-3.10671,2.93366,0.129877,0.381014,NONE,999.9,0,0
66.2241,35.9578,33.4502,-3.10671,2.93366,0.129877,0.381014,NONE,999.9,0,0
66.2295,35.9284,33.4491,-3.10534,2.93982,0.127245,0.374077,NONE,999.9,0,0
66.232,35.9284,33.4491,-3.10534,2.93982,0.127245,0.374077,NONE,999.9,0,0
66.236,35.9284,33.4491,-3.10534,2.93982,0.127245,0.374077,NONE,999.9,0,0
66.2406,35.899,33.448,-3.10413,2.94568,0.130703,0.385009,NONE,999.9,0,0
66.2444,35.899,33.448,-3.10413,2.94568,0.130703,0.385009,NONE,999.9,0,0
66.2497,35.8696,33.4468,-3.10275,2.95126,0.128037,0.377872,NONE,999.9,0,0
66.2526,35.8696,33.4468,-3.10275,2.95126,0.128037,0.377872,NONE,999.9,0,0
66.2567,35.8696,33.4468,-3.10275,2.95126,0.128037,0.377872,NONE,999.9,0,0
66.2629,35.84,33.4456,-3.10154,2.95658,0.131458,0.388666,NONE,999.9,0,0
66.2653,35.84,33.4456,-3.10154,2.95658,0.131458,0.388666,NONE,999.9,0,0
66.2691,35.8105,33.4444,-3.10015,2.96164,0.128759,0.381339,NONE,999.9,0,0
66.2721,35.8105,33.4444,-3.10015,2.96164,0.128759,0.381339,NONE,999.9,0,0
66.2767,35.8105,33.4444,-3.10015,2.96164,0.128759,0.381339,NONE,999.9,0,0
66.2802,35.7809,33.4431,-3.09923,2.96647,0.0437212,0.129698,NONE,999.9,0,0
66.285,35.7809,33.4431,-3.09923,2.96647,0.0437212,0.129698,NONE,999.9,0,0
66.2894,35.7512,33.4419,-3.09917,2.97106,-0.00994434,-0.0295453,NONE,999.9,0,0
66.2924,35.7512,33.4419,-3.09917,2.97106,-0.00994434,-0.0295453,NONE,999.9,0,0
66.2966,35.7512,33.4419,-3.09917,2.97106,-0.00994434,-0.0295453,NONE,999.9,0,0
66.3014,35.7215,33.4407,-3.09941,2.97544,-0.052143,-0.155148,NONE,999.9,0,0
66.304,35.7215,33.4407,-3.09941,2.97544,-0.052143,-0.155148,NONE,999.9,0,0
66.3096,35.6917,33.4396,-3.10014,2.97961,-0.0760519,-0.226605,NONE,999.9,0,0
66.3128,35.6917,33.4396,-3.10014,2.97961,-0.0760519,-0.226605,NONE,999.9,0,0
66.317,35.6917,33.4396,-3.10014,2.97961,-0.0760519,-0.226605,NONE,999.9,0,0
66.3216,35.6619,33.4385,-3.10093,2.99153,-0.0965267,-0.288762,NONE,999.9,0,0
66.3244,35.6619,33.4385,-3.10093,2.99153,-0.0965267,-0.288762,NONE,999.9,0,0
66.3306,35.632,33.4373,-3.10202,3.00288,-0.105752,-0.317559,NONE,999.9,0,0
66.3323,35.632,33.4373,-3.10202,3.00288,-0.105752,-0.317559,NONE,999.9,0,0
66.3365,35.632,33.4373,-3.10202,3.00288,-0.105752,-0.317559,NONE,999.9,0,0
66.3411,35.6019,33.4362,-3.10276,3.01369,-0.0307318,-0.0926161,NONE,999.9,0,0
66.3447,35.6019,33.4362,-3.10276,3.01369,-0.0307318,-0.0926161,NONE,999.9,0,0
66.3496,35.5717,33.435,-3.10274,3.02399,0.016969,0.0513141,NONE,999.9,0,0
66.3524,35.5717,33.435,-3.10274,3.02399,0.016969,0.0513141,NONE,999.9,0,0
66.3566,35.5717,33.435,-3.10274,3.02399,0.016969,0.0513141,NONE,999.9,0,0
66.3611,35.5415,33.4338,-3.10245,3.0338,0.0553278,0.167853,NONE,999.9,0,0
66.3641,35.5415,33.4338,-3.10245,3.0338,0.0553278,0.167853,NONE,999.9,0,0
66.3695,35.5111,33.4326,-3.10169,3.04314,0.077275,0.235159,NONE,999.9,0,0
66.3725,35.5111,33.4326,-3.10169,3.04314,0.077275,0.235159,NONE,999.9,0,0
66.3772,35.5111,33.4326,-3.10169,3.04314,0.077275,0.235159,NONE,999.9,0,0
66.382,35.4807,33.4313,-3.1009,3.05204,0.0975526,0.297734,NONE,999.9,0,0
66.3841,35.4807,33.4313,-3.1009,3.05204,0.0975526,0.297734,NONE,999.9,0,0
66.3893,35.4501,33.43,-3.09979,3.06051,0.106824,0.326937,NONE,999.9,0,0
66.392,35.4501,33.43,-3.09979,3.06051,0.106824,0.326937,NONE,999.9,0,0
66.3958,35.4501,33.43,-3.09979,3.06051,0.106824,0.326937,NONE,999.9,0,0
66.4003,35.4195,33.4286,-3.09874,3.07174,0.117689,0.36151,NONE,999.9,0,0
66.4041,35.4195,33.4286,-3.09874,3.07174,0.117689,0.36151,NONE,999.9,0,0
66.4097,35.3887,33.4272,-3.09747,3.08244,0.120535,0.371542,NONE,999.9,0,0
66.4123,35.3887,33.4272,-3.09747,3.08244,0.120535,0.371542,NONE,999.9,0,0
66.4161,35.3887,33.4272,-3.09747,3.08244,0.120535,0.371542,NONE,999.9,0,0
66.4202,35.3579,33.4258,-3.09661,3.09263,0.0406461,0.125703,NONE,999.9,0,0
66.4248,35.3579,33.4258,-3.09661,3.09263,0.0406461,0.125703,NONE,999.9,0,0
66.4294,35.327,33.4245,-3.09655,3.10233,-0.0108919,-0.0337903,NONE,999.9,0,0
66.432,35.327,33.4245,-3.09655,3.10233,-0.0108919,-0.0337903,NONE,999.9,0,0
66.4358,35.327,33.4245,-3.09655,3.10233,-0.0108919,-0.0337903,NONE,999.9,0,0
66.4409,35.2959,33.4231,-3.0968,3.11157,-0.052017,-0.161855,NONE,999.9,0,0
66.4449,35.2959,33.4231,-3.0968,3.11157,-0.052017,-0.161855,NONE,999.9,0,0
66.4501,35.2648,33.4218,-3.09753,3.12037,-0.0761104,-0.237493,NONE,999.9,0,0
66.4519,35.2648,33.4218,-3.09753,3.12037,-0.0761104,-0.237493,NONE,999.9,0,0
66.4561,35.2648,33.4218,-3.09753,3.12037,-0.0761104,-0.237493,NONE,999.9,0,0
66.4601,35.2336,33.4205,-3.09832,3.12876,-0.0978289,-0.306083,NONE,999.9,0,0
66.4642,35.2336,33.4205,-3.09832,3.12876,-0.0978289,-0.306083,NONE,999.9,0,0
66.469,35.2023,33.4193,-3.09944,3.13674,-0.108227,-0.339479,NONE,999.9,0,0
66.4724,35.2023,33.4193,-3.09944,3.13674,-0.108227,-0.339479,NONE,999.9,0,0
66.4764,35.2023,33.4193,-3.09944,3.13674,-0.108227,-0.339479,NONE,999.9,0,0
66.4801,35.1709,33.418,-3.1005,3.14435,-0.120297,-0.378256,NONE,999.9,0,0
66.4842,35.1709,33.418,-3.1005,3.14435,-0.120297,-0.378256,NONE,999.9,0,0
66.4889,35.1394,33.4168,-3.10181,3.15159,-0.123918,-0.390538,NONE,999.9,0,0
66.4921,35.1394,33.4168,-3.10181,3.15159,-0.123918,-0.390538,NONE,999.9,0,0
66.4969,35.1394,33.4168,-3.10181,3.15159,-0.123918,-0.390538,NONE,999.9,0,0
66.5005,35.1079,33.4156,-3.103,3.15849,-0.131239,-0.414518,NONE,999.9,0,0
66.5046,35.1079,33.4156,-3.103,3.15849,-0.131239,-0.414518,NONE,999.9,0,0
66.5102,35.0763,33.4145,-3.1044,3.16506,-0.131546,-0.416352,NONE,999.9,0,0
66.5128,35.0763,33.4145,-3.1044,3.16506,-0.131546,-0.416352,NONE,999.9,0,0
66.5163,35.0763,33.4145,-3.1044,3.16506,-0.131546,-0.416352,NONE,999.9,0,0
66.5203,35.0446,33.4134,-3.10566,3.17132,-0.136563,-0.433083,NONE,999.9,0,0
66.5288,35.0446,33.4134,-3.10566,3.17132,-0.136563,-0.433083,NONE,999.9,0,0
66.5315,35.0129,33.4123,-3.1071,3.17728,-0.135275,-0.429808,NONE,999.9,0,0
66.5332,35.0129,33.4123,-3.1071,3.17728,-0.135275,-0.429808,NONE,999.9,0,0
66.5365,35.0129,33.4123,-3.1071,3.17728,-0.135275,-0.429808,NONE,999.9,0,0
66.5408,34.9811,33.4113,-3.10839,3.18296,-0.139193,-0.443046,NONE,999.9,0,0
66.5442,34.9811,33.4113,-3.10839,3.18296,-0.139193,-0.443046,NONE,999.9,0,0
66.5491,34.9493,33.4103,-3.10986,3.18836,-0.137156,-0.437303,NONE,999.9,0,0
66.5519,34.9493,33.4103,-3.10986,3.18836,-0.137156,-0.437303,NONE,999.9,0,0
66.5564,34.9493,33.4103,-3.10986,3.18836,-0.137156,-0.437303,NONE,999.9,0,0
66.5632,34.9174,33.4093,-3.11116,3.19351,-0.140563,-0.448891,NONE,999.9,0,0
66.5656,34.9174,33.4093,-3.11116,3.19351,-0.140563,-0.448891,NONE,999.9,0,0
66.5704,34.8855,33.4084,-3.11264,3.19842,-0.138183,-0.441968,NONE,999.9,0,0
66.578,34.8855,33.4084,-3.11264,3.19842,-0.138183,-0.441968,NONE,999.9,0,0
66.5823,34.8535,33.4075,-3.11395,3.20309,-0.141361,-0.452792,NONE,999.9,0,0
66.5847,34.8535,33.4075,-3.11395,3.20309,-0.141361,-0.452792,NONE,999.9,0,0
66.5896,34.8214,33.4066,-3.11544,3.20754,-0.138829,-0.445301,NONE,999.9,0,0
66.5926,34.8214,33.4066,-3.11544,3.20754,-0.138829,-0.445301,NONE,999.9,0,0
66.5967,34.8214,33.4066,-3.11544,3.20754,-0.138829,-0.445301,NONE,999.9,0,0
66.6024,34.7893,33.4058,-3.11676,3.21178,-0.141907,-0.455775,NONE,999.9,0,0
66.6051,34.7893,33.4058,-3.11676,3.21178,-0.141907,-0.455775,NONE,999.9,0,0
66.61,34.7572,33.405,-3.11825,3.21582,-0.139312,-0.448001,NONE,999.9,0,0
66.6126,34.7572,33.405,-3.11825,3.21582,-0.139312,-0.448001,NONE,999.9,0,0
66.6167,34.7572,33.405,-3.11825,3.21582,-0.139312,-0.448001,NONE,999.9,0,0
66.6203,34.725,33.4043,-3.11957,3.21966,-0.142348,-0.458311,NONE,999.9,0,0
66.6242,34.725,33.4043,-3.11957,3.21966,-0.142348,-0.458311,NONE,999.9,0,0
66.63,34.6928,33.4036,-3.12107,3.22332,-0.139725,-0.450379,NONE,999.9,0,0
66.6324,34.6928,33.4036,-3.12107,3.22332,-0.139725,-0.450379,NONE,999.9,0,0
66.637,34.6928,33.4036,-3.12107,3.22332,-0.139725,-0.450379,NONE,999.9,0,0
66.6439,34.6606,33.403,-3.1224,3.22681,-0.142742,-0.460602,NONE,999.9,0,0
66.6471,34.6606,33.403,-3.1224,3.22681,-0.142742,-0.460602,NONE,999.9,0,0
66.6503,34.6283,33.4024,-3.12389,3.23013,-0.140107,-0.452566,NONE,999.9,0,0
66.6525,34.6283,33.4024,-3.12389,3.23013,-0.140107,-0.452566,NONE,999.9,0,0
66.6564,34.6283,33.4024,-3.12389,3.23013,-0.140107,-0.452566,NONE,999.9,0,0
66.6612,34.596,33.4018,-3.12523,3.2333,-0.143114,-0.462731,NONE,999.9,0,0
66.6646,34.596,33.4018,-3.12523,3.2333,-0.143114,-0.462731,NONE,999.9,0,0
66.6698,34.5636,33.4013,-3.12672,3.24408,-0.138903,-0.450613,NONE,999.9,0,0
66.6726,34.5636,33.4013,-3.12672,3.24408,-0.138903,-0.450613,NONE,999.9,0,0
66.6766,34.5636,33.4013,-3.12672,3.24408,-0.138903,-0.450613,NONE,999.9,0,0
66.6806,34.5311,33.4008,-3.12774,3.25435,-0.0535585,-0.174298,NONE,999.9,0,0
66.6844,34.5311,33.4008,-3.12774,3.25435,-0.0535585,-0.174298,NONE,999.9,0,0
66.6887,34.4985,33.4003,-3.12789,3.26413,0.00287402,0.00938118,NONE,999.9,0,0
66.6925,34.4985,33.4003,-3.12789,3.26413,0.00287402,0.00938118,NONE,999.9,0,0
66.6965,34.4985,33.4003,-3.12789,3.26413,0.00287402,0.00938118,NONE,999.9,0,0
66.701,34.4658,33.3997,-3.12771,3.27345,0.047722,0.156216,NONE,999.9,0,0
66.7041,34.4658,33.3997,-3.12771,3.27345,0.047722,0.156216,NONE,999.9,0,0
66.7097,34.4331,33.3991,-3.127,3.28233,0.0750023,0.246182,NONE,999.9,0,0
66.7122,34.4331,33.3991,-3.127,3.28233,0.0750023,0.246182,NONE,999.9,0,0
66.7167,34.4331,33.3991,-3.127,3.28233,0.0750023,0.246182,NONE,999.9,0,0
66.7208,34.4002,33.3985,-3.12621,3.29078,0.0989103,0.325492,NONE,999.9,0,0
66.7265,34.4002,33.3985,-3.12621,3.29078,0.0989103,0.325492,NONE,999.9,0,0
66.7329,34.3673,33.3979,-3.12507,3.29883,0.111189,0.366794,NONE,999.9,0,0
66.7363,34.3673,33.3979,-3.12507,3.29883,0.111189,0.366794,NONE,999.9,0,0
66.7401,34.3342,33.3972,-3.12398,3.31242,0.123529,0.409179,NONE,999.9,0,0
66.7426,34.3342,33.3972,-3.12398,3.31242,0.123529,0.409179,NONE,999.9,0,0
66.7469,34.3342,33.3972,-3.12398,3.31242,0.123529,0.409179,NONE,999.9,0,0
66.7511,34.301,33.3965,-3.12264,3.32536,0.127786,0.424934,NONE,999.9,0,0
66.7534,34.301,33.3965,-3.12264,3.32536,0.127786,0.424934,NONE,999.9,0,0
66.7561,34.301,33.3965,-3.12264,3.32536,0.127786,0.424934,NONE,999.9,0,0
66.7623,34.2677,33.3958,-3.1217,3.33768,0.0485644,0.162093,NONE,999.9,0,0
66.7657,34.2677,33.3958,-3.1217,3.33768,0.0485644,0.162093,NONE,999.9,0,0
66.7694,34.2343,33.3952,-3.12157,3.34942,-0.00451328,-0.0151169,NONE,999.9,0,0
66.7724,34.2343,33.3952,-3.12157,3.34942,-0.00451328,-0.0151169,NONE,999.9,0,0
66.7767,34.2343,33.3952,-3.12157,3.34942,-0.00451328,-0.0151169,NONE,999.9,0,0
66.7803,34.2008,33.3946,-3.12176,3.36061,-0.0474394,-0.159425,NONE,999.9,0,0
66.784,34.2008,33.3946,-3.12176,3.36061,-0.0474394,-0.159425,NONE,999.9,0,0
66.7892,34.1671,33.394,-3.12245,3.37894,-0.0729819,-0.246601,NONE,999.9,0,0
66.7924,34.1671,33.394,-3.12245,3.37894,-0.0729819,-0.246601,NONE,999.9,0,0
66.7964,34.1671,33.394,-3.12245,3.37894,-0.0729819,-0.246601,NONE,999.9,0,0
66.8005,34.1332,33.3934,-3.12322,3.3964,-0.0957437,-0.325183,NONE,999.9,0,0
66.8041,34.1332,33.3934,-3.12322,3.3964,-0.0957437,-0.325183,NONE,999.9,0,0
66.81,34.0991,33.3929,-3.12432,3.41303,-0.107976,-0.368525,NONE,999.9,0,0
66.8128,34.0991,33.3929,-3.12432,3.41303,-0.107976,-0.368525,NONE,999.9,0,0
66.8161,34.0991,33.3929,-3.12432,3.41303,-0.107976,-0.368525,NONE,999.9,0,0
66.8202,34.0649,33.3923,-3.12539,3.42886,-0.121069,-0.415128,NONE,999.9,0,0
66.8249,34.0649,33.3923,-3.12539,3.42886,-0.121069,-0.415128,NONE,999.9,0,0
66.8298,34.0306,33.3919,-3.12671,3.44395,-0.126294,-0.434951,NONE,999.9,0,0
66.8323,34.0306,33.3919,-3.12671,3.44395,-0.126294,-0.434951,NONE,999.9,0,0
66.836,34.0306,33.3919,-3.12671,3.44395,-0.126294,-0.434951,NONE,999.9,0,0
66.8404,33.9961,33.3914,-3.12793,3.45832,-0.13433,-0.464557,NONE,999.9,0,0
66.8442,33.9961,33.3914,-3.12793,3.45832,-0.13433,-0.464557,NONE,999.9,0,0
66.849,33.9614,33.391,-3.12937,3.472,-0.135918,-0.471908,NONE,999.9,0,0
66.852,33.9614,33.391,-3.12937,3.472,-0.135918,-0.471908,NONE,999.9,0,0
66.8569,33.9614,33.391,-3.12937,3.472,-0.135918,-0.471908,NONE,999.9,0,0
66.8612,33.9266,33.3906,-3.13038,3.48504,-0.0546588,-0.190488,NONE,999.9,0,0
66.8642,33.9266,33.3906,-3.13038,3.48504,-0.0546588,-0.190488,NONE,999.9,0,0
66.8689,33.8917,33.3902,-3.13055,3.49745,0.0007576,0.00264967,NONE,999.9,0,0
66.8719,33.8917,33.3902,-3.13055,3.49745,0.0007576,0.00264967,NONE,999.9,0,0
66.8762,33.8917,33.3902,-3.13055,3.49745,0.0007576,0.00264967,NONE,999.9,0,0
66.8801,33.8567,33.3897,-3.13039,3.50928,0.0456089,0.160054,NONE,999.9,0,0
66.8846,33.8567,33.3897,-3.13039,3.50928,0.0456089,0.160054,NONE,999.9,0,0
66.8904,33.8216,33.3892,-3.1297,3.52054,0.07407,0.260766,NONE,999.9,0,0
66.8928,33.8216,33.3892,-3.1297,3.52054,0.07407,0.260766,NONE,999.9,0,0
66.8965,33.8216,33.3892,-3.1297,3.52054,0.07407,0.260766,NONE,999.9,0,0
66.9002,33.7863,33.3887,-3.12891,3.53126,0.099021,0.349669,NONE,999.9,0,0
66.904,33.7863,33.3887,-3.12891,3.53126,0.099021,0.349669,NONE,999.9,0,0
66.909,33.7509,33.3881,-3.12777,3.54148,0.112831,0.399589,NONE,999.9,0,0
66.912,33.7509,33.3881,-3.12777,3.54148,0.112831,0.399589,NONE,999.9,0,0
66.9162,33.7509,33.3881,-3.12777,3.54148,0.112831,0.399589,NONE,999.9,0,0
66.9208,33.7155,33.3875,-3.12665,3.55121,0.127034,0.451126,NONE,999.9,0,0
66.9243,33.7155,33.3875,-3.12665,3.55121,0.127034,0.451126,NONE,999.9,0,0
66.9295,33.6799,33.3869,-3.12526,3.56048,0.132988,0.473499,NONE,999.9,0,0
66.9319,33.6799,33.3869,-3.12526,3.56048,0.132988,0.473499,NONE,999.9,0,0
66.9358,33.6799,33.3869,-3.12526,3.56048,0.132988,0.473499,NONE,999.9,0,0
66.9406,33.6443,33.3862,-3.12397,3.56931,0.141474,0.504966,NONE,999.9,0,0
66.9442,33.6443,33.3862,-3.12397,3.56931,0.141474,0.504966,NONE,999.9,0,0
66.9487,33.6086,33.3855,-3.12246,3.57771,0.143286,0.512635,NONE,999.9,0,0
66.9523,33.6086,33.3855,-3.12246,3.57771,0.143286,0.512635,NONE,999.9,0,0
66.9562,33.6086,33.3855,-3.12246,3.57771,0.143286,0.512635,NONE,999.9,0,0
66.9605,33.5728,33.3848,-3.12108,3.58572,0.148791,0.533523,NONE,999.9,0,0
66.9642,33.5728,33.3848,-3.12108,3.58572,0.148791,0.533523,NONE,999.9,0,0
66.9689,33.5369,33.384,-3.11951,3.59335,0.148467,0.533495,NONE,999.9,0,0
66.9726,33.5369,33.384,-3.11951,3.59335,0.148467,0.533495,NONE,999.9,0,0
66.9761,33.5369,33.384,-3.11951,3.59335,0.148467,0.533495,NONE,999.9,0,0
66.98,33.5009,33.3832,-3.1184,3.60061,0.0632232,0.227642,NONE,999.9,0,0
66.9843,33.5009,33.3832,-3.1184,3.60061,0.0632232,0.227642,NONE,999.9,0,0
66.99,33.4649,33.3825,-3.11815,3.60753,0.00448767,0.0161894,NONE,999.9,0,0
66.992,33.4649,33.3825,-3.11815,3.60753,0.00448767,0.0161894,NONE,999.9,0,0
66.9964,33.4649,33.3825,-3.11815,3.60753,0.00448767,0.0161894,NONE,999.9,0,0
67.0003,33.4288,33.3817,-3.11828,3.61412,-0.0430806,-0.155699,NONE,999.9,0,0
67.0041,33.4288,33.3817,-3.11828,3.61412,-0.0430806,-0.155699,NONE,999.9,0,0
67.0093,33.3926,33.381,-3.11895,3.6204,-0.0737007,-0.266826,NONE,999.9,0,0
67.0119,33.3926,33.381,-3.11895,3.6204,-0.0737007,-0.266826,NONE,999.9,0,0
67.0162,33.3926,33.381,-3.11895,3.6204,-0.0737007,-0.266826,NONE,999.9,0,0
67.0204,33.3564,33.3803,-3.11975,3.62638,-0.100346,-0.363893,NONE,999.9,0,0
67.0242,33.3564,33.3803,-3.11975,3.62638,-0.100346,-0.363893,NONE,999.9,0,0
67.0312,33.3201,33.3797,-3.12091,3.63934,-0.114609,-0.4171,NONE,999.9,0,0
67.0328,33.3201,33.3797,-3.12091,3.63934,-0.114609,-0.4171,NONE,999.9,0,0
67.0359,33.3201,33.3797,-3.12091,3.63934,-0.114609,-0.4171,NONE,999.9,0,0
67.0405,33.2836,33.379,-3.12205,3.65169,-0.128989,-0.471026,NONE,999.9,0,0
67.0444,33.2836,33.379,-3.12205,3.65169,-0.128989,-0.471026,NONE,999.9,0,0
67.0508,33.247,33.3784,-3.12345,3.66345,-0.13527,-0.495553,NONE,999.9,0,0
67.0556,33.247,33.3784,-3.12345,3.66345,-0.13527,-0.495553,NONE,999.9,0,0
67.0581,33.247,33.3784,-3.12345,3.66345,-0.13527,-0.495553,NONE,999.9,0,0
67.0619,33.2104,33.3778,-3.12477,3.6728,-0.144153,-0.529447,NONE,999.9,0,0
67.0658,33.2104,33.3778,-3.12477,3.6728,-0.144153,-0.529447,NONE,999.9,0,0
67.0687,33.1736,33.3773,-3.1263,3.68172,-0.146379,-0.538925,NONE,999.9,0,0
67.0722,33.1736,33.3773,-3.1263,3.68172,-0.146379,-0.538925,NONE,999.9,0,0
67.0765,33.1736,33.3773,-3.1263,3.68172,-0.146379,-0.538925,NONE,999.9,0,0
67.0806,33.1367,33.3768,-3.12772,3.69021,-0.152037,-0.561048,NONE,999.9,0,0
67.0842,33.1367,33.3768,-3.12772,3.69021,-0.152037,-0.561048,NONE,999.9,0,0
67.0894,33.0998,33.3763,-3.12932,3.69829,-0.151941,-0.561922,NONE,999.9,0,0
67.092,33.0998,33.3763,-3.12932,3.69829,-0.151941,-0.561922,NONE,999.9,0,0
67.0962,33.0998,33.3763,-3.12932,3.69829,-0.151941,-0.561922,NONE,999.9,0,0
67.1,33.0628,33.3759,-3.13078,3.70599,-0.155945,-0.577932,NONE,999.9,0,0
67.1039,33.0628,33.3759,-3.13078,3.70599,-0.155945,-0.577932,NONE,999.9,0,0
67.109,33.0257,33.3755,-3.13241,3.71333,-0.154679,-0.574375,NONE,999.9,0,0
67.1121,33.0257,33.3755,-3.13241,3.71333,-0.154679,-0.574375,NONE,999.9,0,0
67.1161,33.0257,33.3755,-3.13241,3.71333,-0.154679,-0.574375,NONE,999.9,0,0
67.1203,32.9885,33.3751,-3.13389,3.72031,-0.157869,-0.587323,NONE,999.9,0,0
67.1241,32.9885,33.3751,-3.13389,3.72031,-0.157869,-0.587323,NONE,999.9,0,0
67.129,32.9513,33.3749,-3.13554,3.72696,-0.156042,-0.581562,NONE,999.9,0,0
67.1319,32.9513,33.3749,-3.13554,3.72696,-0.156042,-0.581562,NONE,999.9,0,0
67.136,32.9513,33.3749,-3.13554,3.72696,-0.156042,-0.581562,NONE,999.9,0,0
67.1403,32.914,33.3746,-3.13704,3.7333,-0.158854,-0.59305,NONE,999.9,0,0
67.1445,32.914,33.3746,-3.13704,3.7333,-0.158854,-0.59305,NONE,999.9,0,0
67.1494,32.8766,33.3744,-3.1387,3.73934,-0.156776,-0.586238,NONE,999.9,0,0
67.152,32.8766,33.3744,-3.1387,3.73934,-0.156776,-0.586238,NONE,999.9,0,0
67.1559,32.8766,33.3744,-3.1387,3.73934,-0.156776,-0.586238,NONE,999.9,0,0
67.1601,32.8392,33.3743,-3.1402,3.74509,-0.15943,-0.597077,NONE,999.9,0,0
67.1639,32.8392,33.3743,-3.1402,3.74509,-0.15943,-0.597077,NONE,999.9,0,0
67.1688,32.8017,33.3742,3.14132,3.75056,-0.157253,-0.589788,NONE,999.9,0,0
67.1721,32.8017,33.3742,3.14132,3.75056,-0.157253,-0.589788,NONE,999.9,0,0
67.1765,32.8017,33.3742,3.14132,3.75056,-0.157253,-0.589788,NONE,999.9,0,0
67.1813,32.7642,33.3741,3.13982,3.75578,-0.159852,-0.600369,NONE,999.9,0,0
67.1844,32.7642,33.3741,3.13982,3.75578,-0.159852,-0.600369,NONE,999.9,0,0
67.1893,32.7266,33.3742,3.13815,3.76074,-0.157647,-0.592871,NONE,999.9,0,0
67.1918,32.7266,33.3742,3.13815,3.76074,-0.157647,-0.592871,NONE,999.9,0,0
67.1959,32.7266,33.3742,3.13815,3.76074,-0.157647,-0.592871,NONE,999.9,0,0
67.2001,32.689,33.3742,3.13664,3.76547,-0.160236,-0.603365,NONE,999.9,0,0
67.2038,32.689,33.3742,3.13664,3.76547,-0.160236,-0.603365,NONE,999.9,0,0
67.2093,32.6513,33.3743,3.13497,3.76998,-0.15803,-0.59577,NONE,999.9,0,0
67.2123,32.6513,33.3743,3.13497,3.76998,-0.15803,-0.59577,NONE,999.9,0,0
67.216,32.6513,33.3743,3.13497,3.76998,-0.15803,-0.59577,NONE,999.9,0,0
67.2202,32.6136,33.3745,3.13361,3.77427,-0.115226,-0.434893,NONE,999.9,0,0
67.2242,32.6136,33.3745,3.13361,3.77427,-0.115226,-0.434893,NONE,999.9,0,0
67.2289,32.5758,33.3747,3.13278,3.78436,-0.0383427,-0.145103,NONE,999.9,0,0
67.2319,32.5758,33.3747,3.13278,3.78436,-0.0383427,-0.145103,NONE,999.9,0,0
67.2359,32.5758,33.3747,3.13278,3.78436,-0.0383427,-0.145103,NONE,999.9,0,0
67.2404,32.5379,33.3748,3.13276,3.79397,0.0150248,0.0570035,NONE,999.9,0,0
67.2447,32.5379,33.3748,3.13276,3.79397,0.0150248,0.0570035,NONE,999.9,0,0
67.2494,32.4999,33.375,3.13276,3.80312,-0.0302232,-0.114943,NONE,999.9,0,0
67.2531,32.4999,33.375,3.13276,3.80312,-0.0302232,-0.114943,NONE,999.9,0,0
67.2565,32.4999,33.375,3.13276,3.80312,-0.0302232,-0.114943,NONE,999.9,0,0
67.2604,32.4618,33.3752,3.13221,3.81184,-0.0606859,-0.231325,NONE,999.9,0,0
67.264,32.4618,33.3752,3.13221,3.81184,-0.0606859,-0.231325,NONE,999.9,0,0
67.2691,32.4237,33.3755,3.13154,3.82014,-0.0879623,-0.336029,NONE,999.9,0,0
67.2721,32.4237,33.3755,3.13154,3.82014,-0.0879623,-0.336029,NONE,999.9,0,0
67.2768,32.4237,33.3755,3.13154,3.82014,-0.0879623,-0.336029,NONE,999.9,0,0
67.2804,32.3854,33.3759,3.1305,3.82805,-0.104619,-0.400486,NONE,999.9,0,0
67.2845,32.3854,33.3759,3.1305,3.82805,-0.104619,-0.400486,NONE,999.9,0,0
67.2912,32.3471,33.3762,3.12944,3.83558,-0.121319,-0.465328,NONE,999.9,0,0
67.2928,32.3471,33.3762,3.12944,3.83558,-0.121319,-0.465328,NONE,999.9,0,0
67.296,32.3471,33.3762,3.12944,3.83558,-0.121319,-0.465328,NONE,999.9,0,0
67.3003,32.3087,33.3767,3.1281,3.84275,-0.129889,-0.49913,NONE,999.9,0,0
67.3044,32.3087,33.3767,3.1281,3.84275,-0.129889,-0.49913,NONE,999.9,0,0
67.3095,32.2703,33.3772,3.12683,3.84959,-0.140426,-0.540583,NONE,999.9,0,0
67.3121,32.2703,33.3772,3.12683,3.84959,-0.140426,-0.540583,NONE,999.9,0,0
67.3159,32.2703,33.3772,3.12683,3.84959,-0.140426,-0.540583,NONE,999.9,0,0
67.3201,32.2317,33.3777,3.12532,3.85609,-0.144309,-0.55647,NONE,999.9,0,0
67.3243,32.2317,33.3777,3.12532,3.85609,-0.144309,-0.55647,NONE,999.9,0,0
67.3289,32.1932,33.3783,3.12393,3.86229,-0.151296,-0.58435,NONE,999.9,0,0
67.3323,32.1932,33.3783,3.12393,3.86229,-0.151296,-0.58435,NONE,999.9,0,0
67.3363,32.1932,33.3783,3.12393,3.86229,-0.151296,-0.58435,NONE,999.9,0,0
67.3402,32.1545,33.379,3.12233,3.8682,-0.152494,-0.589877,NONE,999.9,0,0
67.3441,32.1545,33.379,3.12233,3.8682,-0.152494,-0.589877,NONE,999.9,0,0
67.3492,32.1158,33.3796,3.12117,3.87152,-0.0667196,-0.258306,NONE,999.9,0,0
67.3519,32.1158,33.3796,3.12117,3.87152,-0.0667196,-0.258306,NONE,999.9,0,0
67.3559,32.1158,33.3796,3.12117,3.87152,-0.0667196,-0.258306,NONE,999.9,0,0
67.3599,32.0771,33.3803,3.1209,3.87468,-0.00625553,-0.0242382,NONE,999.9,0,0
67.3643,32.0771,33.3803,3.1209,3.87468,-0.00625553,-0.0242382,NONE,999.9,0,0
67.3702,32.0383,33.3809,3.12101,3.87769,0.0432042,0.167532,NONE,999.9,0,0
67.3722,32.0383,33.3809,3.12101,3.87769,0.0432042,0.167532,NONE,999.9,0,0
67.3764,32.0383,33.3809,3.12101,3.87769,0.0432042,0.167532,NONE,999.9,0,0
67.38,31.9995,33.3815,3.1217,3.88056,0.0760149,0.29498,NONE,999.9,0,0
67.3841,31.9995,33.3815,3.1217,3.88056,0.0760149,0.29498,NONE,999.9,0,0
67.3893,31.9607,33.3821,3.12253,3.88329,0.104476,0.40571,NONE,999.9,0,0
67.3923,31.9607,33.3821,3.12253,3.88329,0.104476,0.40571,NONE,999.9,0,0
67.3964,31.9607,33.3821,3.12253,3.88329,0.104476,0.40571,NONE,999.9,0,0
67.4003,31.9219,33.3827,3.12374,3.88589,0.121388,0.471701,NONE,999.9,0,0
67.4044,31.9219,33.3827,3.12374,3.88589,0.121388,0.471701,NONE,999.9,0,0
67.4094,31.883,33.3832,3.12496,3.88837,0.137854,0.536027,NONE,999.9,0,0
67.412,31.883,33.3832,3.12496,3.88837,0.137854,0.536027,NONE,999.9,0,0
67.4164,31.883,33.3832,3.12496,3.88837,0.137854,0.536027,NONE,999.9,0,0
67.42,31.8441,33.3837,3.12646,3.89073,0.145749,0.567071,NONE,999.9,0,0
67.4258,31.8441,33.3837,3.12646,3.89073,0.145749,0.567071,NONE,999.9,0,0
67.4305,31.8052,33.3842,3.12789,3.89298,0.155468,0.605233,NONE,999.9,0,0
67.4323,31.8052,33.3842,3.12789,3.89298,0.155468,0.605233,NONE,999.9,0,0
67.4367,31.8052,33.3842,3.12789,3.89298,0.155468,0.605233,NONE,999.9,0,0
67.4409,31.7663,33.3847,3.12954,3.89512,0.158338,0.616745,NONE,999.9,0,0
67.4443,31.7663,33.3847,3.12954,3.89512,0.158338,0.616745,NONE,999.9,0,0
67.4493,31.7273,33.3851,3.13107,3.89716,0.164337,0.640447,NONE,999.9,0,0
67.4519,31.7273,33.3851,3.13107,3.89716,0.164337,0.640447,NONE,999.9,0,0
67.4563,31.7273,33.3851,3.13107,3.89716,0.164337,0.640447,NONE,999.9,0,0
67.461,31.6883,33.3855,3.1328,3.8991,0.164471,0.641291,NONE,999.9,0,0
67.4642,31.6883,33.3855,3.1328,3.8991,0.164471,0.641291,NONE,999.9,0,0
67.4696,31.6493,33.3858,3.13438,3.90095,0.168476,0.657216,NONE,999.9,0,0
67.4722,31.6493,33.3858,3.13438,3.90095,0.168476,0.657216,NONE,999.9,0,0
67.4763,31.6493,33.3858,3.13438,3.90095,0.168476,0.657216,NONE,999.9,0,0
67.48,31.6103,33.3861,3.13615,3.90272,0.167169,0.652413,NONE,999.9,0,0
67.4841,31.6103,33.3861,3.13615,3.90272,0.167169,0.652413,NONE,999.9,0,0
67.4894,31.5713,33.3863,3.13775,3.90439,0.170145,0.664314,NONE,999.9,0,0
67.4928,31.5713,33.3863,3.13775,3.90439,0.170145,0.664314,NONE,999.9,0,0
67.496,31.5713,33.3863,3.13775,3.90439,0.170145,0.664314,NONE,999.9,0,0
67.5001,31.5322,33.3865,3.13952,3.91034,0.167017,0.653093,NONE,999.9,0,0
67.5041,31.5322,33.3865,3.13952,3.91034,0.167017,0.653093,NONE,999.9,0,0
67.5104,31.4931,33.3866,3.14111,3.91601,0.168634,0.660373,NONE,999.9,0,0
67.5123,31.4931,33.3866,3.14111,3.91601,0.168634,0.660373,NONE,999.9,0,0
67.5158,31.4931,33.3866,3.14111,3.91601,0.168634,0.660373,NONE,999.9,0,0
67.5201,31.4539,33.3867,-3.14032,3.92141,0.16581,0.650207,NONE,999.9,0,0
67.5243,31.4539,33.3867,-3.14032,3.92141,0.16581,0.650207,NONE,999.9,0,0
67.5297,31.4147,33.3868,-3.13904,3.92655,0.0769206,0.302033,NONE,999.9,0,0
67.5322,31.4147,33.3868,-3.13904,3.92655,0.0769206,0.302033,NONE,999.9,0,0
67.5363,31.4147,33.3868,-3.13904,3.92655,0.0769206,0.302033,NONE,999.9,0,0
67.5401,31.3754,33.3868,-3.13869,3.93145,0.013742,0.0540258,NONE,999.9,0,0
67.5443,31.3754,33.3868,-3.13869,3.93145,0.013742,0.0540258,NONE,999.9,0,0
67.549,31.336,33.3869,-3.13873,3.93611,-0.0378398,-0.148942,NONE,999.9,0,0
67.5523,31.336,33.3869,-3.13873,3.93611,-0.0378398,-0.148942,NONE,999.9,0,0
67.5565,31.336,33.3869,-3.13873,3.93611,-0.0378398,-0.148942,NONE,999.9,0,0
67.5604,31.2966,33.387,-3.13938,3.94055,-0.0724661,-0.285556,NONE,999.9,0,0
67.5645,31.2966,33.387,-3.13938,3.94055,-0.0724661,-0.285556,NONE,999.9,0,0
67.5688,31.2572,33.3871,-3.14018,3.94478,-0.102265,-0.403414,NONE,999.9,0,0
67.5719,31.2572,33.3871,-3.14018,3.94478,-0.102265,-0.403414,NONE,999.9,0,0
67.5761,31.2572,33.3871,-3.14018,3.94478,-0.102265,-0.403414,NONE,999.9,0,0
67.5801,31.2177,33.3873,-3.14138,3.94881,-0.120326,-0.475146,NONE,999.9,0,0
67.584,31.2177,33.3873,-3.14138,3.94881,-0.120326,-0.475146,NONE,999.9,0,0
67.5888,31.1782,33.3874,3.1406,3.95265,-0.137577,-0.543794,NONE,999.9,0,0
67.5921,31.1782,33.3874,3.1406,3.95265,-0.137577,-0.543794,NONE,999.9,0,0
67.5969,31.1782,33.3874,3.1406,3.95265,-0.137577,-0.543794,NONE,999.9,0,0
67.6004,31.1387,33.3876,3.13909,3.95631,-0.146169,-0.578291,NONE,999.9,0,0
67.604,31.1387,33.3876,3.13909,3.95631,-0.146169,-0.578291,NONE,999.9,0,0
67.6093,31.0991,33.3878,3.13766,3.95979,-0.156311,-0.618957,NONE,999.9,0,0
67.6119,31.0991,33.3878,3.13766,3.95979,-0.156311,-0.618957,NONE,999.9,0,0
67.616,31.0991,33.3878,3.13766,3.95979,-0.156311,-0.618957,NONE,999.9,0,0
67.62,31.0595,33.3881,3.136,3.96311,-0.159591,-0.632478,NONE,999.9,0,0
67.6246,31.0595,33.3881,3.136,3.96311,-0.159591,-0.632478,NONE,999.9,0,0
67.6294,31.0199,33.3883,3.13445,3.96626,-0.165791,-0.65757,NONE,999.9,0,0
67.6321,31.0199,33.3883,3.13445,3.96626,-0.165791,-0.65757,NONE,999.9,0,0
67.6361,31.0199,33.3883,3.13445,3.96626,-0.165791,-0.65757,NONE,999.9,0,0
67.6401,30.9802,33.3887,3.13271,3.96927,-0.166165,-0.659553,NONE,999.9,0,0
67.6442,30.9802,33.3887,3.13271,3.96927,-0.166165,-0.659553,NONE,999.9,0,0
67.6489,30.9405,33.389,3.13111,3.97214,-0.170241,-0.67622,NONE,999.9,0,0
67.6519,30.9405,33.389,3.13111,3.97214,-0.170241,-0.67622,NONE,999.9,0,0
67.6566,30.9405,33.389,3.13111,3.97214,-0.170241,-0.67622,NONE,999.9,0,0
67.6605,30.901,33.3895,3.12924,3.91648,-0.182637,-0.715295,NONE,999.9,0,0
67.664,30.901,33.3895,3.12924,3.91648,-0.182637,-0.715295,NONE,999.9,0,0
67.6687,30.8621,33.3899,3.12745,3.87141,-0.194713,-0.753814,NONE,999.9,0,0
67.6721,30.8621,33.3899,3.12745,3.87141,-0.194713,-0.753814,NONE,999.9,0,0
67.6763,30.8621,33.3899,3.12745,3.87141,-0.194713,-0.753814,NONE,999.9,0,0
67.6801,30.8236,33.3904,3.12539,3.83491,-0.196021,-0.751723,NONE,999.9,0,0
67.6841,30.8236,33.3904,3.12539,3.83491,-0.196021,-0.751723,NONE,999.9,0,0
67.6893,30.7854,33.391,3.12351,3.80536,-0.19989,-0.760654,NONE,999.9,0,0
67.692,30.7854,33.391,3.12351,3.80536,-0.19989,-0.760654,NONE,999.9,0,0
67.6965,30.7854,33.391,3.12351,3.80536,-0.19989,-0.760654,NONE,999.9,0,0
67.7007,30.7474,33.3916,3.12144,3.78142,-0.195865,-0.74065,NONE,999.9,0,0
67.7039,30.7474,33.3916,3.12144,3.78142,-0.195865,-0.74065,NONE,999.9,0,0
67.7094,30.7097,33.3922,3.11957,3.76204,-0.196045,-0.73753,NONE,999.9,0,0
67.712,30.7097,33.3922,3.11957,3.76204,-0.196045,-0.73753,NONE,999.9,0,0
67.716,30.7097,33.3922,3.11957,3.76204,-0.196045,-0.73753,NONE,999.9,0,0
67.7205,30.6722,33.393,3.11755,3.74635,-0.18999,-0.711767,NONE,999.9,0,0
67.7248,30.6722,33.393,3.11755,3.74635,-0.18999,-0.711767,NONE,999.9,0,0
67.7292,30.6348,33.3937,3.11575,3.73364,-0.189,-0.705658,NONE,999.9,0,0
67.732,30.6348,33.3937,3.11575,3.73364,-0.189,-0.705658,NONE,999.9,0,0
67.7367,30.6348,33.3937,3.11575,3.73364,-0.189,-0.705658,NONE,999.9,0,0
67.7421,30.5975,33.3946,3.1138,3.72334,-0.182654,-0.680085,NONE,999.9,0,0
67.7441,30.5975,33.3946,3.1138,3.72334,-0.182654,-0.680085,NONE,999.9,0,0
67.749,30.5603,33.3955,3.11207,3.71501,-0.181747,-0.675193,NONE,999.9,0,0
67.7524,30.5603,33.3955,3.11207,3.71501,-0.181747,-0.675193,NONE,999.9,0,0
67.7561,30.5603,33.3955,3.11207,3.71501,-0.181747,-0.675193,NONE,999.9,0,0
67.7603,30.5232,33.3965,3.11019,3.70826,-0.175889,-0.652242,NONE,999.9,0,0
67.7647,30.5232,33.3965,3.11019,3.70826,-0.175889,-0.652242,NONE,999.9,0,0
67.769,30.4862,33.3975,3.10852,3.70279,-0.175567,-0.650087,NONE,999.9,0,0
67.7719,30.4862,33.3975,3.10852,3.70279,-0.175567,-0.650087,NONE,999.9,0,0
67.7762,30.4862,33.3975,3.10852,3.70279,-0.175567,-0.650087,NONE,999.9,0,0
67.78,30.4492,33.3986,3.10671,3.69837,-0.170436,-0.630336,NONE,999.9,0,0
67.7842,30.4492,33.3986,3.10671,3.69837,-0.170436,-0.630336,NONE,999.9,0,0
67.7894,30.4122,33.3998,3.1051,3.70028,-0.168912,-0.625023,NONE,999.9,0,0
67.7919,30.4122,33.3998,3.1051,3.70028,-0.168912,-0.625023,NONE,999.9,0,0
67.7963,30.4122,33.3998,3.1051,3.70028,-0.168912,-0.625023,NONE,999.9,0,0
67.8002,30.3752,33.401,3.10335,3.70211,-0.163574,-0.605568,NONE,999.9,0,0
67.8039,30.3752,33.401,3.10335,3.70211,-0.163574,-0.605568,NONE,999.9,0,0
67.8092,30.3382,33.4023,3.10211,3.70385,-0.0723965,-0.268145,NONE,999.9,0,0
67.8118,30.3382,33.4023,3.10211,3.70385,-0.0723965,-0.268145,NONE,999.9,0,0
67.8168,30.3382,33.4023,3.10211,3.70385,-0.0723965,-0.268145,NONE,999.9,0,0
67.8205,30.3012,33.4035,3.1018,3.7055,-0.0091367,-0.0338561,NONE,999.9,0,0
67.8241,30.3012,33.4035,3.1018,3.7055,-0.0091367,-0.0338561,NONE,999.9,0,0
67.8286,30.2642,33.4047,3.10189,3.70708,0.0418721,0.155223,NONE,999.9,0,0
67.8321,30.2642,33.4047,3.10189,3.70708,0.0418721,0.155223,NONE,999.9,0,0
67.8359,30.2642,33.4047,3.10189,3.70708,0.0418721,0.155223,NONE,999.9,0,0
67.8402,30.2271,33.406,3.10257,3.70858,0.0750354,0.278275,NONE,999.9,0,0
67.8446,30.2271,33.406,3.10257,3.70858,0.0750354,0.278275,NONE,999.9,0,0
67.8498,30.19,33.4072,3.10339,3.71001,0.103553,0.384185,NONE,999.9,0,0
67.8521,30.19,33.4072,3.10339,3.71001,0.103553,0.384185,NONE,999.9,0,0
67.8561,30.19,33.4072,3.10339,3.71001,0.103553,0.384185,NONE,999.9,0,0
67.86,30.153,33.4084,3.10459,3.71137,0.119959,0.445212,NONE,999.9,0,0
67.8639,30.153,33.4084,3.10459,3.71137,0.119959,0.445212,NONE,999.9,0,0
67.8688,30.1159,33.4096,3.10579,3.71267,0.136033,0.505046,NONE,999.9,0,0
67.8719,30.1159,33.4096,3.10579,3.71267,0.136033,0.505046,NONE,999.9,0,0
67.8761,30.1159,33.4096,3.10579,3.71267,0.136033,0.505046,NONE,999.9,0,0
67.8806,30.0787,33.4108,3.10728,3.71391,0.143234,0.531957,NONE,999.9,0,0
67.8844,30.0787,33.4108,3.10728,3.71391,0.143234,0.531957,NONE,999.9,0,0
67.8892,30.0416,33.4119,3.10867,3.71508,0.15253,0.566662,NONE,999.9,0,0
67.892,30.0416,33.4119,3.10867,3.71508,0.15253,0.566662,NONE,999.9,0,0
67.8964,30.0416,33.4119,3.10867,3.71508,0.15253,0.566662,NONE,999.9,0,0
67.9001,30.0045,33.413,3.1103,3.71621,0.154766,0.575141,NONE,999.9,0,0
67.904,30.0045,33.413,3.1103,3.71621,0.154766,0.575141,NONE,999.9,0,0
67.9092,29.9673,33.4141,3.11179,3.71727,0.160448,0.59643,NONE,999.9,0,0
67.912,29.9673,33.4141,3.11179,3.71727,0.160448,0.59643,NONE,999.9,0,0
67.9165,29.9673,33.4141,3.11179,3.71727,0.160448,0.59643,NONE,999.9,0,0
67.9201,29.9302,33.4151,3.11348,3.71829,0.160073,0.595197,NONE,999.9,0,0
67.924,29.9302,33.4151,3.11348,3.71829,0.160073,0.595197,NONE,999.9,0,0
67.9288,29.893,33.4162,3.11501,3.71926,0.163887,0.609537,NONE,999.9,0,0
67.9319,29.893,33.4162,3.11501,3.71926,0.163887,0.609537,NONE,999.9,0,0
67.9361,29.893,33.4162,3.11501,3.71926,0.163887,0.609537,NONE,999.9,0,0
67.9407,29.8563,33.4171,3.11687,3.62416,0.18224,0.660466,NONE,999.9,0,0
67.9442,29.8563,33.4171,3.11687,3.62416,0.18224,0.660466,NONE,999.9,0,0
67.9492,29.8205,33.418,3.11868,3.52906,0.203398,0.717803,NONE,999.9,0,0
67.9522,29.8205,33.418,3.11868,3.52906,0.203398,0.717803,NONE,999.9,0,0
67.9565,29.8205,33.418,3.11868,3.52906,0.203398,0.717803,NONE,999.9,0,0
67.9601,29.7857,33.4188,3.12088,3.43396,0.211709,0.727002,NONE,999.9,0,0
67.9639,29.7857,33.4188,3.12088,3.43396,0.211709,0.727002,NONE,999.9,0,0
67.9688,29.7519,33.4196,3.12251,3.33886,0.0974297,0.325304,NONE,999.9,0,0
67.9721,29.7519,33.4196,3.12251,3.33886,0.0974297,0.325304,NONE,999.9,0,0
67.9765,29.7519,33.4196,3.12251,3.33886,0.0974297,0.325304,NONE,999.9,0,0
67.9806,29.7189,33.4204,3.12299,3.26104,0.0259261,0.084546,NONE,999.9,0,0
67.9842,29.7189,33.4204,3.12299,3.26104,0.0259261,0.084546,NONE,999.9,0,0
67.9889,29.6866,33.4212,3.12306,3.19803,-0.0313098,-0.10013,NONE,999.9,0,0
67.992,29.6866,33.4212,3.12306,3.19803,-0.0313098,-0.10013,NONE,999.9,0,0
67.996,29.6866,33.4212,3.12306,3.19803,-0.0313098,-0.10013,NONE,999.9,0,0
68.0004,29.6549,33.4221,3.12246,3.147,-0.0648581,-0.204108,NONE,999.9,0,0
68.004,29.6549,33.4221,3.12246,3.147,-0.0648581,-0.204108,NONE,999.9,0,0
68.0101,29.6236,33.4229,3.12175,3.10567,-0.094845,-0.294558,NONE,999.9,0,0
68.0129,29.6236,33.4229,3.12175,3.10567,-0.094845,-0.294558,NONE,999.9,0,0
68.0162,29.6236,33.4229,3.12175,3.10567,-0.094845,-0.294558,NONE,999.9,0,0
68.0199,29.5927,33.4237,3.12063,3.07221,-0.109269,-0.335697,NONE,999.9,0,0
68.0239,29.5927,33.4237,3.12063,3.07221,-0.109269,-0.335697,NONE,999.9,0,0
68.0291,29.5622,33.4245,3.11955,3.04511,-0.124987,-0.380599,NONE,999.9,0,0
68.0319,29.5622,33.4245,3.11955,3.04511,-0.124987,-0.380599,NONE,999.9,0,0
68.036,29.5622,33.4245,3.11955,3.04511,-0.124987,-0.380599,NONE,999.9,0,0
68.0404,29.5318,33.4254,3.11818,3.02316,-0.129381,-0.39114,NONE,999.9,0,0
68.0452,29.5318,33.4254,3.11818,3.02316,-0.129381,-0.39114,NONE,999.9,0,0
68.05,29.5017,33.4262,3.11694,3.00539,-0.137655,-0.413709,NONE,999.9,0,0
68.0522,29.5017,33.4262,3.11694,3.00539,-0.137655,-0.413709,NONE,999.9,0,0
68.0559,29.5017,33.4262,3.11694,3.00539,-0.137655,-0.413709,NONE,999.9,0,0
68.0602,29.4717,33.4271,3.11547,2.991,-0.137002,-0.409773,NONE,999.9,0,0
68.0639,29.4717,33.4271,3.11547,2.991,-0.137002,-0.409773,NONE,999.9,0,0
68.0693,29.4419,33.428,3.11417,2.97935,-0.141639,-0.421992,NONE,999.9,0,0
68.0726,29.4419,33.428,3.11417,2.97935,-0.141639,-0.421992,NONE,999.9,0,0
68.0768,29.4419,33.428,3.11417,2.97935,-0.141639,-0.421992,NONE,999.9,0,0
68.0803,29.4122,33.4289,3.11268,2.96991,-0.138683,-0.411875,NONE,999.9,0,0
68.0839,29.4122,33.4289,3.11268,2.96991,-0.138683,-0.411875,NONE,999.9,0,0
68.0891,29.3825,33.4298,3.11136,2.96227,-0.14174,-0.419873,NONE,999.9,0,0
68.0924,29.3825,33.4298,3.11136,2.96227,-0.14174,-0.419873,NONE,999.9,0,0
68.0961,29.3825,33.4298,3.11136,2.96227,-0.14174,-0.419873,NONE,999.9,0,0
68.1,29.3529,33.4308,3.10988,2.95608,-0.137909,-0.40767,NONE,999.9,0,0
68.1044,29.3529,33.4308,3.10988,2.95608,-0.137909,-0.40767,NONE,999.9,0,0
68.1106,29.3234,33.4318,3.10857,2.95107,-0.140423,-0.414398,NONE,999.9,0,0
68.1131,29.3234,33.4318,3.10857,2.95107,-0.140423,-0.414398,NONE,999.9,0,0
68.1162,29.3234,33.4318,3.10857,2.95107,-0.140423,-0.414398,NONE,999.9,0,0
68.1202,29.294,33.4328,3.1071,2.94701,-0.136394,-0.401954,NONE,999.9,0,0
68.1239,29.294,33.4328,3.1071,2.94701,-0.136394,-0.401954,NONE,999.9,0,0
68.1292,29.2645,33.4339,3.10581,2.94372,-0.138834,-0.40869,NONE,999.9,0,0
68.1319,29.2645,33.4339,3.10581,2.94372,-0.138834,-0.40869,NONE,999.9,0,0
68.136,29.2645,33.4339,3.10581,2.94372,-0.138834,-0.40869,NONE,999.9,0,0
68.1408,29.2351,33.435,3.10436,2.94106,-0.134884,-0.396704,NONE,999.9,0,0
68.1442,29.2351,33.435,3.10436,2.94106,-0.134884,-0.396704,NONE,999.9,0,0
68.1494,29.2057,33.4362,3.10308,2.93891,-0.13743,-0.403894,NONE,999.9,0,0
68.1522,29.2057,33.4362,3.10308,2.93891,-0.13743,-0.403894,NONE,999.9,0,0
68.1559,29.2057,33.4362,3.10308,2.93891,-0.13743,-0.403894,NONE,999.9,0,0
68.1602,29.1764,33.4374,3.10164,2.93716,-0.133644,-0.392533,NONE,999.9,0,0
68.1639,29.1764,33.4374,3.10164,2.93716,-0.133644,-0.392533,NONE,999.9,0,0
68.1692,29.147,33.4386,3.10053,2.93575,-0.0909845,-0.267108,NONE,999.9,0,0
68.1724,29.147,33.4386,3.10053,2.93575,-0.0909845,-0.267108,NONE,999.9,0,0
68.1763,29.147,33.4386,3.10053,2.93575,-0.0909845,-0.267108,NONE,999.9,0,0
68.1802,29.1177,33.4397,3.09993,2.9372,-0.0167781,-0.0492808,NONE,999.9,0,0
68.1841,29.1177,33.4397,3.09993,2.9372,-0.0167781,-0.0492808,NONE,999.9,0,0
68.1888,29.0883,33.4409,3.10009,2.93859,0.0289153,0.0849699,NONE,999.9,0,0
68.1919,29.0883,33.4409,3.10009,2.93859,0.0289153,0.0849699,NONE,999.9,0,0
68.1961,29.0883,33.4409,3.10009,2.93859,0.0289153,0.0849699,NONE,999.9,0,0
68.2006,29.059,33.442,3.10049,2.9399,0.06553,0.192652,NONE,999.9,0,0
68.2044,29.059,33.442,3.10049,2.9399,0.06553,0.192652,NONE,999.9,0,0
68.2092,29.0296,33.4431,3.10134,2.94116,0.0852562,0.250752,NONE,999.9,0,0
68.212,29.0296,33.4431,3.10134,2.94116,0.0852562,0.250752,NONE,999.9,0,0
68.2161,29.0296,33.4431,3.10134,2.94116,0.0852562,0.250752,NONE,999.9,0,0
68.22,29.0002,33.4442,3.1022,2.94236,0.103962,0.305894,NONE,999.9,0,0
68.224,29.0002,33.4442,3.1022,2.94236,0.103962,0.305894,NONE,999.9,0,0
68.2287,28.9708,33.4452,3.10337,2.94349,0.111364,0.327799,NONE,999.9,0,0
68.2321,28.9708,33.4452,3.10337,2.94349,0.111364,0.327799,NONE,999.9,0,0
68.2365,28.9708,33.4452,3.10337,2.94349,0.111364,0.327799,NONE,999.9,0,0
68.24,28.9416,33.4463,3.10447,2.90311,0.127717,0.370775,NONE,999.9,0,0
68.2442,28.9416,33.4463,3.10447,2.90311,0.127717,0.370775,NONE,999.9,0,0
68.2536,28.9127,33.4472,3.10585,2.88106,0.129532,0.373188,NONE,999.9,0,0
68.2561,28.9127,33.4472,3.10585,2.88106,0.129532,0.373188,NONE,999.9,0,0
68.2599,28.884,33.4482,3.10692,2.86321,0.0876217,0.250879,NONE,999.9,0,0
68.2646,28.884,33.4482,3.10692,2.86321,0.0876217,0.250879,NONE,999.9,0,0
68.2695,28.8554,33.4491,3.10781,2.84875,0.106839,0.304357,NONE,999.9,0,0
68.2721,28.8554,33.4491,3.10781,2.84875,0.106839,0.304357,NONE,999.9,0,0
68.2762,28.8554,33.4491,3.10781,2.84875,0.106839,0.304357,NONE,999.9,0,0
68.28,28.827,33.45,3.109,2.83705,0.11327,0.321353,NONE,999.9,0,0
68.2844,28.827,33.45,3.109,2.83705,0.11327,0.321353,NONE,999.9,0,0
68.2888,28.7987,33.4509,3.1101,2.82756,0.122935,0.347606,NONE,999.9,0,0
68.2918,28.7987,33.4509,3.1101,2.82756,0.122935,0.347606,NONE,999.9,0,0
68.2961,28.7987,33.4509,3.1101,2.82756,0.122935,0.347606,NONE,999.9,0,0
68.3005,28.7705,33.4517,3.11142,2.81989,0.123207,0.347429,NONE,999.9,0,0
68.3041,28.7705,33.4517,3.11142,2.81989,0.123207,0.347429,NONE,999.9,0,0
68.3096,28.7423,33.4525,3.11259,2.81367,0.128785,0.362359,NONE,999.9,0,0
68.312,28.7423,33.4525,3.11259,2.81367,0.128785,0.362359,NONE,999.9,0,0
68.3159,28.7423,33.4525,3.11259,2.81367,0.128785,0.362359,NONE,999.9,0,0
68.32,28.7142,33.4533,3.11395,2.80864,0.12651,0.355319,NONE,999.9,0,0
68.3239,28.7142,33.4533,3.11395,2.80864,0.12651,0.355319,NONE,999.9,0,0
68.329,28.6861,33.454,3.11515,2.80456,0.130432,0.365806,NONE,999.9,0,0
68.3321,28.6861,33.454,3.11515,2.80456,0.130432,0.365806,NONE,999.9,0,0
68.3361,28.6861,33.454,3.11515,2.80456,0.130432,0.365806,NONE,999.9,0,0
68.3403,28.6581,33.4547,3.11653,2.80126,0.127189,0.356289,NONE,999.9,0,0
68.3445,28.6581,33.4547,3.11653,2.80126,0.127189,0.356289,NONE,999.9,0,0
68.3504,28.6301,33.4553,3.11773,2.79858,0.130507,0.365235,NONE,999.9,0,0
68.3526,28.6301,33.4553,3.11773,2.79858,0.130507,0.365235,NONE,999.9,0,0
68.3563,28.6301,33.4553,3.11773,2.79858,0.130507,0.365235,NONE,999.9,0,0
68.3602,28.6022,33.4559,3.1191,2.79642,0.126958,0.355027,NONE,999.9,0,0
68.3646,28.6022,33.4559,3.1191,2.79642,0.126958,0.355027,NONE,999.9,0,0
68.3689,28.5742,33.4565,3.1203,2.79467,0.130103,0.363596,NONE,999.9,0,0
68.3721,28.5742,33.4565,3.1203,2.79467,0.130103,0.363596,NONE,999.9,0,0
68.3763,28.5742,33.4565,3.1203,2.79467,0.130103,0.363596,NONE,999.9,0,0
68.3801,28.5463,33.457,3.12167,2.79325,0.126505,0.35336,NONE,999.9,0,0
68.384,28.5463,33.457,3.12167,2.79325,0.126505,0.35336,NONE,999.9,0,0
68.3894,28.5184,33.4575,3.12287,2.7921,0.129641,0.36197,NONE,999.9,0,0
68.3921,28.5184,33.4575,3.12287,2.7921,0.129641,0.36197,NONE,999.9,0,0
68.3966,28.5184,33.4575,3.12287,2.7921,0.129641,0.36197,NONE,999.9,0,0
68.4002,28.4904,33.458,3.12423,2.79116,0.12608,0.35191,NONE,999.9,0,0
68.4039,28.4904,33.458,3.12423,2.79116,0.12608,0.35191,NONE,999.9,0,0
68.41,28.4625,33.4584,3.12542,2.79041,0.129255,0.360675,NONE,999.9,0,0
68.4118,28.4625,33.4584,3.12542,2.79041,0.129255,0.360675,NONE,999.9,0,0
68.4164,28.4625,33.4584,3.12542,2.79041,0.129255,0.360675,NONE,999.9,0,0
68.4202,28.4346,33.4588,3.12678,2.7898,0.125749,0.350815,NONE,999.9,0,0
68.4242,28.4346,33.4588,3.12678,2.7898,0.125749,0.350815,NONE,999.9,0,0
68.4294,28.4068,33.4592,3.12797,2.78931,0.12897,0.359737,NONE,999.9,0,0
68.4319,28.4068,33.4592,3.12797,2.78931,0.12897,0.359737,NONE,999.9,0,0
68.436,28.4068,33.4592,3.12797,2.78931,0.12897,0.359737,NONE,999.9,0,0
68.4403,28.3789,33.4595,3.12933,2.78891,0.125513,0.350045,NONE,999.9,0,0
68.4443,28.3789,33.4595,3.12933,2.78891,0.125513,0.350045,NONE,999.9,0,0
68.4502,28.351,33.4598,3.13051,2.78858,0.128773,0.359094,NONE,999.9,0,0
68.4519,28.351,33.4598,3.13051,2.78858,0.128773,0.359094,NONE,999.9,0,0
68.4562,28.351,33.4598,3.13051,2.78858,0.128773,0.359094,NONE,999.9,0,0
68.4606,28.3231,33.46,3.13187,2.78832,0.125354,0.349526,NONE,999.9,0,0
68.4641,28.3231,33.46,3.13187,2.78832,0.125354,0.349526,NONE,999.9,0,0
68.4688,28.2952,33.4602,3.13305,2.78811,0.128642,0.358667,NONE,999.9,0,0
68.472,28.2952,33.4602,3.13305,2.78811,0.128642,0.358667,NONE,999.9,0,0
68.4762,28.2952,33.4602,3.13305,2.78811,0.128642,0.358667,NONE,999.9,0,0
68.4802,28.2673,33.4604,3.13441,2.78793,0.125249,0.349186,NONE,999.9,0,0
68.484,28.2673,33.4604,3.13441,2.78793,0.125249,0.349186,NONE,999.9,0,0
68.4892,28.2395,33.4606,3.13529,2.78779,0.0388768,0.10838,NONE,999.9,0,0
68.4921,28.2395,33.4606,3.13529,2.78779,0.0388768,0.10838,NONE,999.9,0,0
68.4959,28.2395,33.4606,3.13529,2.78779,0.0388768,0.10838,NONE,999.9,0,0
68.5,28.2116,33.4608,3.13531,2.78768,-0.0137355,-0.0382901,NONE,999.9,0,0
68.5041,28.2116,33.4608,3.13531,2.78768,-0.0137355,-0.0382901,NONE,999.9,0,0
68.5091,28.1837,33.4611,3.13504,2.78759,-0.0547079,-0.152503,NONE,999.9,0,0
68.5118,28.1837,33.4611,3.13504,2.78759,-0.0547079,-0.152503,NONE,999.9,0,0
68.5169,28.1837,33.4611,3.13504,2.78759,-0.0547079,-0.152503,NONE,999.9,0,0
68.5205,28.1558,33.4613,3.13429,2.78752,-0.0765961,-0.213513,NONE,999.9,0,0
68.5243,28.1558,33.4613,3.13429,2.78752,-0.0765961,-0.213513,NONE,999.9,0,0
68.5289,28.1281,33.4616,3.13349,2.76141,-0.100336,-0.277069,NONE,999.9,0,0
68.5327,28.1281,33.4616,3.13349,2.76141,-0.100336,-0.277069,NONE,999.9,0,0
68.5361,28.1281,33.4616,3.13349,2.76141,-0.100336,-0.277069,NONE,999.9,0,0
68.54,28.1005,33.462,3.13237,2.76255,-0.106577,-0.294423,NONE,999.9,0,0
68.5441,28.1005,33.462,3.13237,2.76255,-0.106577,-0.294423,NONE,999.9,0,0
68.5495,28.0728,33.4623,3.13134,2.76363,-0.116259,-0.321298,NONE,999.9,0,0
68.5522,28.0728,33.4623,3.13134,2.76363,-0.116259,-0.321298,NONE,999.9,0,0
68.5565,28.0728,33.4623,3.13134,2.76363,-0.116259,-0.321298,NONE,999.9,0,0
68.5601,28.0452,33.4627,3.13009,2.76466,-0.117065,-0.323644,NONE,999.9,0,0
68.5641,28.0452,33.4627,3.13009,2.76466,-0.117065,-0.323644,NONE,999.9,0,0
68.5694,28.0176,33.4631,3.12897,2.76565,-0.123125,-0.34052,NONE,999.9,0,0
68.5719,28.0176,33.4631,3.12897,2.76565,-0.123125,-0.34052,NONE,999.9,0,0
68.5763,28.0176,33.4631,3.12897,2.76565,-0.123125,-0.34052,NONE,999.9,0,0
68.5804,27.9899,33.4635,3.12766,2.76658,-0.121527,-0.336213,NONE,999.9,0,0
68.5847,27.9899,33.4635,3.12766,2.76658,-0.121527,-0.336213,NONE,999.9,0,0
68.589,27.9622,33.464,3.12651,2.76748,-0.125998,-0.348696,NONE,999.9,0,0
68.5921,27.9622,33.464,3.12651,2.76748,-0.125998,-0.348696,NONE,999.9,0,0
68.5959,27.9622,33.464,3.12651,2.76748,-0.125998,-0.348696,NONE,999.9,0,0
68.6,27.9346,33.4645,3.12517,2.76832,-0.123357,-0.341493,NONE,999.9,0,0
68.6042,27.9346,33.4645,3.12517,2.76832,-0.123357,-0.341493,NONE,999.9,0,0
68.6098,27.9069,33.465,3.12401,2.76913,-0.127148,-0.35209,NONE,999.9,0,0
68.6124,27.9069,33.465,3.12401,2.76913,-0.127148,-0.35209,NONE,999.9,0,0
68.6165,27.9069,33.465,3.12401,2.76913,-0.127148,-0.35209,NONE,999.9,0,0
68.6203,27.8792,33.4656,3.12267,2.7699,-0.124068,-0.343658,NONE,999.9,0,0
68.6244,27.8792,33.4656,3.12267,2.7699,-0.124068,-0.343658,NONE,999.9,0,0
68.6289,27.8515,33.4662,3.1218,2.77064,-0.0382955,-0.106103,NONE,999.9,0,0
68.6321,27.8515,33.4662,3.1218,2.77064,-0.0382955,-0.106103,NONE,999.9,0,0
68.6362,27.8515,33.4662,3.1218,2.77064,-0.0382955,-0.106103,NONE,999.9,0,0
68.6401,27.8238,33.4667,3.12178,2.77134,0.0138369,0.0383467,NONE,999.9,0,0
68.6442,27.8238,33.4667,3.12178,2.77134,0.0138369,0.0383467,NONE,999.9,0,0
68.649,27.7961,33.4672,3.12205,2.772,0.0544594,0.150962,NONE,999.9,0,0
68.6522,27.7961,33.4672,3.12205,2.772,0.0544594,0.150962,NONE,999.9,0,0
68.656,27.7961,33.4672,3.12205,2.772,0.0544594,0.150962,NONE,999.9,0,0
68.6605,27.7683,33.4676,3.12279,2.77264,0.0760929,0.210978,NONE,999.9,0,0
68.6638,27.7683,33.4676,3.12279,2.77264,0.0760929,0.210978,NONE,999.9,0,0
68.6688,27.7406,33.4681,3.12357,2.77324,0.0961375,0.266613,NONE,999.9,0,0
68.672,27.7406,33.4681,3.12357,2.77324,0.0961375,0.266613,NONE,999.9,0,0
68.6761,27.7406,33.4681,3.12357,2.77324,0.0961375,0.266613,NONE,999.9,0,0
68.6805,27.7129,33.4685,3.12466,2.77382,0.103908,0.288223,NONE,999.9,0,0
68.6843,27.7129,33.4685,3.12466,2.77382,0.103908,0.288223,NONE,999.9,0,0
68.689,27.6852,33.4688,3.12567,2.77436,0.11463,0.318026,NONE,999.9,0,0
68.6919,27.6852,33.4688,3.12567,2.77436,0.11463,0.318026,NONE,999.9,0,0
68.6958,27.6852,33.4688,3.12567,2.77436,0.11463,0.318026,NONE,999.9,0,0
68.7004,27.6574,33.4692,3.12691,2.77489,0.116146,0.322291,NONE,999.9,0,0
68.7044,27.6574,33.4692,3.12691,2.77489,0.116146,0.322291,NONE,999.9,0,0
68.7088,27.6297,33.4695,3.12802,2.77538,0.122681,0.340486,NONE,999.9,0,0
68.7123,27.6297,33.4695,3.12802,2.77538,0.122681,0.340486,NONE,999.9,0,0
68.7161,27.6297,33.4695,3.12802,2.77538,0.122681,0.340486,NONE,999.9,0,0
68.7204,27.6019,33.4698,3.12933,2.77586,0.121404,0.337001,NONE,999.9,0,0
68.7242,27.6019,33.4698,3.12933,2.77586,0.121404,0.337001,NONE,999.9,0,0
68.7294,27.5741,33.4701,3.13048,2.77631,0.126085,0.35005,NONE,999.9,0,0
68.7322,27.5741,33.4701,3.13048,2.77631,0.126085,0.35005,NONE,999.9,0,0
68.736,27.5741,33.4701,3.13048,2.77631,0.126085,0.35005,NONE,999.9,0,0
68.7401,27.5464,33.4703,3.13182,2.77674,0.123583,0.343157,NONE,999.9,0,0
68.7446,27.5464,33.4703,3.13182,2.77674,0.123583,0.343157,NONE,999.9,0,0
68.7494,27.5186,33.4705,3.13268,2.77715,0.0380264,0.105605,NONE,999.9,0,0
68.7522,27.5186,33.4705,3.13268,2.77715,0.0380264,0.105605,NONE,999.9,0,0
68.7561,27.5186,33.4705,3.13268,2.77715,0.0380264,0.105605,NONE,999.9,0,0
68.7606,27.4908,33.4708,3.1327,2.77754,-0.0140148,-0.0389266,NONE,999.9,0,0
68.7641,27.4908,33.4708,3.1327,2.77754,-0.0140148,-0.0389266,NONE,999.9,0,0
68.7689,27.463,33.4711,3.13243,2.78434,-0.0536123,-0.149275,NONE,999.9,0,0
68.7719,27.463,33.4711,3.13243,2.78434,-0.0536123,-0.149275,NONE,999.9,0,0
68.7762,27.463,33.4711,3.13243,2.78434,-0.0536123,-0.149275,NONE,999.9,0,0
68.7802,27.4352,33.4714,3.1317,2.79081,-0.0749465,-0.209162,NONE,999.9,0,0
68.7842,27.4352,33.4714,3.1317,2.79081,-0.0749465,-0.209162,NONE,999.9,0,0
68.7887,27.4072,33.4718,3.13122,2.79698,-0.00738927,-0.0206677,NONE,999.9,0,0
68.7919,27.4072,33.4718,3.13122,2.79698,-0.00738927,-0.0206677,NONE,999.9,0,0
68.7959,27.4072,33.4718,3.13122,2.79698,-0.00738927,-0.0206677,NONE,999.9,0,0
68.8,27.3792,33.472,3.13145,2.80286,0.0331739,0.0929818,NONE,999.9,0,0
68.8039,27.3792,33.472,3.13145,2.80286,0.0331739,0.0929818,NONE,999.9,0,0
68.8101,27.3512,33.4723,3.13187,2.80846,0.0661554,0.185795,NONE,999.9,0,0
68.8122,27.3512,33.4723,3.13187,2.80846,0.0661554,0.185795,NONE,999.9,0,0
68.8164,27.3512,33.4723,3.13187,2.80846,0.0661554,0.185795,NONE,999.9,0,0
68.8203,27.3231,33.4725,3.13271,2.81379,0.0831896,0.234078,NONE,999.9,0,0
68.8244,27.3231,33.4725,3.13271,2.81379,0.0831896,0.234078,NONE,999.9,0,0
68.8288,27.2949,33.4727,3.13355,2.82306,0.0994669,0.280801,NONE,999.9,0,0
68.8322,27.2949,33.4727,3.13355,2.82306,0.0994669,0.280801,NONE,999.9,0,0
68.8359,27.2949,33.4727,3.13355,2.82306,0.0994669,0.280801,NONE,999.9,0,0
68.8404,27.2666,33.4728,3.13466,2.8319,0.105382,0.298432,NONE,999.9,0,0
68.8453,27.2666,33.4728,3.13466,2.8319,0.105382,0.298432,NONE,999.9,0,0
68.8495,27.2382,33.473,3.13568,2.84031,0.114737,0.325889,NONE,999.9,0,0
68.8526,27.2382,33.473,3.13568,2.84031,0.114737,0.325889,NONE,999.9,0,0
68.8565,27.2382,33.473,3.13568,2.84031,0.114737,0.325889,NONE,999.9,0,0
68.8601,27.2098,33.4731,3.13691,2.84833,0.115946,0.330252,NONE,999.9,0,0
68.8644,27.2098,33.4731,3.13691,2.84833,0.115946,0.330252,NONE,999.9,0,0
68.8693,27.1813,33.4731,3.13802,2.85596,0.122094,0.348696,NONE,999.9,0,0
68.8721,27.1813,33.4731,3.13802,2.85596,0.122094,0.348696,NONE,999.9,0,0
68.8763,27.1813,33.4731,3.13802,2.85596,0.122094,0.348696,NONE,999.9,0,0
68.8801,27.1527,33.4731,3.13932,2.86323,0.121127,0.346815,NONE,999.9,0,0
68.8839,27.1527,33.4731,3.13932,2.86323,0.121127,0.346815,NONE,999.9,0,0
68.8887,27.124,33.4731,3.14047,2.87016,0.125791,0.361042,NONE,999.9,0,0
68.8919,27.124,33.4731,3.14047,2.87016,0.125791,0.361042,NONE,999.9,0,0
68.8959,27.124,33.4731,3.14047,2.87016,0.125791,0.361042,NONE,999.9,0,0
68.9001,27.0953,33.4731,-3.14138,2.87675,0.12382,0.356199,NONE,999.9,0,0
68.9044,27.0953,33.4731,-3.14138,2.87675,0.12382,0.356199,NONE,999.9,0,0
68.91,27.0665,33.473,-3.1402,2.88304,0.127798,0.368445,NONE,999.9,0,0
68.9126,27.0665,33.473,-3.1402,2.88304,0.127798,0.368445,NONE,999.9,0,0
68.9162,27.0665,33.473,-3.1402,2.88304,0.127798,0.368445,NONE,999.9,0,0
68.9204,27.0376,33.4729,-3.13886,2.88902,0.125362,0.362173,NONE,999.9,0,0
68.9245,27.0376,33.4729,-3.13886,2.88902,0.125362,0.362173,NONE,999.9,0,0
68.929,27.0087,33.4728,-3.13767,2.89472,0.129019,0.373475,NONE,999.9,0,0
68.9324,27.0087,33.4728,-3.13767,2.89472,0.129019,0.373475,NONE,999.9,0,0
68.9364,27.0087,33.4728,-3.13767,2.89472,0.129019,0.373475,NONE,999.9,0,0
68.9405,26.9797,33.4726,-3.13631,2.90015,0.126367,0.366483,NONE,999.9,0,0
68.9442,26.9797,33.4726,-3.13631,2.90015,0.126367,0.366483,NONE,999.9,0,0
68.949,26.9507,33.4724,-3.13541,2.90532,0.0417868,0.121404,NONE,999.9,0,0
68.9518,26.9507,33.4724,-3.13541,2.90532,0.0417868,0.121404,NONE,999.9,0,0
68.9563,26.9507,33.4724,-3.13541,2.90532,0.0417868,0.121404,NONE,999.9,0,0
68.96,26.9216,33.4723,-3.13536,2.91024,-0.0110673,-0.0322086,NONE,999.9,0,0
68.964,26.9216,33.4723,-3.13536,2.91024,-0.0110673,-0.0322086,NONE,999.9,0,0
68.9693,26.8925,33.4722,-3.1356,2.91493,-0.0525473,-0.153172,NONE,999.9,0,0
68.972,26.8925,33.4722,-3.1356,2.91493,-0.0525473,-0.153172,NONE,999.9,0,0
68.9762,26.8925,33.4722,-3.1356,2.91493,-0.0525473,-0.153172,NONE,999.9,0,0
68.9805,26.8633,33.4721,-3.13634,2.9194,-0.0756975,-0.220991,NONE,999.9,0,0
68.984,26.8633,33.4721,-3.13634,2.9194,-0.0756975,-0.220991,NONE,999.9,0,0
68.9892,26.8341,33.472,-3.13712,2.92365,-0.0967273,-0.282797,NONE,999.9,0,0
68.9919,26.8341,33.472,-3.13712,2.92365,-0.0967273,-0.282797,NONE,999.9,0,0
68.996,26.8341,33.472,-3.13712,2.92365,-0.0967273,-0.282797,NONE,999.9,0,0
69.0002,26.8049,33.472,-3.13822,2.92771,-0.105824,-0.309822,NONE,999.9,0,0
69.0043,26.8049,33.472,-3.13822,2.92771,-0.105824,-0.309822,NONE,999.9,0,0
69.0091,26.7755,33.472,-3.13925,2.93943,-0.116049,-0.341117,NONE,999.9,0,0
69.012,26.7755,33.472,-3.13925,2.93943,-0.116049,-0.341117,NONE,999.9,0,0
69.0161,26.7755,33.472,-3.13925,2.93943,-0.116049,-0.341117,NONE,999.9,0,0
69.02,26.7461,33.472,-3.14051,2.95059,-0.118123,-0.348532,NONE,999.9,0,0
69.0247,26.7461,33.472,-3.14051,2.95059,-0.118123,-0.348532,NONE,999.9,0,0
69.0291,26.7165,33.472,-3.14135,2.96122,-0.0383942,-0.113694,NONE,999.9,0,0
69.0323,26.7165,33.472,-3.14135,2.96122,-0.0383942,-0.113694,NONE,999.9,0,0
69.0365,26.7165,33.472,-3.14135,2.96122,-0.0383942,-0.113694,NONE,999.9,0,0
69.0403,26.6868,33.472,-3.14138,2.97135,0.0120672,0.0358558,NONE,999.9,0,0
69.0443,26.6868,33.472,-3.14138,2.97135,0.0120672,0.0358558,NONE,999.9,0,0
69.0488,26.6571,33.472,-3.14113,2.98099,0.0521404,0.15543,NONE,999.9,0,0
69.0519,26.6571,33.472,-3.14113,2.98099,0.0521404,0.15543,NONE,999.9,0,0
69.056,26.6571,33.472,-3.14113,2.98099,0.0521404,0.15543,NONE,999.9,0,0
69.0599,26.6272,33.4719,-3.1404,2.99018,0.0749741,0.224186,NONE,999.9,0,0
69.0642,26.6272,33.4719,-3.1404,2.99018,0.0749741,0.224186,NONE,999.9,0,0
69.069,26.5973,33.4718,-3.13963,2.99893,0.0958091,0.287325,NONE,999.9,0,0
69.072,26.5973,33.4718,-3.13963,2.99893,0.0958091,0.287325,NONE,999.9,0,0
69.0765,26.5973,33.4718,-3.13963,2.99893,0.0958091,0.287325,NONE,999.9,0,0
69.0804,26.5673,33.4716,-3.13853,3.00726,0.105267,0.316566,NONE,999.9,0,0
69.0839,26.5673,33.4716,-3.13853,3.00726,0.105267,0.316566,NONE,999.9,0,0
69.0889,26.5371,33.4714,-3.1375,3.0152,0.116811,0.352207,NONE,999.9,0,0
69.0919,26.5371,33.4714,-3.1375,3.0152,0.116811,0.352207,NONE,999.9,0,0
69.0964,26.5371,33.4714,-3.1375,3.0152,0.116811,0.352207,NONE,999.9,0,0
69.1003,26.507,33.4712,-3.13624,3.02276,0.119831,0.362219,NONE,999.9,0,0
69.1039,26.507,33.4712,-3.13624,3.02276,0.119831,0.362219,NONE,999.9,0,0
69.109,26.4767,33.471,-3.13508,3.02996,0.126919,0.384557,NONE,999.9,0,0
69.1119,26.4767,33.471,-3.13508,3.02996,0.126919,0.384557,NONE,999.9,0,0
69.1162,26.4767,33.471,-3.13508,3.02996,0.126919,0.384557,NONE,999.9,0,0
69.1206,26.4464,33.4707,-3.13373,3.03681,0.126867,0.385271,NONE,999.9,0,0
69.1242,26.4464,33.4707,-3.13373,3.03681,0.126867,0.385271,NONE,999.9,0,0
69.1301,26.4159,33.4704,-3.13267,3.04684,0.0878713,0.267729,NONE,999.9,0,0
69.1322,26.4159,33.4704,-3.13267,3.04684,0.0878713,0.267729,NONE,999.9,0,0
69.1361,26.4159,33.4704,-3.13267,3.04684,0.0878713,0.267729,NONE,999.9,0,0
69.1401,26.3854,33.4702,-3.13208,3.05638,0.0171136,0.0523056,NONE,999.9,0,0
69.1441,26.3854,33.4702,-3.13208,3.05638,0.0171136,0.0523056,NONE,999.9,0,0
69.1491,26.3548,33.4699,-3.13223,3.06547,-0.0276081,-0.0846319,NONE,999.9,0,0
69.1521,26.3548,33.4699,-3.13223,3.06547,-0.0276081,-0.0846319,NONE,999.9,0,0
69.1558,26.3548,33.4699,-3.13223,3.06547,-0.0276081,-0.0846319,NONE,999.9,0,0
69.1603,26.3241,33.4697,-3.13262,3.07413,-0.063799,-0.196127,NONE,999.9,0,0
69.1641,26.3241,33.4697,-3.13262,3.07413,-0.063799,-0.196127,NONE,999.9,0,0
69.169,26.2933,33.4695,-3.13345,3.08238,-0.0841987,-0.259532,NONE,999.9,0,0
69.1722,26.2933,33.4695,-3.13345,3.08238,-0.0841987,-0.259532,NONE,999.9,0,0
69.1764,26.2933,33.4695,-3.13345,3.08238,-0.0841987,-0.259532,NONE,999.9,0,0
69.1804,26.2625,33.4694,-3.13431,3.09023,-0.103298,-0.319214,NONE,999.9,0,0
69.184,26.2625,33.4694,-3.13431,3.09023,-0.103298,-0.319214,NONE,999.9,0,0
69.189,26.2315,33.4692,-3.13547,3.09772,-0.111712,-0.346053,NONE,999.9,0,0
69.1924,26.2315,33.4692,-3.13547,3.09772,-0.111712,-0.346053,NONE,999.9,0,0
69.1963,26.2315,33.4692,-3.13547,3.09772,-0.111712,-0.346053,NONE,999.9,0,0
69.1999,26.2005,33.4691,-3.13656,3.10484,-0.122422,-0.380102,NONE,999.9,0,0
69.2043,26.2005,33.4691,-3.13656,3.10484,-0.122422,-0.380102,NONE,999.9,0,0
69.2098,26.1694,33.4691,-3.13788,3.11163,-0.124984,-0.388903,NONE,999.9,0,0
69.2118,26.1694,33.4691,-3.13788,3.11163,-0.124984,-0.388903,NONE,999.9,0,0
69.2161,26.1694,33.4691,-3.13788,3.11163,-0.124984,-0.388903,NONE,999.9,0,0
69.22,26.1383,33.469,-3.13893,3.11809,-0.0874839,-0.272783,NONE,999.9,0,0
69.2247,26.1383,33.469,-3.13893,3.11809,-0.0874839,-0.272783,NONE,999.9,0,0
69.2292,26.1071,33.4689,-3.13951,3.12425,-0.0167625,-0.0523702,NONE,999.9,0,0
69.2321,26.1071,33.4689,-3.13951,3.12425,-0.0167625,-0.0523702,NONE,999.9,0,0
69.2359,26.1071,33.4689,-3.13951,3.12425,-0.0167625,-0.0523702,NONE,999.9,0,0
69.2403,26.0758,33.4688,-3.13936,3.13012,0.0282608,0.0884597,NONE,999.9,0,0
69.2443,26.0758,33.4688,-3.13936,3.13012,0.0282608,0.0884597,NONE,999.9,0,0
69.249,26.0445,33.4687,-3.13897,3.1357,0.0648622,0.203389,NONE,999.9,0,0
69.252,26.0445,33.4687,-3.13897,3.1357,0.0648622,0.203389,NONE,999.9,0,0
69.2567,26.0445,33.4687,-3.13897,3.1357,0.0648622,0.203389,NONE,999.9,0,0
69.261,26.0131,33.4685,-3.13812,3.14102,0.0856876,0.269147,NONE,999.9,0,0
69.2643,26.0131,33.4685,-3.13812,3.14102,0.0856876,0.269147,NONE,999.9,0,0
69.2693,25.9817,33.4683,-3.13725,3.14609,0.105155,0.330825,NONE,999.9,0,0
69.2721,25.9817,33.4683,-3.13725,3.14609,0.105155,0.330825,NONE,999.9,0,0
69.2762,25.9817,33.4683,-3.13725,3.14609,0.105155,0.330825,NONE,999.9,0,0
69.28,25.9502,33.4681,-3.13607,3.15091,0.113873,0.358806,NONE,999.9,0,0
69.2845,25.9502,33.4681,-3.13607,3.15091,0.113873,0.358806,NONE,999.9,0,0
69.2902,25.9186,33.4678,-3.13495,3.15551,0.124805,0.393823,NONE,999.9,0,0
69.2936,25.9186,33.4678,-3.13495,3.15551,0.124805,0.393823,NONE,999.9,0,0
69.2965,25.9186,33.4678,-3.13495,3.15551,0.124805,0.393823,NONE,999.9,0,0
69.3003,25.8871,33.4675,-3.13361,3.15989,0.127525,0.402964,NONE,999.9,0,0
69.3041,25.8871,33.4675,-3.13361,3.15989,0.127525,0.402964,NONE,999.9,0,0
69.3093,25.8555,33.4672,-3.13238,3.16406,0.134252,0.424782,NONE,999.9,0,0
69.3119,25.8555,33.4672,-3.13238,3.16406,0.134252,0.424782,NONE,999.9,0,0
69.316,25.8555,33.4672,-3.13238,3.16406,0.134252,0.424782,NONE,999.9,0,0
69.3204,25.8238,33.4668,-3.13095,3.16803,0.134039,0.424639,NONE,999.9,0,0
69.3243,25.8238,33.4668,-3.13095,3.16803,0.134039,0.424639,NONE,999.9,0,0
69.3291,25.7921,33.4665,-3.12998,3.17181,0.0492571,0.156234,NONE,999.9,0,0
69.332,25.7921,33.4665,-3.12998,3.17181,0.0492571,0.156234,NONE,999.9,0,0
69.3361,25.7921,33.4665,-3.12998,3.17181,0.0492571,0.156234,NONE,999.9,0,0
69.3406,25.7604,33.4662,-3.12986,3.17542,-0.00594455,-0.0188764,NONE,999.9,0,0
69.3443,25.7604,33.4662,-3.12986,3.17542,-0.00594455,-0.0188764,NONE,999.9,0,0
69.3487,25.7286,33.4659,-3.13007,3.17885,-0.0498712,-0.158533,NONE,999.9,0,0
69.3522,25.7286,33.4659,-3.13007,3.17885,-0.0498712,-0.158533,NONE,999.9,0,0
69.3576,25.7286,33.4659,-3.13007,3.17885,-0.0498712,-0.158533,NONE,999.9,0,0
69.3608,25.6968,33.4656,-3.13079,3.18212,-0.0759483,-0.241676,NONE,999.9,0,0
69.3641,25.6968,33.4656,-3.13079,3.18212,-0.0759483,-0.241676,NONE,999.9,0,0
69.369,25.665,33.4653,-3.13159,3.18523,-0.0991479,-0.315809,NONE,999.9,0,0
69.3722,25.665,33.4653,-3.13159,3.18523,-0.0991479,-0.315809,NONE,999.9,0,0
69.3763,25.665,33.4653,-3.13159,3.18523,-0.0991479,-0.315809,NONE,999.9,0,0
69.3803,25.6331,33.4651,-3.13273,3.18819,-0.110506,-0.352314,NONE,999.9,0,0
69.3848,25.6331,33.4651,-3.13273,3.18819,-0.110506,-0.352314,NONE,999.9,0,0
69.3916,25.6012,33.4649,-3.13381,3.19102,-0.123277,-0.393378,NONE,999.9,0,0
69.3943,25.6012,33.4649,-3.13381,3.19102,-0.123277,-0.393378,NONE,999.9,0,0
69.3962,25.6012,33.4649,-3.13381,3.19102,-0.123277,-0.393378,NONE,999.9,0,0
69.4005,25.5693,33.4648,-3.13515,3.19371,-0.127268,-0.406456,NONE,999.9,0,0
69.4046,25.5693,33.4648,-3.13515,3.19371,-0.127268,-0.406456,NONE,999.9,0,0
69.4093,25.5373,33.4647,-3.13638,3.19627,-0.134851,-0.431021,NONE,999.9,0,0
69.4121,25.5373,33.4647,-3.13638,3.19627,-0.134851,-0.431021,NONE,999.9,0,0
69.4165,25.5373,33.4647,-3.13638,3.19627,-0.134851,-0.431021,NONE,999.9,0,0
69.4205,25.5053,33.4646,-3.13782,3.19871,-0.135206,-0.432483,NONE,999.9,0,0
69.424,25.5053,33.4646,-3.13782,3.19871,-0.135206,-0.432483,NONE,999.9,0,0
69.4289,25.4733,33.4645,-3.13911,3.20103,-0.14025,-0.448946,NONE,999.9,0,0
69.432,25.4733,33.4645,-3.13911,3.20103,-0.14025,-0.448946,NONE,999.9,0,0
69.4363,25.4733,33.4645,-3.13911,3.20103,-0.14025,-0.448946,NONE,999.9,0,0
69.441,25.4413,33.4645,-3.14059,3.2013,-0.139163,-0.445502,NONE,999.9,0,0
69.4449,25.4413,33.4645,-3.14059,3.2013,-0.139163,-0.445502,NONE,999.9,0,0
69.4492,25.4093,33.4645,3.14158,3.20156,-0.0523208,-0.167508,NONE,999.9,0,0
69.4524,25.4093,33.4645,3.14158,3.20156,-0.0523208,-0.167508,NONE,999.9,0,0
69.456,25.4093,33.4645,3.14158,3.20156,-0.0523208,-0.167508,NONE,999.9,0,0
69.4601,25.3773,33.4644,3.14144,3.2018,0.00435175,0.0139334,NONE,999.9,0,0
69.4639,25.3773,33.4644,3.14144,3.2018,0.00435175,0.0139334,NONE,999.9,0,0
69.4691,25.3453,33.4643,-3.14155,3.20203,0.0494091,0.15821,NONE,999.9,0,0
69.4718,25.3453,33.4643,-3.14155,3.20203,0.0494091,0.15821,NONE,999.9,0,0
69.476,25.3453,33.4643,-3.14155,3.20203,0.0494091,0.15821,NONE,999.9,0,0
69.4807,25.3133,33.4642,-3.14083,3.20226,0.0762381,0.244134,NONE,999.9,0,0
69.4843,25.3133,33.4642,-3.14083,3.20226,0.0762381,0.244134,NONE,999.9,0,0
69.4893,25.2812,33.4641,-3.14003,3.20247,0.100018,0.320305,NONE,999.9,0,0
69.4918,25.2812,33.4641,-3.14003,3.20247,0.100018,0.320305,NONE,999.9,0,0
69.496,25.2812,33.4641,-3.14003,3.20247,0.100018,0.320305,NONE,999.9,0,0
69.5001,25.2492,33.4639,-3.13888,3.20267,0.111709,0.357766,NONE,999.9,0,0
69.5039,25.2492,33.4639,-3.13888,3.20267,0.111709,0.357766,NONE,999.9,0,0
69.5098,25.2172,33.4638,-3.13778,3.20286,0.124744,0.399539,NONE,999.9,0,0
69.5123,25.2172,33.4638,-3.13778,3.20286,0.124744,0.399539,NONE,999.9,0,0
69.5165,25.2172,33.4638,-3.13778,3.20286,0.124744,0.399539,NONE,999.9,0,0
69.52,25.1852,33.4635,-3.13642,3.20304,0.128831,0.412652,NONE,999.9,0,0
69.5239,25.1852,33.4635,-3.13642,3.20304,0.128831,0.412652,NONE,999.9,0,0
69.5289,25.1531,33.4633,-3.13518,3.20321,0.136504,0.437252,NONE,999.9,0,0
69.5321,25.1531,33.4633,-3.13518,3.20321,0.136504,0.437252,NONE,999.9,0,0
69.5361,25.1531,33.4633,-3.13518,3.20321,0.136504,0.437252,NONE,999.9,0,0
69.5402,25.1211,33.463,-3.13373,3.20338,0.136825,0.438301,NONE,999.9,0,0
69.5443,25.1211,33.463,-3.13373,3.20338,0.136825,0.438301,NONE,999.9,0,0
69.5489,25.0891,33.4627,-3.13273,3.20354,0.0508964,0.163048,NONE,999.9,0,0
69.552,25.0891,33.4627,-3.13273,3.20354,0.0508964,0.163048,NONE,999.9,0,0
69.5563,25.0891,33.4627,-3.13273,3.20354,0.0508964,0.163048,NONE,999.9,0,0
69.5601,25.057,33.4625,-3.1326,3.20369,-0.00517245,-0.0165709,NONE,999.9,0,0
69.5639,25.057,33.4625,-3.1326,3.20369,-0.00517245,-0.0165709,NONE,999.9,0,0
69.5689,25.025,33.4623,-3.1328,3.20383,-0.0498383,-0.159673,NONE,999.9,0,0
69.5719,25.025,33.4623,-3.1328,3.20383,-0.0498383,-0.159673,NONE,999.9,0,0
69.5765,25.025,33.4623,-3.1328,3.20383,-0.0498383,-0.159673,NONE,999.9,0,0
69.5803,24.9929,33.4621,-3.13352,3.21099,-0.0756324,-0.242855,NONE,999.9,0,0
69.584,24.9929,33.4621,-3.13352,3.21099,-0.0756324,-0.242855,NONE,999.9,0,0
69.589,24.9608,33.4619,-3.13432,3.21781,-0.0985795,-0.31721,NONE,999.9,0,0
69.5935,24.9608,33.4619,-3.13432,3.21781,-0.0985795,-0.31721,NONE,999.9,0,0
69.5961,24.9608,33.4619,-3.13432,3.21781,-0.0985795,-0.31721,NONE,999.9,0,0
69.6,24.9286,33.4618,-3.13545,3.22431,-0.109999,-0.354671,NONE,999.9,0,0
69.6041,24.9286,33.4618,-3.13545,3.22431,-0.109999,-0.354671,NONE,999.9,0,0
69.6108,24.8963,33.4617,-3.13653,3.23049,-0.122728,-0.396472,NONE,999.9,0,0
69.613,24.8963,33.4617,-3.13653,3.23049,-0.122728,-0.396472,NONE,999.9,0,0
69.6159,24.8963,33.4617,-3.13653,3.23049,-0.122728,-0.396472,NONE,999.9,0,0
69.6201,24.864,33.4616,-3.13786,3.23639,-0.126906,-0.410718,NONE,999.9,0,0
69.624,24.864,33.4616,-3.13786,3.23639,-0.126906,-0.410718,NONE,999.9,0,0
69.6288,24.8316,33.4616,-3.13909,3.242,-0.13452,-0.436113,NONE,999.9,0,0
69.6321,24.8316,33.4616,-3.13909,3.242,-0.13452,-0.436113,NONE,999.9,0,0
69.6361,24.8316,33.4616,-3.13909,3.242,-0.13452,-0.436113,NONE,999.9,0,0
69.641,24.7991,33.4616,-3.14052,3.24735,-0.1351,-0.438718,NONE,999.9,0,0
69.6443,24.7991,33.4616,-3.14052,3.24735,-0.1351,-0.438718,NONE,999.9,0,0
69.6489,24.7666,33.4616,-3.14151,3.25244,-0.0509985,-0.16587,NONE,999.9,0,0
69.6519,24.7666,33.4616,-3.14151,3.25244,-0.0509985,-0.16587,NONE,999.9,0,0
69.656,24.7666,33.4616,-3.14151,3.25244,-0.0509985,-0.16587,NONE,999.9,0,0
69.66,24.7341,33.4615,3.14154,3.25729,0.00443408,0.0144431,NONE,999.9,0,0
69.6639,24.7341,33.4615,3.14154,3.25729,0.00443408,0.0144431,NONE,999.9,0,0
69.6692,24.7015,33.4614,-3.14145,3.26191,0.0487557,0.159037,NONE,999.9,0,0
69.6721,24.7015,33.4614,-3.14145,3.26191,0.0487557,0.159037,NONE,999.9,0,0
69.6764,24.7015,33.4614,-3.14145,3.26191,0.0487557,0.159037,NONE,999.9,0,0
69.6804,24.6688,33.4613,-3.14074,3.26631,0.0755476,0.246762,NONE,999.9,0,0
69.684,24.6688,33.4613,-3.14074,3.26631,0.0755476,0.246762,NONE,999.9,0,0
69.6889,24.6361,33.4612,-3.13994,3.2705,0.0992864,0.324716,NONE,999.9,0,0
69.6921,24.6361,33.4612,-3.13994,3.2705,0.0992864,0.324716,NONE,999.9,0,0
69.6961,24.6361,33.4612,-3.13994,3.2705,0.0992864,0.324716,NONE,999.9,0,0
69.7002,24.6034,33.461,-3.1388,3.27449,0.111319,0.364514,NONE,999.9,0,0
69.7042,24.6034,33.461,-3.1388,3.27449,0.111319,0.364514,NONE,999.9,0,0
69.7094,24.5707,33.4609,-3.1377,3.27829,0.124502,0.408152,NONE,999.9,0,0
69.712,24.5707,33.4609,-3.1377,3.27829,0.124502,0.408152,NONE,999.9,0,0
69.7159,24.5707,33.4609,-3.1377,3.27829,0.124502,0.408152,NONE,999.9,0,0
69.7199,24.5379,33.4606,-3.13635,3.28191,0.129007,0.423389,NONE,999.9,0,0
69.7239,24.5379,33.4606,-3.13635,3.28191,0.129007,0.423389,NONE,999.9,0,0
69.7289,24.5051,33.4604,-3.13509,3.27565,0.138561,0.453876,NONE,999.9,0,0
69.7322,24.5051,33.4604,-3.13509,3.27565,0.138561,0.453876,NONE,999.9,0,0
69.736,24.5051,33.4604,-3.13509,3.27565,0.138561,0.453876,NONE,999.9,0,0
69.7401,24.4723,33.4601,-3.13361,3.27058,0.139954,0.45773,NONE,999.9,0,0
69.7445,24.4723,33.4601,-3.13361,3.27058,0.139954,0.45773,NONE,999.9,0,0
69.7487,24.4397,33.4598,-3.13259,3.26648,0.052797,0.17246,NONE,999.9,0,0
69.7522,24.4397,33.4598,-3.13259,3.26648,0.052797,0.17246,NONE,999.9,0,0
69.7558,24.4397,33.4598,-3.13259,3.26648,0.052797,0.17246,NONE,999.9,0,0
69.76,24.407,33.4596,-3.13245,3.26316,-0.00430557,-0.0140497,NONE,999.9,0,0
69.7639,24.407,33.4596,-3.13245,3.26316,-0.00430557,-0.0140497,NONE,999.9,0,0
69.7693,24.3744,33.4594,-3.13264,3.26046,-0.0498337,-0.162481,NONE,999.9,0,0
69.772,24.3744,33.4594,-3.13264,3.26046,-0.0498337,-0.162481,NONE,999.9,0,0
69.7761,24.3744,33.4594,-3.13264,3.26046,-0.0498337,-0.162481,NONE,999.9,0,0
69.78,24.3418,33.4592,-3.13337,3.25828,-0.0771202,-0.251279,NONE,999.9,0,0
69.7842,24.3418,33.4592,-3.13337,3.25828,-0.0771202,-0.251279,NONE,999.9,0,0
69.7888,24.3092,33.459,-3.13419,3.25652,-0.101271,-0.329792,NONE,999.9,0,0
69.7924,24.3092,33.459,-3.13419,3.25652,-0.101271,-0.329792,NONE,999.9,0,0
69.796,24.3092,33.459,-3.13419,3.25652,-0.101271,-0.329792,NONE,999.9,0,0
69.8004,24.2767,33.4589,-3.13535,3.25509,-0.113293,-0.368778,NONE,999.9,0,0
69.8045,24.2767,33.4589,-3.13535,3.25509,-0.113293,-0.368778,NONE,999.9,0,0
69.8095,24.2441,33.4588,-3.13647,3.25393,-0.12654,-0.411752,NONE,999.9,0,0
69.8118,24.2441,33.4588,-3.13647,3.25393,-0.12654,-0.411752,NONE,999.9,0,0
69.8159,24.2441,33.4588,-3.13647,3.25393,-0.12654,-0.411752,NONE,999.9,0,0
69.8199,24.2116,33.4587,-3.13784,3.25299,-0.130819,-0.425553,NONE,999.9,0,0
69.8239,24.2116,33.4587,-3.13784,3.25299,-0.130819,-0.425553,NONE,999.9,0,0
69.8288,24.1791,33.4587,-3.1391,3.25224,-0.138571,-0.450666,NONE,999.9,0,0
69.8321,24.1791,33.4587,-3.1391,3.25224,-0.138571,-0.450666,NONE,999.9,0,0
69.8367,24.1791,33.4587,-3.1391,3.25224,-0.138571,-0.450666,NONE,999.9,0,0
69.8401,24.1465,33.4587,-3.14058,3.25162,-0.138983,-0.451921,NONE,999.9,0,0
69.8441,24.1465,33.4587,-3.14058,3.25162,-0.138983,-0.451921,NONE,999.9,0,0
69.8489,24.114,33.4587,3.14143,3.25112,-0.0983364,-0.319704,NONE,999.9,0,0
69.8518,24.114,33.4587,3.14143,3.25112,-0.0983364,-0.319704,NONE,999.9,0,0
69.8563,24.114,33.4587,3.14143,3.25112,-0.0983364,-0.319704,NONE,999.9,0,0
69.8601,24.0815,33.4587,3.14076,3.25072,-0.0236004,-0.0767182,NONE,999.9,0,0
69.8646,24.0815,33.4587,3.14076,3.25072,-0.0236004,-0.0767182,NONE,999.9,0,0
69.8692,24.049,33.4586,3.14086,3.25039,0.0247358,0.0804009,NONE,999.9,0,0
69.872,24.049,33.4586,3.14086,3.25039,0.0247358,0.0804009,NONE,999.9,0,0
69.8764,24.049,33.4586,3.14086,3.25039,0.0247358,0.0804009,NONE,999.9,0,0
69.8801,24.0165,33.4586,3.14123,3.25013,0.0639662,0.207898,NONE,999.9,0,0
69.8843,24.0165,33.4586,3.14123,3.25013,0.0639662,0.207898,NONE,999.9,0,0
69.8895,23.984,33.4585,-3.14111,3.24992,0.0868312,0.282194,NONE,999.9,0,0
69.8922,23.984,33.4585,-3.14111,3.24992,0.0868312,0.282194,NONE,999.9,0,0
69.8963,23.984,33.4585,-3.14111,3.24992,0.0868312,0.282194,NONE,999.9,0,0
69.9005,23.9515,33.4583,-3.14021,3.24974,0.107818,0.350382,NONE,999.9,0,0
69.904,23.9515,33.4583,-3.14021,3.24974,0.107818,0.350382,NONE,999.9,0,0
69.9089,23.919,33.4582,-3.139,3.25566,0.116919,0.380648,NONE,999.9,0,0
69.9119,23.919,33.4582,-3.139,3.25566,0.116919,0.380648,NONE,999.9,0,0
69.9159,23.919,33.4582,-3.139,3.25566,0.116919,0.380648,NONE,999.9,0,0
69.92,23.8864,33.458,-3.13786,3.26129,0.127975,0.417365,NONE,999.9,0,0
69.924,23.8864,33.458,-3.13786,3.26129,0.127975,0.417365,NONE,999.9,0,0
69.9292,23.8538,33.4578,-3.13648,3.26666,0.130998,0.427927,NONE,999.9,0,0
69.9322,23.8538,33.4578,-3.13648,3.26666,0.130998,0.427927,NONE,999.9,0,0
69.9363,23.8538,33.4578,-3.13648,3.26666,0.130998,0.427927,NONE,999.9,0,0
69.94,23.8211,33.4575,-3.13522,3.27178,0.137763,0.450728,NONE,999.9,0,0
69.9442,23.8211,33.4575,-3.13522,3.27178,0.137763,0.450728,NONE,999.9,0,0
69.9489,23.7883,33.4573,-3.13376,3.27665,0.137769,0.451421,NONE,999.9,0,0
69.9521,23.7883,33.4573,-3.13376,3.27665,0.137769,0.451421,NONE,999.9,0,0
69.9559,23.7883,33.4573,-3.13376,3.27665,0.137769,0.451421,NONE,999.9,0,0
69.9609,23.7555,33.457,-3.13244,3.28128,0.142425,0.467335,NONE,999.9,0,0
69.9646,23.7555,33.457,-3.13244,3.28128,0.142425,0.467335,NONE,999.9,0,0
69.9691,23.7227,33.4566,-3.13094,3.2857,0.140967,0.463176,NONE,999.9,0,0
69.9719,23.7227,33.4566,-3.13094,3.2857,0.140967,0.463176,NONE,999.9,0,0
69.976,23.7227,33.4566,-3.13094,3.2857,0.140967,0.463176,NONE,999.9,0,0
69.9804,23.6898,33.4562,-3.1299,3.28991,0.0549686,0.180842,NONE,999.9,0,0
69.9839,23.6898,33.4562,-3.1299,3.28991,0.0549686,0.180842,NONE,999.9,0,0
69.9889,23.6569,33.4559,-3.12973,3.29392,-0.00200054,-0.00658961,NONE,999.9,0,0
69.9928,23.6569,33.4559,-3.12973,3.29392,-0.00200054,-0.00658961,NONE,999.9,0,0
69.9969,23.6569,33.4559,-3.12973,3.29392,-0.00200054,-0.00658961,NONE,999.9,0,0
70.0006,23.624,33.4556,-3.12991,3.29773,-0.0474845,-0.156591,NONE,999.9,0,0
70.0039,23.624,33.4556,-3.12991,3.29773,-0.0474845,-0.156591,NONE,999.9,0,0
70.0093,23.591,33.4553,-3.13061,3.30137,-0.0751909,-0.248233,NONE,999.9,0,0
70.0119,23.591,33.4553,-3.13061,3.30137,-0.0751909,-0.248233,NONE,999.9,0,0
70.0159,23.591,33.4553,-3.13061,3.30137,-0.0751909,-0.248233,NONE,999.9,0,0
70.0202,23.5579,33.4551,-3.13141,3.30483,-0.0995807,-0.329097,NONE,999.9,0,0
70.0245,23.5579,33.4551,-3.13141,3.30483,-0.0995807,-0.329097,NONE,999.9,0,0
70.029,23.5249,33.4549,-3.13255,3.31099,-0.111792,-0.370144,NONE,999.9,0,0
70.0321,23.5249,33.4549,-3.13255,3.31099,-0.111792,-0.370144,NONE,999.9,0,0
70.0361,23.5249,33.4549,-3.13255,3.31099,-0.111792,-0.370144,NONE,999.9,0,0
70.0407,23.4917,33.4547,-3.13366,3.31685,-0.125008,-0.414632,NONE,999.9,0,0
70.0441,23.4917,33.4547,-3.13366,3.31685,-0.125008,-0.414632,NONE,999.9,0,0
70.0492,23.4585,33.4545,-3.13502,3.32244,-0.129664,-0.4308,NONE,999.9,0,0
70.052,23.4585,33.4545,-3.13502,3.32244,-0.129664,-0.4308,NONE,999.9,0,0
70.0562,23.4585,33.4545,-3.13502,3.32244,-0.129664,-0.4308,NONE,999.9,0,0
70.0605,23.4253,33.4544,-3.13627,3.32776,-0.137502,-0.457574,NONE,999.9,0,0
70.0641,23.4253,33.4544,-3.13627,3.32776,-0.137502,-0.457574,NONE,999.9,0,0
70.0689,23.392,33.4543,-3.13774,3.33283,-0.13835,-0.461097,NONE,999.9,0,0
70.0719,23.392,33.4543,-3.13774,3.33283,-0.13835,-0.461097,NONE,999.9,0,0
70.0762,23.392,33.4543,-3.13774,3.33283,-0.13835,-0.461097,NONE,999.9,0,0
70.0802,23.3586,33.4542,-3.13906,3.33765,-0.143505,-0.478969,NONE,999.9,0,0
70.0841,23.3586,33.4542,-3.13906,3.33765,-0.143505,-0.478969,NONE,999.9,0,0
70.0897,23.3252,33.4542,-3.14058,3.34225,-0.142473,-0.476181,NONE,999.9,0,0
70.0929,23.3252,33.4542,-3.14058,3.34225,-0.142473,-0.476181,NONE,999.9,0,0
70.0962,23.3252,33.4542,-3.14058,3.34225,-0.142473,-0.476181,NONE,999.9,0,0
70.1002,23.2918,33.4542,3.14125,3.34663,-0.146322,-0.489684,NONE,999.9,0,0
70.1041,23.2918,33.4542,3.14125,3.34663,-0.146322,-0.489684,NONE,999.9,0,0
70.1102,23.2583,33.4542,3.13971,3.3508,-0.144391,-0.483825,NONE,999.9,0,0
70.112,23.2583,33.4542,3.13971,3.3508,-0.144391,-0.483825,NONE,999.9,0,0
70.1161,23.2583,33.4542,3.13971,3.3508,-0.144391,-0.483825,NONE,999.9,0,0
70.1206,23.2248,33.4543,3.13864,3.35477,-0.0577134,-0.193615,NONE,999.9,0,0
70.1245,23.2248,33.4543,3.13864,3.35477,-0.0577134,-0.193615,NONE,999.9,0,0
70.1291,23.1912,33.4543,3.13845,3.35855,0.000185571,0.00062325,NONE,999.9,0,0
70.1323,23.1912,33.4543,3.13845,3.35855,0.000185571,0.00062325,NONE,999.9,0,0
70.1364,23.1912,33.4543,3.13845,3.35855,0.000185571,0.00062325,NONE,999.9,0,0
70.1404,23.1576,33.4543,3.13861,3.36215,0.0464963,0.156328,NONE,999.9,0,0
70.1443,23.1576,33.4543,3.13861,3.36215,0.0464963,0.156328,NONE,999.9,0,0
70.1489,23.1239,33.4543,3.13932,3.36559,0.0750475,0.252579,NONE,999.9,0,0
70.1522,23.1239,33.4543,3.13932,3.36559,0.0750475,0.252579,NONE,999.9,0,0
70.1569,23.1239,33.4543,3.13932,3.36559,0.0750475,0.252579,NONE,999.9,0,0
70.1615,23.0903,33.4543,3.14011,3.36886,0.100067,0.33711,NONE,999.9,0,0
70.1639,23.0903,33.4543,3.14011,3.36886,0.100067,0.33711,NONE,999.9,0,0
70.1692,23.0566,33.4542,3.14127,3.37197,0.113209,0.381736,NONE,999.9,0,0
70.1725,23.0566,33.4542,3.14127,3.37197,0.113209,0.381736,NONE,999.9,0,0
70.1764,23.0566,33.4542,3.14127,3.37197,0.113209,0.381736,NONE,999.9,0,0
70.1804,23.0228,33.4541,-3.1408,3.37493,0.127108,0.42898,NONE,999.9,0,0
70.1842,23.0228,33.4541,-3.1408,3.37493,0.127108,0.42898,NONE,999.9,0,0
70.1896,22.9891,33.4539,-3.13941,3.37776,0.132251,0.446713,NONE,999.9,0,0
70.1926,22.9891,33.4539,-3.13941,3.37776,0.132251,0.446713,NONE,999.9,0,0
70.1962,22.9891,33.4539,-3.13941,3.37776,0.132251,0.446713,NONE,999.9,0,0
70.2002,22.9553,33.4538,-3.13813,3.38628,0.139411,0.472084,NONE,999.9,0,0
70.2041,22.9553,33.4538,-3.13813,3.38628,0.139411,0.472084,NONE,999.9,0,0
70.2091,22.9214,33.4536,-3.13666,3.39439,0.139966,0.475101,NONE,999.9,0,0
70.212,22.9214,33.4536,-3.13666,3.39439,0.139966,0.475101,NONE,999.9,0,0
70.2172,22.9214,33.4536,-3.13666,3.39439,0.139966,0.475101,NONE,999.9,0,0
70.2208,22.8874,33.4534,-3.13531,3.40212,0.144772,0.492531,NONE,999.9,0,0
70.2246,22.8874,33.4534,-3.13531,3.40212,0.144772,0.492531,NONE,999.9,0,0
70.2303,22.8533,33.4531,-3.13379,3.40948,0.143687,0.489899,NONE,999.9,0,0
70.2328,22.8533,33.4531,-3.13379,3.40948,0.143687,0.489899,NONE,999.9,0,0
70.2363,22.8533,33.4531,-3.13379,3.40948,0.143687,0.489899,NONE,999.9,0,0
70.2403,22.8192,33.4528,-3.13257,3.41649,0.102917,0.351616,NONE,999.9,0,0
70.2445,22.8192,33.4528,-3.13257,3.41649,0.102917,0.351616,NONE,999.9,0,0
70.2499,22.785,33.4525,-3.13184,3.42317,0.0287274,0.0983388,NONE,999.9,0,0
70.2527,22.785,33.4525,-3.13184,3.42317,0.0287274,0.0983388,NONE,999.9,0,0
70.2562,22.785,33.4525,-3.13184,3.42317,0.0287274,0.0983388,NONE,999.9,0,0
70.2603,22.7507,33.4523,-3.1319,3.42953,-0.0206725,-0.0708968,NONE,999.9,0,0
70.2642,22.7507,33.4523,-3.1319,3.42953,-0.0206725,-0.0708968,NONE,999.9,0,0
70.269,22.7164,33.452,-3.13224,3.43559,-0.0609448,-0.209381,NONE,999.9,0,0
70.2726,22.7164,33.452,-3.13224,3.43559,-0.0609448,-0.209381,NONE,999.9,0,0
70.2762,22.7164,33.452,-3.13224,3.43559,-0.0609448,-0.209381,NONE,999.9,0,0
70.2802,22.682,33.4519,-3.13306,3.44136,-0.0855046,-0.294252,NONE,999.9,0,0
70.2845,22.682,33.4519,-3.13306,3.44136,-0.0855046,-0.294252,NONE,999.9,0,0
70.2894,22.6476,33.4517,-3.13395,3.44685,-0.10763,-0.370984,NONE,999.9,0,0
70.2919,22.6476,33.4517,-3.13395,3.44685,-0.10763,-0.370984,NONE,999.9,0,0
70.296,22.6476,33.4517,-3.13395,3.44685,-0.10763,-0.370984,NONE,999.9,0,0
70.3002,22.6131,33.4515,-3.13517,3.45208,-0.118969,-0.41069,NONE,999.9,0,0
70.3039,22.6131,33.4515,-3.13517,3.45208,-0.118969,-0.41069,NONE,999.9,0,0
70.3096,22.5785,33.4514,-3.13634,3.45707,-0.131493,-0.45458,NONE,999.9,0,0
70.3122,22.5785,33.4514,-3.13634,3.45707,-0.131493,-0.45458,NONE,999.9,0,0
70.3164,22.5785,33.4514,-3.13634,3.45707,-0.131493,-0.45458,NONE,999.9,0,0
70.3201,22.5439,33.4513,-3.13776,3.46182,-0.135885,-0.470407,NONE,999.9,0,0
70.3245,22.5439,33.4513,-3.13776,3.46182,-0.135885,-0.470407,NONE,999.9,0,0
70.3292,22.5093,33.4513,-3.13908,3.46634,-0.143404,-0.497086,NONE,999.9,0,0
70.3323,22.5093,33.4513,-3.13908,3.46634,-0.143404,-0.497086,NONE,999.9,0,0
70.336,22.5093,33.4513,-3.13908,3.46634,-0.143404,-0.497086,NONE,999.9,0,0
70.34,22.4746,33.4512,-3.1406,3.47065,-0.144207,-0.500491,NONE,999.9,0,0
70.3447,22.4746,33.4512,-3.1406,3.47065,-0.144207,-0.500491,NONE,999.9,0,0
70.3493,22.44,33.4512,3.14152,3.45789,-0.0559074,-0.193322,NONE,999.9,0,0
70.3519,22.44,33.4512,3.14152,3.45789,-0.0559074,-0.193322,NONE,999.9,0,0
70.3561,22.44,33.4512,3.14152,3.45789,-0.0559074,-0.193322,NONE,999.9,0,0
70.3601,22.4054,33.4512,3.14136,3.44756,0.00280081,0.00965594,NONE,999.9,0,0
70.3639,22.4054,33.4512,3.14136,3.44756,0.00280081,0.00965594,NONE,999.9,0,0
70.369,22.371,33.4511,3.14155,3.43919,0.0499363,0.171741,NONE,999.9,0,0
70.3721,22.371,33.4511,3.14155,3.43919,0.0499363,0.171741,NONE,999.9,0,0
70.3764,22.371,33.4511,3.14155,3.43919,0.0499363,0.171741,NONE,999.9,0,0
70.3809,22.3367,33.451,-3.1409,3.43242,0.0788739,0.270728,NONE,999.9,0,0
70.3841,22.3367,33.451,-3.1409,3.43242,0.0788739,0.270728,NONE,999.9,0,0
70.3892,22.3024,33.4508,-3.14006,3.42693,0.10432,0.357499,NONE,999.9,0,0
70.392,22.3024,33.4508,-3.14006,3.42693,0.10432,0.357499,NONE,999.9,0,0
70.3958,22.3024,33.4508,-3.14006,3.42693,0.10432,0.357499,NONE,999.9,0,0
70.4,22.2681,33.4506,-3.13886,3.42249,0.117571,0.402385,NONE,999.9,0,0
70.404,22.2681,33.4506,-3.13886,3.42249,0.117571,0.402385,NONE,999.9,0,0
70.4095,22.2339,33.4505,-3.1377,3.41889,0.131606,0.449946,NONE,999.9,0,0
70.4121,22.2339,33.4505,-3.1377,3.41889,0.131606,0.449946,NONE,999.9,0,0
70.416,22.2339,33.4505,-3.1377,3.41889,0.131606,0.449946,NONE,999.9,0,0
70.4203,22.1997,33.4502,-3.13627,3.41598,0.136651,0.466797,NONE,999.9,0,0
70.4242,22.1997,33.4502,-3.13627,3.41598,0.136651,0.466797,NONE,999.9,0,0
70.429,22.1656,33.45,-3.1351,3.41362,0.0984843,0.336188,NONE,999.9,0,0
70.4319,22.1656,33.45,-3.1351,3.41362,0.0984843,0.336188,NONE,999.9,0,0
70.4358,22.1656,33.45,-3.1351,3.41362,0.0984843,0.336188,NONE,999.9,0,0
70.4404,22.1315,33.4498,-3.13442,3.41171,0.024517,0.0836448,NONE,999.9,0,0
70.4446,22.1315,33.4498,-3.13442,3.41171,0.024517,0.0836448,NONE,999.9,0,0
70.4488,22.0974,33.4496,-3.13452,3.41016,-0.0242496,-0.0826951,NONE,999.9,0,0
70.4519,22.0974,33.4496,-3.13452,3.41016,-0.0242496,-0.0826951,NONE,999.9,0,0
70.4559,22.0974,33.4496,-3.13452,3.41016,-0.0242496,-0.0826951,NONE,999.9,0,0
70.4601,22.0633,33.4494,-3.13489,3.40891,-0.0641495,-0.21868,NONE,999.9,0,0
70.4642,22.0633,33.4494,-3.13489,3.40891,-0.0641495,-0.21868,NONE,999.9,0,0
70.4687,22.0292,33.4493,-3.13574,3.4079,-0.0880968,-0.300225,NONE,999.9,0,0
70.4723,22.0292,33.4493,-3.13574,3.4079,-0.0880968,-0.300225,NONE,999.9,0,0
70.4767,22.0292,33.4493,-3.13574,3.4079,-0.0880968,-0.300225,NONE,999.9,0,0
70.4806,21.9951,33.4492,-3.13665,3.40707,-0.109924,-0.374518,NONE,999.9,0,0
70.4842,21.9951,33.4492,-3.13665,3.40707,-0.109924,-0.374518,NONE,999.9,0,0
70.4893,21.961,33.4491,-3.13789,3.40641,-0.120753,-0.411335,NONE,999.9,0,0
70.492,21.961,33.4491,-3.13789,3.40641,-0.120753,-0.411335,NONE,999.9,0,0
70.4961,21.961,33.4491,-3.13789,3.40641,-0.120753,-0.411335,NONE,999.9,0,0
70.5001,21.9269,33.4491,-3.13908,3.41191,-0.132044,-0.450523,NONE,999.9,0,0
70.5044,21.9269,33.4491,-3.13908,3.41191,-0.132044,-0.450523,NONE,999.9,0,0
70.5099,21.8928,33.4491,-3.1405,3.41715,-0.135516,-0.463077,NONE,999.9,0,0
70.5119,21.8928,33.4491,-3.1405,3.41715,-0.135516,-0.463077,NONE,999.9,0,0
70.516,21.8928,33.4491,-3.1405,3.41715,-0.135516,-0.463077,NONE,999.9,0,0
70.5202,21.8586,33.4491,-3.1415,3.42214,-0.0527469,-0.180507,NONE,999.9,0,0
70.5244,21.8586,33.4491,-3.1415,3.42214,-0.0527469,-0.180507,NONE,999.9,0,0
70.5296,21.8244,33.449,3.14153,3.42689,0.00296323,0.0101547,NONE,999.9,0,0
70.5322,21.8244,33.449,3.14153,3.42689,0.00296323,0.0101547,NONE,999.9,0,0
70.5365,21.8244,33.449,3.14153,3.42689,0.00296323,0.0101547,NONE,999.9,0,0
70.5404,21.7901,33.449,-3.14147,3.43142,0.0479582,0.164565,NONE,999.9,0,0
70.5457,21.7901,33.449,-3.14147,3.43142,0.0479582,0.164565,NONE,999.9,0,0
70.5492,21.7557,33.4489,-3.14076,3.43573,0.0759675,0.261004,NONE,999.9,0,0
70.5519,21.7557,33.4489,-3.14076,3.43573,0.0759675,0.261004,NONE,999.9,0,0
70.556,21.7557,33.4489,-3.14076,3.43573,0.0759675,0.261004,NONE,999.9,0,0
70.5601,21.7213,33.4487,-3.13995,3.43984,0.100692,0.346363,NONE,999.9,0,0
70.5639,21.7213,33.4487,-3.13995,3.43984,0.100692,0.346363,NONE,999.9,0,0
70.5698,21.6869,33.4486,-3.13879,3.44375,0.113902,0.392252,NONE,999.9,0,0
70.5727,21.6869,33.4486,-3.13879,3.44375,0.113902,0.392252,NONE,999.9,0,0
70.5768,21.6869,33.4486,-3.13879,3.44375,0.113902,0.392252,NONE,999.9,0,0
70.5803,21.6525,33.4484,-3.13766,3.44748,0.127853,0.44077,NONE,999.9,0,0
70.5842,21.6525,33.4484,-3.13766,3.44748,0.127853,0.44077,NONE,999.9,0,0
70.5902,21.618,33.4482,-3.13627,3.45103,0.133245,0.459832,NONE,999.9,0,0
70.5921,21.618,33.4482,-3.13627,3.45103,0.133245,0.459832,NONE,999.9,0,0
70.5965,21.618,33.4482,-3.13627,3.45103,0.133245,0.459832,NONE,999.9,0,0
70.6005,21.5835,33.4479,-3.13498,3.4544,0.141542,0.488943,NONE,999.9,0,0
70.6046,21.5835,33.4479,-3.13498,3.4544,0.141542,0.488943,NONE,999.9,0,0
70.6094,21.5489,33.4476,-3.13347,3.45762,0.142863,0.493966,NONE,999.9,0,0
70.612,21.5489,33.4476,-3.13347,3.45762,0.142863,0.493966,NONE,999.9,0,0
70.616,21.5489,33.4476,-3.13347,3.45762,0.142863,0.493966,NONE,999.9,0,0
70.6202,21.5143,33.4473,-3.13241,3.46069,0.0576984,0.199676,NONE,999.9,0,0
70.6245,21.5143,33.4473,-3.13241,3.46069,0.0576984,0.199676,NONE,999.9,0,0
70.629,21.4797,33.4471,-3.13222,3.46361,0.000129521,0.000448609,NONE,999.9,0,0
70.6323,21.4797,33.4471,-3.13222,3.46361,0.000129521,0.000448609,NONE,999.9,0,0
70.6364,21.4797,33.4471,-3.13222,3.46361,0.000129521,0.000448609,NONE,999.9,0,0
70.641,21.445,33.4468,-3.13238,3.46639,-0.0462909,-0.160462,NONE,999.9,0,0
70.6443,21.445,33.4468,-3.13238,3.46639,-0.0462909,-0.160462,NONE,999.9,0,0
70.649,21.4104,33.4466,-3.13308,3.46904,-0.0753772,-0.261487,NONE,999.9,0,0
70.6523,21.4104,33.4466,-3.13308,3.46904,-0.0753772,-0.261487,NONE,999.9,0,0
70.6565,21.4104,33.4466,-3.13308,3.46904,-0.0753772,-0.261487,NONE,999.9,0,0
70.6603,21.3756,33.4464,-3.13388,3.4866,-0.0987987,-0.344471,NONE,999.9,0,0
70.6641,21.3756,33.4464,-3.13388,3.4866,-0.0987987,-0.344471,NONE,999.9,0,0
70.6697,21.3406,33.4463,-3.13501,3.50332,-0.111579,-0.390895,NONE,999.9,0,0
70.6719,21.3406,33.4463,-3.13501,3.50332,-0.111579,-0.390895,NONE,999.9,0,0
70.6762,21.3406,33.4463,-3.13501,3.50332,-0.111579,-0.390895,NONE,999.9,0,0
70.68,21.3055,33.4461,-3.13583,3.51925,-0.0392663,-0.138188,NONE,999.9,0,0
70.6842,21.3055,33.4461,-3.13583,3.51925,-0.0392663,-0.138188,NONE,999.9,0,0
70.6892,21.2703,33.4459,-3.13588,3.53442,0.0101863,0.0360028,NONE,999.9,0,0
70.692,21.2703,33.4459,-3.13588,3.53442,0.0101863,0.0360028,NONE,999.9,0,0
70.6962,21.2703,33.4459,-3.13588,3.53442,0.0101863,0.0360028,NONE,999.9,0,0
70.7003,21.2348,33.4457,-3.13564,3.54886,0.0509379,0.180772,NONE,999.9,0,0
70.7041,21.2348,33.4457,-3.13564,3.54886,0.0509379,0.180772,NONE,999.9,0,0
70.7094,21.1993,33.4454,-3.13492,3.56263,0.0768252,0.273699,NONE,999.9,0,0
70.7118,21.1993,33.4454,-3.13492,3.56263,0.0768252,0.273699,NONE,999.9,0,0
70.7159,21.1993,33.4454,-3.13492,3.56263,0.0768252,0.273699,NONE,999.9,0,0
70.7201,21.1636,33.4451,-3.13411,3.57573,0.100032,0.357688,NONE,999.9,0,0
70.724,21.1636,33.4451,-3.13411,3.57573,0.100032,0.357688,NONE,999.9,0,0
70.7293,21.1278,33.4447,-3.13296,3.58822,0.11289,0.405073,NONE,999.9,0,0
70.7322,21.1278,33.4447,-3.13296,3.58822,0.11289,0.405073,NONE,999.9,0,0
70.7365,21.1278,33.4447,-3.13296,3.58822,0.11289,0.405073,NONE,999.9,0,0
70.7405,21.0918,33.4444,-3.13184,3.60011,0.126455,0.455253,NONE,999.9,0,0
70.7441,21.0918,33.4444,-3.13184,3.60011,0.126455,0.455253,NONE,999.9,0,0
70.7489,21.0558,33.4439,-3.13046,3.61143,0.132199,0.477427,NONE,999.9,0,0
70.7519,21.0558,33.4439,-3.13046,3.61143,0.132199,0.477427,NONE,999.9,0,0
70.7558,21.0558,33.4439,-3.13046,3.61143,0.132199,0.477427,NONE,999.9,0,0
70.7603,21.0196,33.4435,-3.12918,3.62222,0.140539,0.509064,NONE,999.9,0,0
70.7643,21.0196,33.4435,-3.12918,3.62222,0.140539,0.509064,NONE,999.9,0,0
70.7689,20.9833,33.443,-3.12768,3.63249,0.142457,0.517474,NONE,999.9,0,0
70.7719,20.9833,33.443,-3.12768,3.63249,0.142457,0.517474,NONE,999.9,0,0
70.7762,20.9833,33.443,-3.12768,3.63249,0.142457,0.517474,NONE,999.9,0,0
70.7803,20.947,33.4425,-3.12631,3.64228,0.148014,0.539108,NONE,999.9,0,0
70.7843,20.947,33.4425,-3.12631,3.64228,0.148014,0.539108,NONE,999.9,0,0
70.7897,20.9105,33.4419,-3.12475,3.6516,0.147913,0.54012,NONE,999.9,0,0
70.7921,20.9105,33.4419,-3.12475,3.6516,0.147913,0.54012,NONE,999.9,0,0
70.7963,20.9105,33.4419,-3.12475,3.6516,0.147913,0.54012,NONE,999.9,0,0
70.8003,20.874,33.4413,-3.12333,3.66047,0.152019,0.55646,NONE,999.9,0,0
70.804,20.874,33.4413,-3.12333,3.66047,0.152019,0.55646,NONE,999.9,0,0
70.8096,20.8373,33.4406,-3.12173,3.66893,0.150878,0.553559,NONE,999.9,0,0
70.812,20.8373,33.4406,-3.12173,3.66893,0.150878,0.553559,NONE,999.9,0,0
70.8159,20.8373,33.4406,-3.12173,3.66893,0.150878,0.553559,NONE,999.9,0,0
70.8201,20.8006,33.4399,-3.12029,3.67698,0.154246,0.567161,NONE,999.9,0,0
70.8243,20.8006,33.4399,-3.12029,3.67698,0.154246,0.567161,NONE,999.9,0,0
70.8293,20.7638,33.4391,-3.11868,3.68994,0.151361,0.558511,NONE,999.9,0,0
70.8323,20.7638,33.4391,-3.11868,3.68994,0.151361,0.558511,NONE,999.9,0,0
70.8363,20.7638,33.4391,-3.11868,3.68994,0.151361,0.558511,NONE,999.9,0,0
70.8402,20.7268,33.4383,-3.11724,3.70228,0.153429,0.568038,NONE,999.9,0,0
70.8441,20.7268,33.4383,-3.11724,3.70228,0.153429,0.568038,NONE,999.9,0,0
70.8487,20.6897,33.4374,-3.11564,3.71404,0.151063,0.561054,NONE,999.9,0,0
70.852,20.6897,33.4374,-3.11564,3.71404,0.151063,0.561054,NONE,999.9,0,0
70.8565,20.6897,33.4374,-3.11564,3.71404,0.151063,0.561054,NONE,999.9,0,0
70.8603,20.6526,33.4365,-3.11419,3.72524,0.153528,0.57193,NONE,999.9,0,0
70.864,20.6526,33.4365,-3.11419,3.72524,0.153528,0.57193,NONE,999.9,0,0
70.869,20.6153,33.4355,-3.11259,3.73591,0.151457,0.565828,NONE,999.9,0,0
70.8721,20.6153,33.4355,-3.11259,3.73591,0.151457,0.565828,NONE,999.9,0,0
70.8762,20.6153,33.4355,-3.11259,3.73591,0.151457,0.565828,NONE,999.9,0,0
70.8804,20.5779,33.4344,-3.11114,3.74606,0.154142,0.577426,NONE,999.9,0,0
70.8842,20.5779,33.4344,-3.11114,3.74606,0.154142,0.577426,NONE,999.9,0,0
70.89,20.5404,33.4333,-3.10953,3.75574,0.152227,0.571724,NONE,999.9,0,0
70.8924,20.5404,33.4333,-3.10953,3.75574,0.152227,0.571724,NONE,999.9,0,0
70.896,20.5404,33.4333,-3.10953,3.75574,0.152227,0.571724,NONE,999.9,0,0
70.9002,20.5028,33.4322,-3.10807,3.76496,0.155025,0.583662,NONE,999.9,0,0
70.9039,20.5028,33.4322,-3.10807,3.76496,0.155025,0.583662,NONE,999.9,0,0
70.9088,20.4651,33.431,-3.10645,3.77373,0.153183,0.578072,NONE,999.9,0,0
70.9119,20.4651,33.431,-3.10645,3.77373,0.153183,0.578072,NONE,999.9,0,0
70.916,20.4651,33.431,-3.10645,3.77373,0.153183,0.578072,NONE,999.9,0,0
70.9202,20.4274,33.4297,-3.10498,3.78209,0.15603,0.590121,NONE,999.9,0,0
70.9246,20.4274,33.4297,-3.10498,3.78209,0.15603,0.590121,NONE,999.9,0,0
70.929,20.3895,33.4284,-3.10335,3.79006,0.154213,0.584476,NONE,999.9,0,0
70.932,20.3895,33.4284,-3.10335,3.79006,0.154213,0.584476,NONE,999.9,0,0
70.9363,20.3895,33.4284,-3.10335,3.79006,0.154213,0.584476,NONE,999.9,0,0
70.9406,20.3516,33.427,-3.10218,3.79764,0.0675293,0.256452,NONE,999.9,0,0
70.9448,20.3516,33.427,-3.10218,3.79764,0.0675293,0.256452,NONE,999.9,0,0
70.9491,20.3136,33.4257,-3.10191,3.80486,0.00670081,0.0254957,NONE,999.9,0,0
70.9521,20.3136,33.4257,-3.10191,3.80486,0.00670081,0.0254957,NONE,999.9,0,0
70.9566,20.3136,33.4257,-3.10191,3.80486,0.00670081,0.0254957,NONE,999.9,0,0
70.9602,20.2756,33.4244,-3.10202,3.80661,-0.0431159,-0.164125,NONE,999.9,0,0
70.9641,20.2756,33.4244,-3.10202,3.80661,-0.0431159,-0.164125,NONE,999.9,0,0
70.9691,20.2375,33.4231,-3.10271,3.80827,-0.0758729,-0.288945,NONE,999.9,0,0
70.9723,20.2375,33.4231,-3.10271,3.80827,-0.0758729,-0.288945,NONE,999.9,0,0
70.9762,20.2375,33.4231,-3.10271,3.80827,-0.0758729,-0.288945,NONE,999.9,0,0
70.9803,20.1995,33.4218,-3.10353,3.80985,-0.104246,-0.397161,NONE,999.9,0,0
70.9845,20.1995,33.4218,-3.10353,3.80985,-0.104246,-0.397161,NONE,999.9,0,0
70.9898,20.1614,33.4205,-3.10474,3.81136,-0.120869,-0.460675,NONE,999.9,0,0
70.9927,20.1614,33.4205,-3.10474,3.81136,-0.120869,-0.460675,NONE,999.9,0,0
70.9961,20.1614,33.4205,-3.10474,3.81136,-0.120869,-0.460675,NONE,999.9,0,0
71.0002,20.1233,33.4193,-3.10595,3.8128,-0.137143,-0.522898,NONE,999.9,0,0
71.0041,20.1233,33.4193,-3.10595,3.8128,-0.137143,-0.522898,NONE,999.9,0,0
71.0094,20.0852,33.418,-3.10745,3.81416,-0.144726,-0.552007,NONE,999.9,0,0
71.0119,20.0852,33.418,-3.10745,3.81416,-0.144726,-0.552007,NONE,999.9,0,0
71.0164,20.0852,33.418,-3.10745,3.81416,-0.144726,-0.552007,NONE,999.9,0,0
71.0204,20.047,33.4168,-3.10886,3.81547,-0.154274,-0.588626,NONE,999.9,0,0
71.0243,20.047,33.4168,-3.10886,3.81547,-0.154274,-0.588626,NONE,999.9,0,0
71.029,20.0089,33.4157,-3.1105,3.81671,-0.156877,-0.598753,NONE,999.9,0,0
71.0319,20.0089,33.4157,-3.1105,3.81671,-0.156877,-0.598753,NONE,999.9,0,0
71.0363,20.0089,33.4157,-3.1105,3.81671,-0.156877,-0.598753,NONE,999.9,0,0
71.0405,19.9707,33.4146,-3.11202,3.81789,-0.16276,-0.621399,NONE,999.9,0,0
71.0441,19.9707,33.4146,-3.11202,3.81789,-0.16276,-0.621399,NONE,999.9,0,0
71.0491,19.9326,33.4135,-3.11373,3.81901,-0.162683,-0.621289,NONE,999.9,0,0
71.0523,19.9326,33.4135,-3.11373,3.81901,-0.162683,-0.621289,NONE,999.9,0,0
71.0563,19.9326,33.4135,-3.11373,3.81901,-0.162683,-0.621289,NONE,999.9,0,0
71.0601,19.8944,33.4124,-3.11529,3.82009,-0.166623,-0.636516,NONE,999.9,0,0
71.0642,19.8944,33.4124,-3.11529,3.82009,-0.166623,-0.636516,NONE,999.9,0,0
71.0691,19.8562,33.4114,-3.11704,3.82111,-0.165152,-0.631063,NONE,999.9,0,0
71.072,19.8562,33.4114,-3.11704,3.82111,-0.165152,-0.631063,NONE,999.9,0,0
71.0762,19.8562,33.4114,-3.11704,3.82111,-0.165152,-0.631063,NONE,999.9,0,0
71.0803,19.818,33.4105,-3.11862,3.82208,-0.168104,-0.642506,NONE,999.9,0,0
71.0842,19.818,33.4105,-3.11862,3.82208,-0.168104,-0.642506,NONE,999.9,0,0
71.0897,19.7797,33.4096,-3.12037,3.82826,-0.164661,-0.630367,NONE,999.9,0,0
71.0923,19.7797,33.4096,-3.12037,3.82826,-0.164661,-0.630367,NONE,999.9,0,0
71.096,19.7797,33.4096,-3.12037,3.82826,-0.164661,-0.630367,NONE,999.9,0,0
71.1003,19.7414,33.4087,-3.12194,3.83416,-0.16614,-0.637007,NONE,999.9,0,0
71.1041,19.7414,33.4087,-3.12194,3.83416,-0.16614,-0.637007,NONE,999.9,0,0
71.1099,19.7031,33.4079,-3.12367,3.83977,-0.163146,-0.626443,NONE,999.9,0,0
71.1126,19.7031,33.4079,-3.12367,3.83977,-0.163146,-0.626443,NONE,999.9,0,0
71.1164,19.7031,33.4079,-3.12367,3.83977,-0.163146,-0.626443,NONE,999.9,0,0
71.1205,19.6647,33.4072,-3.12492,3.84511,-0.0744712,-0.28635,NONE,999.9,0,0
71.1245,19.6647,33.4072,-3.12492,3.84511,-0.0744712,-0.28635,NONE,999.9,0,0
71.129,19.6262,33.4063,-3.12525,3.85021,-0.0119114,-0.0458614,NONE,999.9,0,0
71.132,19.6262,33.4063,-3.12525,3.85021,-0.0119114,-0.0458614,NONE,999.9,0,0
71.1363,19.6262,33.4063,-3.12525,3.85021,-0.0119114,-0.0458614,NONE,999.9,0,0
71.1405,19.5877,33.4055,-3.12519,3.85505,0.0390085,0.15038,NONE,999.9,0,0
71.1445,19.5877,33.4055,-3.12519,3.85505,0.0390085,0.15038,NONE,999.9,0,0
71.1492,19.5491,33.4047,-3.12453,3.85967,0.0728567,0.281203,NONE,999.9,0,0
71.1521,19.5491,33.4047,-3.12453,3.85967,0.0728567,0.281203,NONE,999.9,0,0
71.1571,19.5491,33.4047,-3.12453,3.85967,0.0728567,0.281203,NONE,999.9,0,0
71.1609,19.5105,33.4038,-3.12374,3.86407,0.10201,0.394173,NONE,999.9,0,0
71.1647,19.5105,33.4038,-3.12374,3.86407,0.10201,0.394173,NONE,999.9,0,0
71.1695,19.4718,33.403,-3.12254,3.86826,0.119408,0.4619,NONE,999.9,0,0
71.1724,19.4718,33.403,-3.12254,3.86826,0.119408,0.4619,NONE,999.9,0,0
71.1764,19.4718,33.403,-3.12254,3.86826,0.119408,0.4619,NONE,999.9,0,0
71.181,19.4332,33.4021,-3.12134,3.87225,0.136176,0.527308,NONE,999.9,0,0
71.184,19.4332,33.4021,-3.12134,3.87225,0.136176,0.527308,NONE,999.9,0,0
71.1892,19.3944,33.4012,-3.11985,3.87605,0.144286,0.55926,NONE,999.9,0,0
71.1924,19.3944,33.4012,-3.11985,3.87605,0.144286,0.55926,NONE,999.9,0,0
71.1959,19.3944,33.4012,-3.11985,3.87605,0.144286,0.55926,NONE,999.9,0,0
71.2002,19.3557,33.4002,-3.11844,3.87967,0.154123,0.597948,NONE,999.9,0,0
71.2041,19.3557,33.4002,-3.11844,3.87967,0.154123,0.597948,NONE,999.9,0,0
71.2101,19.3169,33.3992,-3.1168,3.88312,0.157086,0.609985,NONE,999.9,0,0
71.2126,19.3169,33.3992,-3.1168,3.88312,0.157086,0.609985,NONE,999.9,0,0
71.2162,19.3169,33.3992,-3.1168,3.88312,0.157086,0.609985,NONE,999.9,0,0
71.2211,19.278,33.3982,-3.11544,3.8864,0.117409,0.456301,NONE,999.9,0,0
71.2248,19.278,33.3982,-3.11544,3.8864,0.117409,0.456301,NONE,999.9,0,0
71.2293,19.2392,33.3972,-3.11458,3.88953,0.0415098,0.161454,NONE,999.9,0,0
71.232,19.2392,33.3972,-3.11458,3.88953,0.0415098,0.161454,NONE,999.9,0,0
71.236,19.2392,33.3972,-3.11458,3.88953,0.0415098,0.161454,NONE,999.9,0,0
71.2406,19.2003,33.3963,-3.11452,3.89251,-0.0116831,-0.0454768,NONE,999.9,0,0
71.2451,19.2003,33.3963,-3.11452,3.89251,-0.0116831,-0.0454768,NONE,999.9,0,0
71.249,19.1613,33.3953,-3.11479,3.89535,-0.0557972,-0.21735,NONE,999.9,0,0
71.2522,19.1613,33.3953,-3.11479,3.89535,-0.0557972,-0.21735,NONE,999.9,0,0
71.2565,19.1613,33.3953,-3.11479,3.89535,-0.0557972,-0.21735,NONE,999.9,0,0
71.2608,19.1224,33.3944,-3.11558,3.89805,-0.0847315,-0.330288,NONE,999.9,0,0
71.2642,19.1224,33.3944,-3.11558,3.89805,-0.0847315,-0.330288,NONE,999.9,0,0
71.2692,19.0834,33.3935,-3.11648,3.90063,-0.110382,-0.430557,NONE,999.9,0,0
71.2728,19.0834,33.3935,-3.11648,3.90063,-0.110382,-0.430557,NONE,999.9,0,0
71.2767,19.0834,33.3935,-3.11648,3.90063,-0.110382,-0.430557,NONE,999.9,0,0
71.2804,19.0444,33.3927,-3.11774,3.90806,-0.124653,-0.48715,NONE,999.9,0,0
71.2848,19.0444,33.3927,-3.11774,3.90806,-0.124653,-0.48715,NONE,999.9,0,0
71.2892,19.0053,33.3918,-3.11898,3.9138,-0.139323,-0.545283,NONE,999.9,0,0
71.2926,19.0053,33.3918,-3.11898,3.9138,-0.139323,-0.545283,NONE,999.9,0,0
71.2963,19.0053,33.3918,-3.11898,3.9138,-0.139323,-0.545283,NONE,999.9,0,0
71.3001,18.9661,33.391,-3.12049,3.91927,-0.14607,-0.572488,NONE,999.9,0,0
71.3046,18.9661,33.391,-3.12049,3.91927,-0.14607,-0.572488,NONE,999.9,0,0
71.3103,18.9269,33.3903,-3.12192,3.92448,-0.15491,-0.607941,NONE,999.9,0,0
71.3126,18.9269,33.3903,-3.12192,3.92448,-0.15491,-0.607941,NONE,999.9,0,0
71.3162,18.9269,33.3903,-3.12192,3.92448,-0.15491,-0.607941,NONE,999.9,0,0
71.3202,18.8876,33.3896,-3.12356,3.92945,-0.157308,-0.618135,NONE,999.9,0,0
71.3253,18.8876,33.3896,-3.12356,3.92945,-0.157308,-0.618135,NONE,999.9,0,0
71.3293,18.8483,33.3889,-3.12508,3.93418,-0.162928,-0.640988,NONE,999.9,0,0
71.3319,18.8483,33.3889,-3.12508,3.93418,-0.162928,-0.640988,NONE,999.9,0,0
71.3367,18.8483,33.3889,-3.12508,3.93418,-0.162928,-0.640988,NONE,999.9,0,0
71.3405,18.809,33.3882,-3.1268,3.93868,-0.162956,-0.641831,NONE,999.9,0,0
71.3442,18.809,33.3882,-3.1268,3.93868,-0.162956,-0.641831,NONE,999.9,0,0
71.3488,18.7695,33.3876,-3.12836,3.94297,-0.166847,-0.657871,NONE,999.9,0,0
71.3521,18.7695,33.3876,-3.12836,3.94297,-0.166847,-0.657871,NONE,999.9,0,0
71.3564,18.7695,33.3876,-3.12836,3.94297,-0.166847,-0.657871,NONE,999.9,0,0
71.3602,18.7301,33.3871,-3.13011,3.94705,-0.165623,-0.653723,NONE,999.9,0,0
71.364,18.7301,33.3871,-3.13011,3.94705,-0.165623,-0.653723,NONE,999.9,0,0
71.3693,18.6906,33.3866,-3.1317,3.95094,-0.168621,-0.666214,NONE,999.9,0,0
71.3726,18.6906,33.3866,-3.1317,3.95094,-0.168621,-0.666214,NONE,999.9,0,0
71.3766,18.6906,33.3866,-3.1317,3.95094,-0.168621,-0.666214,NONE,999.9,0,0
71.3804,18.6511,33.3862,-3.13346,3.95465,-0.166768,-0.65951,NONE,999.9,0,0
71.384,18.6511,33.3862,-3.13346,3.95465,-0.166768,-0.65951,NONE,999.9,0,0
71.3901,18.6115,33.3858,-3.13505,3.95818,-0.169333,-0.67025,NONE,999.9,0,0
71.3925,18.6115,33.3858,-3.13505,3.95818,-0.169333,-0.67025,NONE,999.9,0,0
71.3959,18.6115,33.3858,-3.13505,3.95818,-0.169333,-0.67025,NONE,999.9,0,0
71.4007,18.5719,33.3854,-3.13682,3.96154,-0.167186,-0.662314,NONE,999.9,0,0
71.4042,18.5719,33.3854,-3.13682,3.96154,-0.167186,-0.662314,NONE,999.9,0,0
71.4095,18.5323,33.3852,-3.13842,3.96824,-0.168478,-0.668563,NONE,999.9,0,0
71.4118,18.5323,33.3852,-3.13842,3.96824,-0.168478,-0.668563,NONE,999.9,0,0
71.4163,18.5323,33.3852,-3.13842,3.96824,-0.168478,-0.668563,NONE,999.9,0,0
71.4202,18.4926,33.385,-3.14017,3.97462,-0.165559,-0.658036,NONE,999.9,0,0
71.4244,18.4926,33.385,-3.14017,3.97462,-0.165559,-0.658036,NONE,999.9,0,0
71.4288,18.4528,33.3848,-3.14144,3.98069,-0.0768532,-0.305929,NONE,999.9,0,0
71.432,18.4528,33.3848,-3.14144,3.98069,-0.0768532,-0.305929,NONE,999.9,0,0
71.4362,18.4528,33.3848,-3.14144,3.98069,-0.0768532,-0.305929,NONE,999.9,0,0
71.4406,18.413,33.3846,3.14139,3.98648,-0.0135194,-0.0538949,NONE,999.9,0,0
71.444,18.413,33.3846,3.14139,3.98648,-0.0135194,-0.0538949,NONE,999.9,0,0
71.4491,18.3731,33.3843,3.14144,3.99199,0.038253,0.152706,NONE,999.9,0,0
71.452,18.3731,33.3843,3.14144,3.99199,0.038253,0.152706,NONE,999.9,0,0
71.456,18.3731,33.3843,3.14144,3.99199,0.038253,0.152706,NONE,999.9,0,0
71.4603,18.3331,33.3841,-3.1411,3.99724,0.0732021,0.292607,NONE,999.9,0,0
71.4642,18.3331,33.3841,-3.1411,3.99724,0.0732021,0.292607,NONE,999.9,0,0
71.4691,18.2931,33.3839,-3.14029,4.00224,0.103235,0.413173,NONE,999.9,0,0
71.4719,18.2931,33.3839,-3.14029,4.00224,0.103235,0.413173,NONE,999.9,0,0
71.4762,18.2931,33.3839,-3.14029,4.00224,0.103235,0.413173,NONE,999.9,0,0
71.4804,18.2531,33.3836,-3.13908,4.00701,0.121591,0.487216,NONE,999.9,0,0
71.4841,18.2531,33.3836,-3.13908,4.00701,0.121591,0.487216,NONE,999.9,0,0
71.4889,18.213,33.3833,-3.13785,4.01154,0.139012,0.557651,NONE,999.9,0,0
71.4924,18.213,33.3833,-3.13785,4.01154,0.139012,0.557651,NONE,999.9,0,0
71.4963,18.213,33.3833,-3.13785,4.01154,0.139012,0.557651,NONE,999.9,0,0
71.5002,18.1729,33.383,-3.13633,4.01586,0.147819,0.593622,NONE,999.9,0,0
71.5044,18.1729,33.383,-3.13633,4.01586,0.147819,0.593622,NONE,999.9,0,0
71.509,18.1327,33.3827,-3.13488,4.01998,0.15805,0.635359,NONE,999.9,0,0
71.5122,18.1327,33.3827,-3.13488,4.01998,0.15805,0.635359,NONE,999.9,0,0
71.516,18.1327,33.3827,-3.13488,4.01998,0.15805,0.635359,NONE,999.9,0,0
71.5201,18.0925,33.3823,-3.1332,4.0239,0.161472,0.649745,NONE,999.9,0,0
71.5245,18.0925,33.3823,-3.1332,4.0239,0.161472,0.649745,NONE,999.9,0,0
71.5294,18.0522,33.3819,-3.13164,4.02763,0.167696,0.675417,NONE,999.9,0,0
71.5324,18.0522,33.3819,-3.13164,4.02763,0.167696,0.675417,NONE,999.9,0,0
71.5362,18.0522,33.3819,-3.13164,4.02763,0.167696,0.675417,NONE,999.9,0,0
71.5405,18.0119,33.3815,-3.12987,4.03118,0.168157,0.67787,NONE,999.9,0,0
71.5439,18.0119,33.3815,-3.12987,4.03118,0.168157,0.67787,NONE,999.9,0,0
71.5488,17.9716,33.381,-3.12826,4.03457,0.172215,0.694812,NONE,999.9,0,0
71.5522,17.9716,33.381,-3.12826,4.03457,0.172215,0.694812,NONE,999.9,0,0
71.5566,17.9716,33.381,-3.12826,4.03457,0.172215,0.694812,NONE,999.9,0,0
71.5603,17.9312,33.3805,-3.12646,4.0378,0.171105,0.690889,NONE,999.9,0,0
71.5643,17.9312,33.3805,-3.12646,4.0378,0.171105,0.690889,NONE,999.9,0,0
71.5689,17.8908,33.3799,-3.12481,4.04087,0.174043,0.703284,NONE,999.9,0,0
71.5719,17.8908,33.3799,-3.12481,4.04087,0.174043,0.703284,NONE,999.9,0,0
71.5761,17.8908,33.3799,-3.12481,4.04087,0.174043,0.703284,NONE,999.9,0,0
71.5802,17.8504,33.3792,-3.123,4.04379,0.172145,0.696118,NONE,999.9,0,0
71.5842,17.8504,33.3792,-3.123,4.04379,0.172145,0.696118,NONE,999.9,0,0
71.5891,17.81,33.3786,-3.12135,4.04658,0.174541,0.706295,NONE,999.9,0,0
71.5921,17.81,33.3786,-3.12135,4.04658,0.174541,0.706295,NONE,999.9,0,0
71.5963,17.81,33.3786,-3.12135,4.04658,0.174541,0.706295,NONE,999.9,0,0
71.6003,17.7695,33.3778,-3.11953,4.04908,0.172323,0.69775,NONE,999.9,0,0
71.6056,17.7695,33.3778,-3.11953,4.04908,0.172323,0.69775,NONE,999.9,0,0
71.609,17.729,33.377,-3.11804,4.05147,0.128461,0.520458,NONE,999.9,0,0
71.6119,17.729,33.377,-3.11804,4.05147,0.128461,0.520458,NONE,999.9,0,0
71.6161,17.729,33.377,-3.11804,4.05147,0.128461,0.520458,NONE,999.9,0,0
71.6205,17.6885,33.3762,-3.11708,4.05374,0.0489066,0.198255,NONE,999.9,0,0
71.6244,17.6885,33.3762,-3.11708,4.05374,0.0489066,0.198255,NONE,999.9,0,0
71.6293,17.6479,33.3755,-3.11697,4.05591,-0.00763965,-0.0309857,NONE,999.9,0,0
71.6321,17.6479,33.3755,-3.11697,4.05591,-0.00763965,-0.0309857,NONE,999.9,0,0
71.6364,17.6479,33.3755,-3.11697,4.05591,-0.00763965,-0.0309857,NONE,999.9,0,0
71.6409,17.6074,33.3747,-3.11721,4.05797,-0.0544401,-0.220916,NONE,999.9,0,0
71.6442,17.6074,33.3747,-3.11721,4.05797,-0.0544401,-0.220916,NONE,999.9,0,0
71.6488,17.5668,33.3739,-3.118,4.05993,-0.0857441,-0.348115,NONE,999.9,0,0
71.6524,17.5668,33.3739,-3.118,4.05993,-0.0857441,-0.348115,NONE,999.9,0,0
71.6565,17.5668,33.3739,-3.118,4.05993,-0.0857441,-0.348115,NONE,999.9,0,0
71.6619,17.5262,33.3732,-3.11892,4.0618,-0.113149,-0.459588,NONE,999.9,0,0
71.6649,17.5262,33.3732,-3.11892,4.0618,-0.113149,-0.459588,NONE,999.9,0,0
71.6696,17.4856,33.3725,-3.12022,4.06359,-0.129595,-0.526622,NONE,999.9,0,0
71.6721,17.4856,33.3725,-3.12022,4.06359,-0.129595,-0.526622,NONE,999.9,0,0
71.6764,17.4856,33.3725,-3.12022,4.06359,-0.129595,-0.526622,NONE,999.9,0,0
71.6804,17.4449,33.3718,-3.12152,4.06528,-0.145661,-0.592153,NONE,999.9,0,0
71.684,17.4449,33.3718,-3.12152,4.06528,-0.145661,-0.592153,NONE,999.9,0,0
71.6894,17.4043,33.3711,-3.1231,4.0669,-0.153487,-0.624217,NONE,999.9,0,0
71.6921,17.4043,33.3711,-3.1231,4.0669,-0.153487,-0.624217,NONE,999.9,0,0
71.6962,17.4043,33.3711,-3.1231,4.0669,-0.153487,-0.624217,NONE,999.9,0,0
71.7,17.3636,33.3704,-3.1246,4.06844,-0.16303,-0.663278,NONE,999.9,0,0
71.704,17.3636,33.3704,-3.1246,4.06844,-0.16303,-0.663278,NONE,999.9,0,0
71.7091,17.3229,33.3698,-3.12633,4.0699,-0.165946,-0.675383,NONE,999.9,0,0
71.7121,17.3229,33.3698,-3.12633,4.0699,-0.165946,-0.675383,NONE,999.9,0,0
71.7161,17.3229,33.3698,-3.12633,4.0699,-0.165946,-0.675383,NONE,999.9,0,0
71.7203,17.2822,33.3693,-3.12794,4.0713,-0.171815,-0.699511,NONE,999.9,0,0
71.7247,17.2822,33.3693,-3.12794,4.0713,-0.171815,-0.699511,NONE,999.9,0,0
71.7292,17.2415,33.3687,-3.12974,4.07263,-0.172001,-0.700498,NONE,999.9,0,0
71.7318,17.2415,33.3687,-3.12974,4.07263,-0.172001,-0.700498,NONE,999.9,0,0
71.736,17.2415,33.3687,-3.12974,4.07263,-0.172001,-0.700498,NONE,999.9,0,0
71.74,17.2008,33.3682,-3.1314,4.0739,-0.175861,-0.71644,NONE,999.9,0,0
71.7444,17.2008,33.3682,-3.1314,4.0739,-0.175861,-0.71644,NONE,999.9,0,0
