t,x,y,yaw,speed,yaw_rate,a_lat,planner,min_d,track_error,fre_min_d,fgm_min_d,fre_track,fgm_track,collision
0.0001086,-9.99917,7.475,0,0.118825,0,0,FGM,0.424368,0.14788,0.41505,0.424368,0.0473625,0.14788,0
0.0033113,-9.99917,7.475,0,0.118825,0,0,FGM,0.424368,0.14788,0.41505,0.424368,0.0473625,0.14788,0
0.00699232,-9.99917,7.475,0,0.118825,0,0,FGM,0.424368,0.14788,0.41505,0.424368,0.0473625,0.14788,0
0.0110649,-9.9975,7.475,8.83145e-05,0.213925,0.0207388,0.00443655,FGM,0.424368,0.14788,0.41505,0.424368,0.0473625,0.14788,0
0.0152372,-9.9975,7.475,8.83145e-05,0.213925,0.0207388,0.00443655,FGM,0.424368,0.14788,0.41505,0.424368,0.0473625,0.14788,0
0.0198493,-9.99489,7.475,0.000476435,0.309025,0.0599778,0.0185346,FGM,0.424368,0.14788,0.41505,0.424368,0.0473625,0.14788,0
0.0230462,-9.99489,7.475,0.000476435,0.309025,0.0599778,0.0185346,FGM,0.424368,0.14788,0.41505,0.424368,0.0473625,0.14788,0
0.0269346,-9.99489,7.475,0.000476435,0.309025,0.0599778,0.0185346,FGM,0.424368,0.14788,0.41505,0.424368,0.0473625,0.14788,0
0.0311327,-9.99132,7.475,0.00134999,0.404125,0.117855,0.0476281,FGM,0.413997,0.17012,0.40537,0.413997,0.0473625,0.17012,0
0.0356993,-9.99132,7.475,0.00134999,0.404125,0.117855,0.0476281,FGM,0.413997,0.17012,0.40537,0.413997,0.0473625,0.17012,0
0.0407198,-9.98681,7.47501,0.002439,0.499225,0.0968931,0.0483715,FGM,0.413997,0.17012,0.40537,0.413997,0.0473625,0.17012,0
0.0442943,-9.98681,7.47501,0.002439,0.499225,0.0968931,0.0483715,FGM,0.413997,0.17012,0.40537,0.413997,0.0473625,0.17012,0
0.0472389,-9.98681,7.47501,0.002439,0.499225,0.0968931,0.0483715,FGM,0.413997,0.17012,0.40537,0.413997,0.0473625,0.17012,0
0.0516546,-9.98134,7.47507,0.00354795,0.594002,0.0607739,0.0360998,FGM,0.413997,0.17012,0.40537,0.413997,0.0473625,0.17012,0
0.0549745,-9.98134,7.47507,0.00354795,0.594002,0.0607739,0.0360998,FGM,0.413997,0.17012,0.40537,0.413997,0.0473625,0.17012,0
0.0603001,-9.97495,7.47526,0.00459706,0.684272,0.106458,0.0728464,FGM,0.413997,0.17012,0.40537,0.413997,0.0473625,0.17012,0
0.0629045,-9.97495,7.47526,0.00459706,0.684272,0.106458,0.0728464,FGM,0.413997,0.17012,0.40537,0.413997,0.0473625,0.17012,0
0.0669062,-9.97495,7.47526,0.00459706,0.684272,0.106458,0.0728464,FGM,0.413997,0.17012,0.40537,0.413997,0.0473625,0.17012,0
0.0711197,-9.96769,7.47551,0.00572737,0.77025,0.105157,0.0809973,FGM,0.413997,0.17012,0.40537,0.413997,0.0473625,0.17012,0
0.0750369,-9.96769,7.47551,0.00572737,0.77025,0.105157,0.0809973,FGM,0.413997,0.17012,0.40537,0.413997,0.0473625,0.17012,0
0.0800698,-9.95958,7.47576,0.00679796,0.85214,0.121186,0.103267,FGM,0.417871,0.203618,0.41229,0.417871,0.0473625,0.203618,0
0.0829547,-9.95958,7.47576,0.00679796,0.85214,0.121186,0.103267,FGM,0.417871,0.203618,0.41229,0.417871,0.0473625,0.203618,0
0.0869184,-9.95958,7.47576,0.00679796,0.85214,0.121186,0.103267,FGM,0.417871,0.203618,0.41229,0.417871,0.0473625,0.203618,0
0.0911022,-9.95066,7.47604,0.00807819,0.9312,0.122225,0.113816,FGM,0.417871,0.203618,0.41229,0.417871,0.0473625,0.203618,0
0.0950089,-9.95066,7.47604,0.00807819,0.9312,0.122225,0.113816,FGM,0.417871,0.203618,0.41229,0.417871,0.0473625,0.203618,0
0.0997418,-9.94098,7.47635,0.009313,1.0065,0.137252,0.138144,FGM,0.417871,0.203618,0.41229,0.417871,0.0473625,0.203618,0
0.102933,-9.94098,7.47635,0.009313,1.0065,0.137252,0.138144,FGM,0.417871,0.203618,0.41229,0.417871,0.0473625,0.203618,0
0.106954,-9.94098,7.47635,0.009313,1.0065,0.137252,0.138144,FGM,0.417871,0.203618,0.41229,0.417871,0.0473625,0.203618,0
0.1109,-9.93056,7.47669,0.0107608,1.07822,0.139543,0.150458,FGM,0.417871,0.203618,0.41229,0.417871,0.0473625,0.203618,0
0.115495,-9.93056,7.47669,0.0107608,1.07822,0.139543,0.150458,FGM,0.417871,0.203618,0.41229,0.417871,0.0473625,0.203618,0
0.119642,-9.91945,7.47706,0.0121632,1.14653,0.153601,0.176108,FGM,0.417871,0.203618,0.41229,0.417871,0.0473625,0.203618,0
0.122967,-9.91945,7.47706,0.0121632,1.14653,0.153601,0.176108,FGM,0.417871,0.203618,0.41229,0.417871,0.0473625,0.203618,0
0.127019,-9.91945,7.47706,0.0121632,1.14653,0.153601,0.176108,FGM,0.417871,0.203618,0.41229,0.417871,0.0473625,0.203618,0
0.134627,-9.90766,7.47747,0.013777,1.21159,0.156161,0.189204,FGM,0.420037,0.242151,0.408009,0.420037,0.0473625,0.242151,0
0.137308,-9.90766,7.47747,0.013777,1.21159,0.156161,0.189204,FGM,0.420037,0.242151,0.408009,0.420037,0.0473625,0.242151,0
0.140144,-9.89523,7.47791,0.0153395,1.27618,0.16907,0.215764,FGM,0.420037,0.242151,0.408009,0.420037,0.0473625,0.242151,0
0.142859,-9.89523,7.47791,0.0153395,1.27618,0.16907,0.215764,FGM,0.420037,0.242151,0.408009,0.420037,0.0473625,0.242151,0
0.146912,-9.89523,7.47791,0.0153395,1.27618,0.16907,0.215764,FGM,0.420037,0.242151,0.408009,0.420037,0.0473625,0.242151,0
0.151097,-9.88217,7.4784,0.0171088,1.33769,0.171732,0.229725,FGM,0.420037,0.242151,0.408009,0.420037,0.0473625,0.242151,0
0.155048,-9.88217,7.4784,0.0171088,1.33769,0.171732,0.229725,FGM,0.420037,0.242151,0.408009,0.420037,0.0473625,0.242151,0
0.159689,-9.86851,7.47892,0.0188223,1.39628,0.183957,0.256856,FGM,0.420037,0.242151,0.408009,0.420037,0.0473625,0.242151,0
0.163003,-9.86851,7.47892,0.0188223,1.39628,0.183957,0.256856,FGM,0.420037,0.242151,0.408009,0.420037,0.0473625,0.242151,0
0.167017,-9.86851,7.47892,0.0188223,1.39628,0.183957,0.256856,FGM,0.420037,0.242151,0.408009,0.420037,0.0473625,0.242151,0
0.171468,-9.85428,7.47949,0.0207409,1.45209,0.186384,0.270645,FGM,0.420037,0.242151,0.408009,0.420037,0.0473625,0.242151,0
0.175098,-9.85428,7.47949,0.0207409,1.45209,0.186384,0.270645,FGM,0.420037,0.242151,0.408009,0.420037,0.0473625,0.242151,0
0.180048,-9.83951,7.4801,0.0225955,1.50524,0.197806,0.297745,FGM,0.420037,0.242151,0.408009,0.420037,0.0473625,0.242151,0
0.182904,-9.83951,7.4801,0.0225955,1.50524,0.197806,0.297745,FGM,0.434439,0.269927,0.423263,0.434439,0.0473625,0.269927,0
0.187024,-9.83951,7.4801,0.0225955,1.50524,0.197806,0.297745,FGM,0.434439,0.269927,0.423263,0.434439,0.0473625,0.269927,0
0.19275,-9.82421,7.48076,0.0246508,1.55778,0.199764,0.311189,FGM,0.434439,0.269927,0.423263,0.434439,0.0473625,0.269927,0
0.196895,-9.82421,7.48076,0.0246508,1.55778,0.199764,0.311189,FGM,0.434439,0.269927,0.423263,0.434439,0.0473625,0.269927,0
0.203572,-9.80839,7.48146,0.0266343,1.60782,0.210417,0.338313,FGM,0.434439,0.269927,0.423263,0.434439,0.0473625,0.269927,0
0.209044,-9.80839,7.48146,0.0266343,1.60782,0.210417,0.338313,FGM,0.434439,0.269927,0.423263,0.434439,0.0473625,0.269927,0
0.215395,-9.79209,7.48223,0.0288169,1.65549,0.212259,0.351393,FGM,0.434439,0.269927,0.423263,0.434439,0.0473625,0.269927,0
0.218255,-9.79209,7.48223,0.0288169,1.65549,0.212259,0.351393,FGM,0.434439,0.269927,0.423263,0.434439,0.0473625,0.269927,0
0.221682,-9.77533,7.48303,0.0309213,1.70089,0.222376,0.378237,FGM,0.434439,0.269927,0.423263,0.434439,0.0473625,0.269927,0
0.223934,-9.77533,7.48303,0.0309213,1.70089,0.222376,0.378237,FGM,0.434439,0.269927,0.423263,0.434439,0.0473625,0.269927,0
0.226875,-9.77533,7.48303,0.0309213,1.70089,0.222376,0.378237,FGM,0.434439,0.269927,0.423263,0.434439,0.0473625,0.269927,0
0.23109,-9.75813,7.4839,0.0332232,1.74413,0.223886,0.390485,FGM,0.425317,0.289183,0.416809,0.425317,0.0473625,0.289183,0
0.234962,-9.75813,7.4839,0.0332232,1.74413,0.223886,0.390485,FGM,0.425317,0.289183,0.416809,0.425317,0.0473625,0.289183,0
0.239624,-9.7405,7.48481,0.0354392,1.78654,0.233262,0.416731,FGM,0.425317,0.289183,0.416809,0.425317,0.0473625,0.289183,0
0.242906,-9.7405,7.48481,0.0354392,1.78654,0.233262,0.416731,FGM,0.425317,0.289183,0.416809,0.425317,0.0473625,0.289183,0
0.246921,-9.7405,7.48481,0.0354392,1.78654,0.233262,0.416731,FGM,0.425317,0.289183,0.416809,0.425317,0.0473625,0.289183,0
0.251049,-9.72246,7.48579,0.0378491,1.82693,0.234443,0.428312,FGM,0.425317,0.289183,0.416809,0.425317,0.0473625,0.289183,0
0.255087,-9.72246,7.48579,0.0378491,1.82693,0.234443,0.428312,FGM,0.425317,0.289183,0.416809,0.425317,0.0473625,0.289183,0
0.261258,-9.70403,7.48682,0.0401678,1.86541,0.243506,0.454237,FGM,0.425317,0.289183,0.416809,0.425317,0.0473625,0.289183,0
0.265013,-9.70403,7.48682,0.0401678,1.86541,0.243506,0.454237,FGM,0.425317,0.289183,0.416809,0.425317,0.0473625,0.289183,0
0.268918,-9.70403,7.48682,0.0401678,1.86541,0.243506,0.454237,FGM,0.425317,0.289183,0.416809,0.425317,0.0473625,0.289183,0
0.274718,-9.68522,7.48792,0.0426803,1.90205,0.244442,0.464941,FGM,0.425317,0.289183,0.416809,0.425317,0.0473625,0.289183,0
0.277609,-9.68522,7.48792,0.0426803,1.90205,0.244442,0.464941,FGM,0.425317,0.289183,0.416809,0.425317,0.0473625,0.289183,0
0.281941,-9.66606,7.48907,0.0450957,1.93695,0.253086,0.490215,FGM,0.433501,0.324548,0.425391,0.433501,0.0473625,0.324548,0
0.284439,-9.66606,7.48907,0.0450957,1.93695,0.253086,0.490215,FGM,0.433501,0.324548,0.425391,0.433501,0.0473625,0.324548,0
0.287122,-9.66606,7.48907,0.0450957,1.93695,0.253086,0.490215,FGM,0.433501,0.324548,0.425391,0.433501,0.0473625,0.324548,0
0.2911,-9.64654,7.4903,0.0476982,1.97449,0.253087,0.499718,FGM,0.433501,0.324548,0.425391,0.433501,0.0473625,0.324548,0
0.295026,-9.64654,7.4903,0.0476982,1.97449,0.253087,0.499718,FGM,0.433501,0.324548,0.425391,0.433501,0.0473625,0.324548,0
0.301119,-9.62666,7.49158,0.0501966,2.01024,0.261011,0.524696,FGM,0.433501,0.324548,0.425391,0.433501,0.0473625,0.324548,0
0.304864,-9.62666,7.49158,0.0501966,2.01024,0.261011,0.524696,FGM,0.433501,0.324548,0.425391,0.433501,0.0473625,0.324548,0
0.308543,-9.62666,7.49158,0.0501966,2.01024,0.261011,0.524696,FGM,0.433501,0.324548,0.425391,0.433501,0.0473625,0.324548,0
0.312518,-9.60643,7.49295,0.0528828,2.0443,0.261572,0.534731,FGM,0.433501,0.324548,0.425391,0.433501,0.0473625,0.324548,0
0.315581,-9.60643,7.49295,0.0528828,2.0443,0.261572,0.534731,FGM,0.433501,0.324548,0.425391,0.433501,0.0473625,0.324548,0
0.319773,-9.58587,7.49435,0.0552115,2.07673,0.195128,0.405228,FGM,0.433501,0.324548,0.425391,0.433501,0.0473625,0.324548,0
0.32313,-9.58587,7.49435,0.0552115,2.07673,0.195128,0.405228,FGM,0.433501,0.324548,0.425391,0.433501,0.0473625,0.324548,0
0.327776,-9.58587,7.49435,0.0552115,2.07673,0.195128,0.405228,FGM,0.433501,0.324548,0.425391,0.433501,0.0473625,0.324548,0
0.332556,-9.565,7.49574,0.0569027,2.10763,0.161202,0.339753,FRENET,0.425956,0.0462558,0.425956,0.446796,0.0462558,0.335633,0
0.336524,-9.565,7.49574,0.0569027,2.10763,0.161202,0.339753,FRENET,0.425956,0.0462558,0.425956,0.446796,0.0462558,0.335633,0
0.342402,-9.54395,7.49716,0.0584508,2.11173,0.13359,0.282107,FRENET,0.425956,0.0462558,0.425956,0.446796,0.0462558,0.335633,0
0.346331,-9.54395,7.49716,0.0584508,2.11173,0.13359,0.282107,FRENET,0.425956,0.0462558,0.425956,0.446796,0.0462558,0.335633,0
0.349541,-9.52286,7.49857,0.0596474,2.11565,0.123814,0.261947,FRENET,0.425956,0.0462558,0.425956,0.446796,0.0462558,0.335633,0
0.352458,-9.52286,7.49857,0.0596474,2.11565,0.123814,0.261947,FRENET,0.425956,0.0462558,0.425956,0.446796,0.0462558,0.335633,0
0.354831,-9.52286,7.49857,0.0596474,2.11565,0.123814,0.261947,FRENET,0.425956,0.0462558,0.425956,0.446796,0.0462558,0.335633,0
0.359691,-9.50173,7.49999,0.0609016,2.11937,0.110883,0.235001,FRENET,0.425956,0.0462558,0.425956,0.446796,0.0462558,0.335633,0
0.36289,-9.50173,7.49999,0.0609016,2.11937,0.110883,0.235001,FRENET,0.425956,0.0462558,0.425956,0.446796,0.0462558,0.335633,0
0.367098,-9.50173,7.49999,0.0609016,2.11937,0.110883,0.235001,FRENET,0.425956,0.0462558,0.425956,0.446796,0.0462558,0.335633,0
0.371336,-9.48057,7.5014,0.0616285,2.12292,0.0248118,0.0526734,FRENET,0.425956,0.0462558,0.425956,0.446796,0.0462558,0.335633,0
0.375321,-9.48057,7.5014,0.0616285,2.12292,0.0248118,0.0526734,FRENET,0.425956,0.0462558,0.425956,0.446796,0.0462558,0.335633,0
0.380148,-9.45936,7.50273,0.0615463,2.1263,-0.0200611,-0.0426559,FRENET,0.43075,0.0462558,0.43075,0.436796,0.0462558,0.356072,0
0.383078,-9.45936,7.50273,0.0615463,2.1263,-0.0200611,-0.0426559,FRENET,0.43075,0.0462558,0.43075,0.436796,0.0462558,0.356072,0
0.387016,-9.45936,7.50273,0.0615463,2.1263,-0.0200611,-0.0426559,FRENET,0.43075,0.0462558,0.43075,0.436796,0.0462558,0.356072,0
0.390978,-9.43813,7.50404,0.061247,2.12952,-0.0541216,-0.115253,FRENET,0.43075,0.0462558,0.43075,0.436796,0.0462558,0.356072,0
0.395054,-9.43813,7.50404,0.061247,2.12952,-0.0541216,-0.115253,FRENET,0.43075,0.0462558,0.43075,0.436796,0.0462558,0.356072,0
0.399628,-9.41685,7.5053,0.0605447,2.13259,-0.0678569,-0.144711,FRENET,0.43075,0.0462558,0.43075,0.436796,0.0462558,0.356072,0
0.402887,-9.41685,7.5053,0.0605447,2.13259,-0.0678569,-0.144711,FRENET,0.43075,0.0462558,0.43075,0.436796,0.0462558,0.356072,0
0.40704,-9.41685,7.5053,0.0605447,2.13259,-0.0678569,-0.144711,FRENET,0.43075,0.0462558,0.43075,0.436796,0.0462558,0.356072,0
0.411072,-9.39555,7.50654,0.0598693,2.13551,-0.0832142,-0.177705,FRENET,0.43075,0.0462558,0.43075,0.436796,0.0462558,0.356072,0
0.415095,-9.39555,7.50654,0.0598693,2.13551,-0.0832142,-0.177705,FRENET,0.43075,0.0462558,0.43075,0.436796,0.0462558,0.356072,0
0.41961,-9.37421,7.50774,0.0589373,2.13829,-0.0856946,-0.18324,FRENET,0.43075,0.0462558,0.43075,0.436796,0.0462558,0.356072,0
0.422946,-9.37421,7.50774,0.0589373,2.13829,-0.0856946,-0.18324,FRENET,0.43075,0.0462558,0.43075,0.436796,0.0462558,0.356072,0
0.428313,-9.37421,7.50774,0.0589373,2.13829,-0.0856946,-0.18324,FRENET,0.43075,0.0462558,0.43075,0.436796,0.0462558,0.356072,0
0.434293,-9.35285,7.50893,0.0581206,2.14094,-0.0942432,-0.201769,FRENET,0.424866,0.0462558,0.424866,0.459203,0.0462558,0.345172,0
0.436943,-9.35285,7.50893,0.0581206,2.14094,-0.0942432,-0.201769,FRENET,0.424866,0.0462558,0.424866,0.459203,0.0462558,0.345172,0
0.441046,-9.33146,7.51009,0.0571006,2.14346,-0.0925988,-0.198482,FRENET,0.424866,0.0462558,0.424866,0.459203,0.0462558,0.345172,0
0.443796,-9.33146,7.51009,0.0571006,2.14346,-0.0925988,-0.198482,FRENET,0.424866,0.0462558,0.424866,0.459203,0.0462558,0.345172,0
0.447204,-9.33146,7.51009,0.0571006,2.14346,-0.0925988,-0.198482,FRENET,0.424866,0.0462558,0.424866,0.459203,0.0462558,0.345172,0
0.450988,-9.31004,7.51123,0.0562286,2.14586,-0.0986247,-0.211635,FRENET,0.424866,0.0462558,0.424866,0.459203,0.0462558,0.345172,0
0.45516,-9.31004,7.51123,0.0562286,2.14586,-0.0986247,-0.211635,FRENET,0.424866,0.0462558,0.424866,0.459203,0.0462558,0.345172,0
0.459795,-9.28854,7.51234,0.0551829,2.16004,-0.0945387,-0.204208,FRENET,0.424866,0.0462558,0.424866,0.459203,0.0462558,0.345172,0
0.462894,-9.28854,7.51234,0.0551829,2.16004,-0.0945387,-0.204208,FRENET,0.424866,0.0462558,0.424866,0.459203,0.0462558,0.345172,0
0.467331,-9.28854,7.51234,0.0551829,2.16004,-0.0945387,-0.204208,FRENET,0.424866,0.0462558,0.424866,0.459203,0.0462558,0.345172,0
0.471162,-9.2669,7.51345,0.0542966,2.17354,-0.0988586,-0.214874,FRENET,0.424866,0.0462558,0.424866,0.459203,0.0462558,0.345172,0
0.475468,-9.2669,7.51345,0.0542966,2.17354,-0.0988586,-0.214874,FRENET,0.424866,0.0462558,0.424866,0.459203,0.0462558,0.345172,0
0.481427,-9.24513,7.51453,0.0532445,2.1864,-0.0954338,-0.208657,FRENET,0.428028,0.0462558,0.428028,0.445185,0.0462558,0.351268,0
0.484972,-9.24513,7.51453,0.0532445,2.1864,-0.0954338,-0.208657,FRENET,0.428028,0.0462558,0.428028,0.445185,0.0462558,0.351268,0
0.488138,-9.24513,7.51453,0.0532445,2.1864,-0.0954338,-0.208657,FRENET,0.428028,0.0462558,0.428028,0.445185,0.0462558,0.351268,0
0.493732,-9.22323,7.5156,0.052348,2.19865,-0.100043,-0.219961,FRENET,0.428028,0.0462558,0.428028,0.445185,0.0462558,0.351268,0
0.4963,-9.22323,7.5156,0.052348,2.19865,-0.100043,-0.219961,FRENET,0.428028,0.0462558,0.428028,0.445185,0.0462558,0.351268,0
0.500093,-9.20121,7.51665,0.0512828,2.21032,-0.096757,-0.213864,FRENET,0.428028,0.0462558,0.428028,0.445185,0.0462558,0.351268,0
0.503909,-9.20121,7.51665,0.0512828,2.21032,-0.096757,-0.213864,FRENET,0.428028,0.0462558,0.428028,0.445185,0.0462558,0.351268,0
0.506939,-9.20121,7.51665,0.0512828,2.21032,-0.096757,-0.213864,FRENET,0.428028,0.0462558,0.428028,0.445185,0.0462558,0.351268,0
0.511687,-9.17908,7.51769,0.0503735,2.22143,-0.101374,-0.225196,FRENET,0.428028,0.0462558,0.428028,0.445185,0.0462558,0.351268,0
0.514997,-9.17908,7.51769,0.0503735,2.22143,-0.101374,-0.225196,FRENET,0.428028,0.0462558,0.428028,0.445185,0.0462558,0.351268,0
0.519998,-9.15683,7.5187,0.0492945,2.23202,-0.0980746,-0.218904,FRENET,0.428028,0.0462558,0.428028,0.445185,0.0462558,0.351268,0
0.523102,-9.15683,7.5187,0.0492945,2.23202,-0.0980746,-0.218904,FRENET,0.428028,0.0462558,0.428028,0.445185,0.0462558,0.351268,0
0.527095,-9.15683,7.5187,0.0492945,2.23202,-0.0980746,-0.218904,FRENET,0.428028,0.0462558,0.428028,0.445185,0.0462558,0.351268,0
0.530936,-9.13448,7.51971,0.0483727,2.2421,-0.102627,-0.230099,FRENET,0.422384,0.0462558,0.422384,0.420681,0.0462558,0.365203,0
0.534978,-9.13448,7.51971,0.0483727,2.2421,-0.102627,-0.230099,FRENET,0.422384,0.0462558,0.422384,0.420681,0.0462558,0.365203,0
0.54006,-9.11204,7.52069,0.0472812,2.2517,-0.0992776,-0.223543,FRENET,0.422384,0.0462558,0.422384,0.420681,0.0462558,0.365203,0
0.542886,-9.11204,7.52069,0.0472812,2.2517,-0.0992776,-0.223543,FRENET,0.422384,0.0462558,0.422384,0.420681,0.0462558,0.365203,0
0.546958,-9.11204,7.52069,0.0472812,2.2517,-0.0992776,-0.223543,FRENET,0.422384,0.0462558,0.422384,0.420681,0.0462558,0.365203,0
0.550935,-9.08949,7.52166,0.046348,2.26084,-0.103754,-0.234571,FRENET,0.422384,0.0462558,0.422384,0.420681,0.0462558,0.365203,0
0.555458,-9.08949,7.52166,0.046348,2.26084,-0.103754,-0.234571,FRENET,0.422384,0.0462558,0.422384,0.420681,0.0462558,0.365203,0
0.562691,-9.06686,7.5226,0.0452452,2.26955,-0.100354,-0.227759,FRENET,0.422384,0.0462558,0.422384,0.420681,0.0462558,0.365203,0
0.566064,-9.06686,7.5226,0.0452452,2.26955,-0.100354,-0.227759,FRENET,0.422384,0.0462558,0.422384,0.420681,0.0462558,0.365203,0
0.568629,-9.06686,7.5226,0.0452452,2.26955,-0.100354,-0.227759,FRENET,0.422384,0.0462558,0.422384,0.420681,0.0462558,0.365203,0
0.572487,-9.04414,7.52354,0.0443019,2.27785,-0.104762,-0.238631,FRENET,0.422384,0.0462558,0.422384,0.420681,0.0462558,0.365203,0
0.575111,-9.04414,7.52354,0.0443019,2.27785,-0.104762,-0.238631,FRENET,0.422384,0.0462558,0.422384,0.420681,0.0462558,0.365203,0
0.580527,-9.02134,7.52444,0.0431889,2.28575,-0.101318,-0.231586,FRENET,0.437907,0.0467011,0.437907,0.432789,0.0467011,0.360901,0
0.583381,-9.02134,7.52444,0.0431889,2.28575,-0.101318,-0.231586,FRENET,0.437907,0.0467011,0.437907,0.432789,0.0467011,0.360901,0
0.58696,-9.02134,7.52444,0.0431889,2.28575,-0.101318,-0.231586,FRENET,0.437907,0.0467011,0.437907,0.432789,0.0467011,0.360901,0
0.591054,-8.99831,7.52534,0.0422453,2.32526,-0.101886,-0.236912,FRENET,0.437907,0.0467011,0.437907,0.432789,0.0467011,0.360901,0
0.595164,-8.99831,7.52534,0.0422453,2.32526,-0.101886,-0.236912,FRENET,0.437907,0.0467011,0.437907,0.432789,0.0467011,0.360901,0
0.601249,-8.97488,7.52623,0.0411755,2.36289,-0.0980087,-0.231584,FRENET,0.437907,0.0467011,0.437907,0.432789,0.0467011,0.360901,0
0.603389,-8.97488,7.52623,0.0411755,2.36289,-0.0980087,-0.231584,FRENET,0.437907,0.0467011,0.437907,0.432789,0.0467011,0.360901,0
0.606894,-8.97488,7.52623,0.0411755,2.36289,-0.0980087,-0.231584,FRENET,0.437907,0.0467011,0.437907,0.432789,0.0467011,0.360901,0
0.611086,-8.95109,7.52711,0.0402507,2.39873,-0.101411,-0.243258,FRENET,0.437907,0.0467011,0.437907,0.432789,0.0467011,0.360901,0
0.615128,-8.95109,7.52711,0.0402507,2.39873,-0.101411,-0.243258,FRENET,0.437907,0.0467011,0.437907,0.432789,0.0467011,0.360901,0
0.619608,-8.92695,7.52797,0.0391756,2.43287,-0.0991583,-0.24124,FRENET,0.437907,0.0467011,0.437907,0.432789,0.0467011,0.360901,0
0.622987,-8.92695,7.52797,0.0391756,2.43287,-0.0991583,-0.24124,FRENET,0.437907,0.0467011,0.437907,0.432789,0.0467011,0.360901,0
0.62691,-8.92695,7.52797,0.0391756,2.43287,-0.0991583,-0.24124,FRENET,0.437907,0.0467011,0.437907,0.432789,0.0467011,0.360901,0
0.63092,-8.90247,7.52884,0.0382357,2.46539,-0.103416,-0.254961,FRENET,0.426778,0.0467011,0.426778,0.399167,0.0467011,0.376757,0
0.635029,-8.90247,7.52884,0.0382357,2.46539,-0.103416,-0.254961,FRENET,0.426778,0.0467011,0.426778,0.399167,0.0467011,0.376757,0
0.639692,-8.87768,7.52968,0.0371368,2.49636,-0.101632,-0.25371,FRENET,0.426778,0.0467011,0.426778,0.399167,0.0467011,0.376757,0
0.643215,-8.87768,7.52968,0.0371368,2.49636,-0.101632,-0.25371,FRENET,0.426778,0.0467011,0.426778,0.399167,0.0467011,0.376757,0
0.646947,-8.87768,7.52968,0.0371368,2.49636,-0.101632,-0.25371,FRENET,0.426778,0.0467011,0.426778,0.399167,0.0467011,0.376757,0
0.650983,-8.85258,7.53052,0.0361722,2.52586,-0.106079,-0.26794,FRENET,0.426778,0.0467011,0.426778,0.399167,0.0467011,0.376757,0
0.655121,-8.85258,7.53052,0.0361722,2.52586,-0.106079,-0.26794,FRENET,0.426778,0.0467011,0.426778,0.399167,0.0467011,0.376757,0
0.659979,-8.82719,7.53133,0.0350451,2.55395,-0.104373,-0.266564,FRENET,0.426778,0.0467011,0.426778,0.399167,0.0467011,0.376757,0
0.66325,-8.82719,7.53133,0.0350451,2.55395,-0.104373,-0.266564,FRENET,0.426778,0.0467011,0.426778,0.399167,0.0467011,0.376757,0
0.667389,-8.82719,7.53133,0.0350451,2.55395,-0.104373,-0.266564,FRENET,0.426778,0.0467011,0.426778,0.399167,0.0467011,0.376757,0
0.673306,-8.80153,7.53214,0.0340543,2.58071,-0.108791,-0.280759,FRENET,0.426778,0.0467011,0.426778,0.399167,0.0467011,0.376757,0
0.675889,-8.80153,7.53214,0.0340543,2.58071,-0.108791,-0.280759,FRENET,0.426778,0.0467011,0.426778,0.399167,0.0467011,0.376757,0
0.680266,-8.77561,7.53291,0.0328993,2.6062,-0.107039,-0.278964,FRENET,0.436549,0.0467011,0.436549,0.380315,0.0467011,0.382078,0
0.683015,-8.77561,7.53291,0.0328993,2.6062,-0.107039,-0.278964,FRENET,0.436549,0.0467011,0.436549,0.380315,0.0467011,0.382078,0
0.686884,-8.77561,7.53291,0.0328993,2.6062,-0.107039,-0.278964,FRENET,0.436549,0.0467011,0.436549,0.380315,0.0467011,0.382078,0
0.691135,-8.74938,7.53369,0.0318874,2.64236,-0.109739,-0.289971,FRENET,0.436549,0.0467011,0.436549,0.380315,0.0467011,0.382078,0
0.694921,-8.74938,7.53369,0.0318874,2.64236,-0.109739,-0.289971,FRENET,0.436549,0.0467011,0.436549,0.380315,0.0467011,0.382078,0
0.69964,-8.72279,7.53443,0.0307294,2.6768,-0.107462,-0.287655,FRENET,0.436549,0.0467011,0.436549,0.380315,0.0467011,0.382078,0
0.702948,-8.72279,7.53443,0.0307294,2.6768,-0.107462,-0.287655,FRENET,0.436549,0.0467011,0.436549,0.380315,0.0467011,0.382078,0
0.707619,-8.72279,7.53443,0.0307294,2.6768,-0.107462,-0.287655,FRENET,0.436549,0.0467011,0.436549,0.380315,0.0467011,0.382078,0
0.712338,-8.69587,7.53517,0.029709,2.7096,-0.111186,-0.301271,FRENET,0.436549,0.0467011,0.436549,0.380315,0.0467011,0.382078,0
0.715193,-8.69587,7.53517,0.029709,2.7096,-0.111186,-0.301271,FRENET,0.436549,0.0467011,0.436549,0.380315,0.0467011,0.382078,0
0.719872,-8.66863,7.53588,0.028532,2.74085,-0.10952,-0.300178,FRENET,0.436549,0.0467011,0.436549,0.380315,0.0467011,0.382078,0
0.722977,-8.66863,7.53588,0.028532,2.74085,-0.10952,-0.300178,FRENET,0.436549,0.0467011,0.436549,0.380315,0.0467011,0.382078,0
0.727054,-8.66863,7.53588,0.028532,2.74085,-0.10952,-0.300178,FRENET,0.436549,0.0467011,0.436549,0.380315,0.0467011,0.382078,0
0.731688,-8.64108,7.53659,0.0274904,2.77061,-0.113571,-0.31466,FRENET,0.426847,0.0467011,0.426847,0.344734,0.0467011,0.396013,0
0.735185,-8.64108,7.53659,0.0274904,2.77061,-0.113571,-0.31466,FRENET,0.426847,0.0467011,0.426847,0.344734,0.0467011,0.396013,0
0.73968,-8.61324,7.53725,0.0262875,2.79895,-0.112077,-0.313699,FRENET,0.426847,0.0467011,0.426847,0.344734,0.0467011,0.396013,0
0.742917,-8.61324,7.53725,0.0262875,2.79895,-0.112077,-0.313699,FRENET,0.426847,0.0467011,0.426847,0.344734,0.0467011,0.396013,0
0.7471,-8.61324,7.53725,0.0262875,2.79895,-0.112077,-0.313699,FRENET,0.426847,0.0467011,0.426847,0.344734,0.0467011,0.396013,0
0.753737,-8.58512,7.53791,0.0252209,2.82595,-0.116184,-0.32833,FRENET,0.426847,0.0467011,0.426847,0.344734,0.0467011,0.396013,0
0.757357,-8.58512,7.53791,0.0252209,2.82595,-0.116184,-0.32833,FRENET,0.426847,0.0467011,0.426847,0.344734,0.0467011,0.396013,0
0.763512,-8.55674,7.53854,0.0239909,2.85166,-0.114695,-0.327072,FRENET,0.426847,0.0467011,0.426847,0.344734,0.0467011,0.396013,0
0.767623,-8.55674,7.53854,0.0239909,2.85166,-0.114695,-0.327072,FRENET,0.426847,0.0467011,0.426847,0.344734,0.0467011,0.396013,0
0.771194,-8.52811,7.53915,0.0228993,2.87615,-0.118758,-0.341565,FRENET,0.426847,0.0467011,0.426847,0.344734,0.0467011,0.396013,0
0.774889,-8.52811,7.53915,0.0228993,2.87615,-0.118758,-0.341565,FRENET,0.426847,0.0467011,0.426847,0.344734,0.0467011,0.396013,0
0.780271,-8.49924,7.53972,0.0216429,2.89948,-0.117212,-0.339854,FRENET,0.459244,0.0504429,0.459244,0.344646,0.0504429,0.396511,0
0.782954,-8.49924,7.53972,0.0216429,2.89948,-0.117212,-0.339854,FRENET,0.459244,0.0504429,0.459244,0.344646,0.0504429,0.396511,0
0.787111,-8.49924,7.53972,0.0216429,2.89948,-0.117212,-0.339854,FRENET,0.459244,0.0504429,0.459244,0.344646,0.0504429,0.396511,0
0.791005,-8.47013,7.54028,0.0205282,2.92332,-0.120928,-0.35351,FRENET,0.459244,0.0504429,0.459244,0.344646,0.0504429,0.396511,0
0.795151,-8.47013,7.54028,0.0205282,2.92332,-0.120928,-0.35351,FRENET,0.459244,0.0504429,0.459244,0.344646,0.0504429,0.396511,0
0.799909,-8.44079,7.5408,0.0192509,2.94603,-0.119204,-0.35118,FRENET,0.459244,0.0504429,0.459244,0.344646,0.0504429,0.396511,0
0.802937,-8.44079,7.5408,0.0192509,2.94603,-0.119204,-0.35118,FRENET,0.459244,0.0504429,0.459244,0.344646,0.0504429,0.396511,0
0.806903,-8.44079,7.5408,0.0192509,2.94603,-0.119204,-0.35118,FRENET,0.459244,0.0504429,0.459244,0.344646,0.0504429,0.396511,0
0.811227,-8.41122,7.5413,0.0181166,2.96766,-0.123012,-0.365056,FRENET,0.459244,0.0504429,0.459244,0.344646,0.0504429,0.396511,0
0.816266,-8.41122,7.5413,0.0181166,2.96766,-0.123012,-0.365056,FRENET,0.459244,0.0504429,0.459244,0.344646,0.0504429,0.396511,0
0.820556,-8.38145,7.54176,0.0168174,2.98826,-0.121326,-0.362553,FRENET,0.459244,0.0504429,0.459244,0.344646,0.0504429,0.396511,0
0.82323,-8.38145,7.54176,0.0168174,2.98826,-0.121326,-0.362553,FRENET,0.459244,0.0504429,0.459244,0.344646,0.0504429,0.396511,0
0.827162,-8.38145,7.54176,0.0168174,2.98826,-0.121326,-0.362553,FRENET,0.459244,0.0504429,0.459244,0.344646,0.0504429,0.396511,0
0.83203,-8.35147,7.54221,0.0156626,3.00788,-0.125126,-0.376363,FRENET,0.452566,0.0504429,0.452566,0.455592,0.0504429,0.0766145,0
0.835473,-8.35147,7.54221,0.0156626,3.00788,-0.125126,-0.376363,FRENET,0.452566,0.0504429,0.452566,0.455592,0.0504429,0.0766145,0
0.839708,-8.3213,7.54261,0.0143418,3.02657,-0.123413,-0.373517,FRENET,0.452566,0.0504429,0.452566,0.455592,0.0504429,0.0766145,0
0.842959,-8.3213,7.54261,0.0143418,3.02657,-0.123413,-0.373517,FRENET,0.452566,0.0504429,0.452566,0.455592,0.0504429,0.0766145,0
0.848776,-8.3213,7.54261,0.0143418,3.02657,-0.123413,-0.373517,FRENET,0.452566,0.0504429,0.452566,0.455592,0.0504429,0.0766145,0
0.852885,-8.29095,7.54299,0.013167,3.04437,-0.127165,-0.387136,FRENET,0.452566,0.0504429,0.452566,0.455592,0.0504429,0.0766145,0
0.855191,-8.29095,7.54299,0.013167,3.04437,-0.127165,-0.387136,FRENET,0.452566,0.0504429,0.452566,0.455592,0.0504429,0.0766145,0
0.859739,-8.26042,7.54332,0.0118254,3.06132,-0.125399,-0.383886,FRENET,0.452566,0.0504429,0.452566,0.455592,0.0504429,0.0766145,0
0.862974,-8.26042,7.54332,0.0118254,3.06132,-0.125399,-0.383886,FRENET,0.452566,0.0504429,0.452566,0.455592,0.0504429,0.0766145,0
0.867567,-8.26042,7.54332,0.0118254,3.06132,-0.125399,-0.383886,FRENET,0.452566,0.0504429,0.452566,0.455592,0.0504429,0.0766145,0
0.871897,-8.22973,7.54363,0.0106317,3.07747,-0.129089,-0.397266,FRENET,0.452566,0.0504429,0.452566,0.455592,0.0504429,0.0766145,0
0.874894,-8.22973,7.54363,0.0106317,3.07747,-0.129089,-0.397266,FRENET,0.452566,0.0504429,0.452566,0.455592,0.0504429,0.0766145,0
0.880457,-8.19888,7.5439,0.00927059,3.09285,-0.127261,-0.3936,FGM,0.481345,0.137031,0.448246,0.481345,0.0504429,0.137031,0
0.883917,-8.19888,7.5439,0.00927059,3.09285,-0.127261,-0.3936,FGM,0.481345,0.137031,0.448246,0.481345,0.0504429,0.137031,0
0.887171,-8.19888,7.5439,0.00927059,3.09285,-0.127261,-0.3936,FGM,0.481345,0.137031,0.448246,0.481345,0.0504429,0.137031,0
0.891675,-8.16828,7.54414,0.00800513,3.02668,-0.146792,-0.444293,FGM,0.481345,0.137031,0.448246,0.481345,0.0504429,0.137031,0
0.895026,-8.16828,7.54414,0.00800513,3.02668,-0.146792,-0.444293,FGM,0.481345,0.137031,0.448246,0.481345,0.0504429,0.137031,0
0.899914,-8.13828,7.54432,0.00641213,2.97311,-0.150159,-0.446438,FGM,0.481345,0.137031,0.448246,0.481345,0.0504429,0.137031,0
0.903085,-8.13828,7.54432,0.00641213,2.97311,-0.150159,-0.446438,FGM,0.481345,0.137031,0.448246,0.481345,0.0504429,0.137031,0
0.907384,-8.13828,7.54432,0.00641213,2.97311,-0.150159,-0.446438,FGM,0.481345,0.137031,0.448246,0.481345,0.0504429,0.137031,0
0.910858,-8.10877,7.5445,0.00534077,2.92972,-0.050192,-0.147049,FGM,0.481345,0.137031,0.448246,0.481345,0.0504429,0.137031,0
0.915018,-8.10877,7.5445,0.00534077,2.92972,-0.050192,-0.147049,FGM,0.481345,0.137031,0.448246,0.481345,0.0504429,0.137031,0
0.920009,-8.07965,7.54474,0.00525836,2.89459,0.00978605,0.0283266,FGM,0.481345,0.137031,0.448246,0.481345,0.0504429,0.137031,0
0.92375,-8.07965,7.54474,0.00525836,2.89459,0.00978605,0.0283266,FGM,0.481345,0.137031,0.448246,0.481345,0.0504429,0.137031,0
0.926831,-8.07965,7.54474,0.00525836,2.89459,0.00978605,0.0283266,FGM,0.481345,0.137031,0.448246,0.481345,0.0504429,0.137031,0
0.931057,-8.05085,7.54499,0.005506,2.86614,0.0560661,0.160693,FGM,0.448367,0.353023,0.453135,0.448367,0.0504429,0.353023,0
0.935093,-8.05085,7.54499,0.005506,2.86614,0.0560661,0.160693,FGM,0.448367,0.353023,0.453135,0.448367,0.0504429,0.353023,0
0.939977,-8.02235,7.54528,0.00629892,2.83376,0.0810653,0.22972,FGM,0.448367,0.353023,0.453135,0.448367,0.0504429,0.353023,0
0.944033,-8.02235,7.54528,0.00629892,2.83376,0.0810653,0.22972,FGM,0.448367,0.353023,0.453135,0.448367,0.0504429,0.353023,0
0.948241,-8.02235,7.54528,0.00629892,2.83376,0.0810653,0.22972,FGM,0.448367,0.353023,0.453135,0.448367,0.0504429,0.353023,0
0.953671,-7.99414,7.54557,0.00713363,2.80755,0.10358,0.290807,FGM,0.448367,0.353023,0.453135,0.448367,0.0504429,0.353023,0
0.957837,-7.99414,7.54557,0.00713363,2.80755,0.10358,0.290807,FGM,0.448367,0.353023,0.453135,0.448367,0.0504429,0.353023,0
0.961883,-7.96618,7.5459,0.00830683,2.78632,0.111578,0.310892,FGM,0.448367,0.353023,0.453135,0.448367,0.0504429,0.353023,0
0.96497,-7.96618,7.5459,0.00830683,2.78632,0.111578,0.310892,FGM,0.448367,0.353023,0.453135,0.448367,0.0504429,0.353023,0
0.967195,-7.96618,7.5459,0.00830683,2.78632,0.111578,0.310892,FGM,0.448367,0.353023,0.453135,0.448367,0.0504429,0.353023,0
0.971836,-7.9384,7.54624,0.00938814,2.76913,0.122473,0.339144,FGM,0.448367,0.353023,0.453135,0.448367,0.0504429,0.353023,0
0.975856,-7.9384,7.54624,0.00938814,2.76913,0.122473,0.339144,FGM,0.448367,0.353023,0.453135,0.448367,0.0504429,0.353023,0
0.980293,-7.91078,7.54661,0.0107074,2.75521,0.122965,0.338793,FGM,0.375162,0.388711,0.459142,0.375162,0.0719789,0.388711,0
0.983498,-7.91078,7.54661,0.0107074,2.75521,0.122965,0.338793,FGM,0.375162,0.388711,0.459142,0.375162,0.0719789,0.388711,0
0.987977,-7.91078,7.54661,0.0107074,2.75521,0.122965,0.338793,FGM,0.375162,0.388711,0.459142,0.375162,0.0719789,0.388711,0
0.993449,-7.88324,7.547,0.011874,2.75328,0.127433,0.350859,FGM,0.375162,0.388711,0.459142,0.375162,0.0719789,0.388711,0
0.997152,-7.88324,7.547,0.011874,2.75328,0.127433,0.350859,FGM,0.375162,0.388711,0.459142,0.375162,0.0719789,0.388711,0
1.00128,-7.85572,7.54742,0.0132199,2.75171,0.124547,0.342718,FGM,0.375162,0.388711,0.459142,0.375162,0.0719789,0.388711,0
1.0036,-7.85572,7.54742,0.0132199,2.75171,0.124547,0.342718,FGM,0.375162,0.388711,0.459142,0.375162,0.0719789,0.388711,0
1.0069,-7.85572,7.54742,0.0132199,2.75171,0.124547,0.342718,FGM,0.375162,0.388711,0.459142,0.375162,0.0719789,0.388711,0
1.01165,-7.82821,7.54787,0.0143981,2.75044,0.128179,0.352548,FGM,0.375162,0.388711,0.459142,0.375162,0.0719789,0.388711,0
1.01561,-7.82821,7.54787,0.0143981,2.75044,0.128179,0.352548,FGM,0.375162,0.388711,0.459142,0.375162,0.0719789,0.388711,0
1.01989,-7.80072,7.54837,0.0159018,2.74942,0.169731,0.466663,FGM,0.375162,0.388711,0.459142,0.375162,0.0719789,0.388711,0
1.02294,-7.80072,7.54837,0.0159018,2.74942,0.169731,0.466663,FGM,0.375162,0.388711,0.459142,0.375162,0.0719789,0.388711,0
1.02719,-7.80072,7.54837,0.0159018,2.74942,0.169731,0.466663,FGM,0.375162,0.388711,0.459142,0.375162,0.0719789,0.388711,0
1.03162,-7.77324,7.54895,0.0179003,2.74859,0.242341,0.666095,FGM,0.504522,0.154993,0.45967,0.504522,0.0719789,0.154993,0
1.03557,-7.77324,7.54895,0.0179003,2.74859,0.242341,0.666095,FGM,0.504522,0.154993,0.45967,0.504522,0.0719789,0.154993,0
1.04154,-7.74576,7.54964,0.0206358,2.74905,0.284645,0.782503,FGM,0.504522,0.154993,0.45967,0.504522,0.0719789,0.154993,0
1.04589,-7.74576,7.54964,0.0206358,2.74905,0.284645,0.782503,FGM,0.504522,0.154993,0.45967,0.504522,0.0719789,0.154993,0
1.05163,-7.71827,7.55039,0.0232728,2.7495,0.229242,0.630301,FGM,0.504522,0.154993,0.45967,0.504522,0.0719789,0.154993,0
1.05573,-7.71827,7.55039,0.0232728,2.7495,0.229242,0.630301,FGM,0.504522,0.154993,0.45967,0.504522,0.0719789,0.154993,0
1.05949,-7.69079,7.55115,0.0253102,2.74992,0.197597,0.543376,FGM,0.504522,0.154993,0.45967,0.504522,0.0719789,0.154993,0
1.06278,-7.69079,7.55115,0.0253102,2.74992,0.197597,0.543376,FGM,0.504522,0.154993,0.45967,0.504522,0.0719789,0.154993,0
1.0672,-7.69079,7.55115,0.0253102,2.74992,0.197597,0.543376,FGM,0.504522,0.154993,0.45967,0.504522,0.0719789,0.154993,0
1.07102,-7.6633,7.55195,0.0272286,2.75032,0.170663,0.469379,FGM,0.504522,0.154993,0.45967,0.504522,0.0719789,0.154993,0
1.07606,-7.6633,7.55195,0.0272286,2.75032,0.170663,0.469379,FGM,0.504522,0.154993,0.45967,0.504522,0.0719789,0.154993,0
1.08015,-7.6358,7.55277,0.0287827,2.7507,0.158232,0.435249,FGM,0.503446,0.214952,0.470547,0.503446,0.0719789,0.214952,0
1.0831,-7.6358,7.55277,0.0287827,2.7507,0.158232,0.435249,FGM,0.503446,0.214952,0.470547,0.503446,0.0719789,0.214952,0
1.08728,-7.6358,7.55277,0.0287827,2.7507,0.158232,0.435249,FGM,0.503446,0.214952,0.470547,0.503446,0.0719789,0.214952,0
1.09123,-7.60828,7.55364,0.0303692,2.75729,0.143351,0.395259,FGM,0.503446,0.214952,0.470547,0.503446,0.0719789,0.214952,0
1.09502,-7.60828,7.55364,0.0303692,2.75729,0.143351,0.395259,FGM,0.503446,0.214952,0.470547,0.503446,0.0719789,0.214952,0
1.09994,-7.58069,7.55451,0.0313982,2.76356,0.051819,0.143205,FGM,0.503446,0.214952,0.470547,0.503446,0.0719789,0.214952,0
1.1032,-7.58069,7.55451,0.0313982,2.76356,0.051819,0.143205,FGM,0.503446,0.214952,0.470547,0.503446,0.0719789,0.214952,0
1.10692,-7.58069,7.55451,0.0313982,2.76356,0.051819,0.143205,FGM,0.503446,0.214952,0.470547,0.503446,0.0719789,0.214952,0
1.11095,-7.55303,7.55533,0.0315324,2.76953,-0.00439639,-0.0121759,FGM,0.503446,0.214952,0.470547,0.503446,0.0719789,0.214952,0
1.11521,-7.55303,7.55533,0.0315324,2.76953,-0.00439639,-0.0121759,FGM,0.503446,0.214952,0.470547,0.503446,0.0719789,0.214952,0
1.12016,-7.52532,7.55616,0.0316397,2.77522,0.0397733,0.11038,FGM,0.503446,0.214952,0.470547,0.503446,0.0719789,0.214952,0
1.12312,-7.52532,7.55616,0.0316397,2.77522,0.0397733,0.11038,FGM,0.503446,0.214952,0.470547,0.503446,0.0719789,0.214952,0
1.12696,-7.52532,7.55616,0.0316397,2.77522,0.0397733,0.11038,FGM,0.503446,0.214952,0.470547,0.503446,0.0719789,0.214952,0
1.13102,-7.49756,7.55706,0.0322528,2.78064,0.064412,0.179106,FGM,0.371177,0.402397,0.457037,0.371177,0.0719789,0.402397,0
1.13512,-7.49756,7.55706,0.0322528,2.78064,0.064412,0.179106,FGM,0.371177,0.402397,0.457037,0.371177,0.0719789,0.402397,0
1.14146,-7.46974,7.55798,0.032931,2.78623,0.0865902,0.24126,FGM,0.371177,0.402397,0.457037,0.371177,0.0719789,0.402397,0
1.14546,-7.46974,7.55798,0.032931,2.78623,0.0865902,0.24126,FGM,0.371177,0.402397,0.457037,0.371177,0.0719789,0.402397,0
1.15166,-7.44187,7.55895,0.0339328,2.79156,0.0963032,0.268836,FGM,0.371177,0.402397,0.457037,0.371177,0.0719789,0.402397,0
1.1565,-7.44187,7.55895,0.0339328,2.79156,0.0963032,0.268836,FGM,0.371177,0.402397,0.457037,0.371177,0.0719789,0.402397,0
1.1601,-7.41394,7.55995,0.034876,2.79663,0.108405,0.30317,FGM,0.371177,0.402397,0.457037,0.371177,0.0719789,0.402397,0
1.16289,-7.41394,7.55995,0.034876,2.79663,0.108405,0.30317,FGM,0.371177,0.402397,0.457037,0.371177,0.0719789,0.402397,0
1.16689,-7.41394,7.55995,0.034876,2.79663,0.108405,0.30317,FGM,0.371177,0.402397,0.457037,0.371177,0.0719789,0.402397,0
1.17113,-7.38597,7.56099,0.0360596,2.80147,0.111265,0.311704,FGM,0.371177,0.402397,0.457037,0.371177,0.0719789,0.402397,0
1.17508,-7.38597,7.56099,0.0360596,2.80147,0.111265,0.311704,FGM,0.371177,0.402397,0.457037,0.371177,0.0719789,0.402397,0
1.1802,-7.35796,7.56206,0.0371274,2.80607,0.118698,0.333076,FGM,0.352276,0.414293,0.467541,0.352276,0.0719789,0.414293,0
1.1831,-7.35796,7.56206,0.0371274,2.80607,0.118698,0.333076,FGM,0.352276,0.414293,0.467541,0.352276,0.0719789,0.414293,0
1.18704,-7.35796,7.56206,0.0371274,2.80607,0.118698,0.333076,FGM,0.352276,0.414293,0.467541,0.352276,0.0719789,0.414293,0
1.19144,-7.32988,7.56318,0.0383945,2.81286,0.118046,0.332047,FGM,0.352276,0.414293,0.467541,0.352276,0.0719789,0.414293,0
1.19564,-7.32988,7.56318,0.0383945,2.81286,0.118046,0.332047,FGM,0.352276,0.414293,0.467541,0.352276,0.0719789,0.414293,0
1.19982,-7.30175,7.56432,0.0395179,2.81933,0.123061,0.34695,FGM,0.352276,0.414293,0.467541,0.352276,0.0719789,0.414293,0
1.20298,-7.30175,7.56432,0.0395179,2.81933,0.123061,0.34695,FGM,0.352276,0.414293,0.467541,0.352276,0.0719789,0.414293,0
1.20686,-7.30175,7.56432,0.0395179,2.81933,0.123061,0.34695,FGM,0.352276,0.414293,0.467541,0.352276,0.0719789,0.414293,0
1.21097,-7.27355,7.56551,0.0408225,2.82549,0.121237,0.342555,FGM,0.352276,0.414293,0.467541,0.352276,0.0719789,0.414293,0
1.21516,-7.27355,7.56551,0.0408225,2.82549,0.121237,0.342555,FGM,0.352276,0.414293,0.467541,0.352276,0.0719789,0.414293,0
1.21976,-7.24529,7.56672,0.0419733,2.83136,0.125441,0.355169,FGM,0.352276,0.414293,0.467541,0.352276,0.0719789,0.414293,0
1.22293,-7.24529,7.56672,0.0419733,2.83136,0.125441,0.355169,FGM,0.352276,0.414293,0.467541,0.352276,0.0719789,0.414293,0
1.22696,-7.24529,7.56672,0.0419733,2.83136,0.125441,0.355169,FGM,0.352276,0.414293,0.467541,0.352276,0.0719789,0.414293,0
1.23115,-7.21697,7.56798,0.043299,2.83695,0.12306,0.349116,FRENET,0.496388,0.168215,0.496388,0.354366,0.168215,0.41744,0
1.23537,-7.21697,7.56798,0.043299,2.83695,0.12306,0.349116,FRENET,0.496388,0.168215,0.496388,0.354366,0.168215,0.41744,0
1.24043,-7.1885,7.56927,0.0444528,2.86459,0.122903,0.352066,FRENET,0.496388,0.168215,0.496388,0.354366,0.168215,0.41744,0
1.24427,-7.1885,7.56927,0.0444528,2.86459,0.122903,0.352066,FRENET,0.496388,0.168215,0.496388,0.354366,0.168215,0.41744,0
1.24804,-7.1885,7.56927,0.0444528,2.86459,0.122903,0.352066,FRENET,0.496388,0.168215,0.496388,0.354366,0.168215,0.41744,0
1.25405,-7.15975,7.57062,0.0457356,2.89093,0.118798,0.343437,FRENET,0.496388,0.168215,0.496388,0.354366,0.168215,0.41744,0
1.25693,-7.15975,7.57062,0.0457356,2.89093,0.118798,0.343437,FRENET,0.496388,0.168215,0.496388,0.354366,0.168215,0.41744,0
1.2626,-7.13075,7.57198,0.0465852,2.91601,0.0406751,0.118609,FRENET,0.496388,0.168215,0.496388,0.354366,0.168215,0.41744,0
1.26648,-7.13075,7.57198,0.0465852,2.91601,0.0406751,0.118609,FRENET,0.496388,0.168215,0.496388,0.354366,0.168215,0.41744,0
1.27041,-7.1015,7.57331,0.0466513,2.9399,-0.0090001,-0.0264594,FRENET,0.496388,0.168215,0.496388,0.354366,0.168215,0.41744,0
1.27449,-7.1015,7.57331,0.0466513,2.9399,-0.0090001,-0.0264594,FRENET,0.496388,0.168215,0.496388,0.354366,0.168215,0.41744,0
1.27702,-7.1015,7.57331,0.0466513,2.9399,-0.0090001,-0.0264594,FRENET,0.496388,0.168215,0.496388,0.354366,0.168215,0.41744,0
1.28055,-7.07196,7.57464,0.046435,2.97272,-0.0466418,-0.138653,FRENET,0.501648,0.168215,0.501648,0.345276,0.168215,0.430864,0
1.28295,-7.07196,7.57464,0.046435,2.97272,-0.0466418,-0.138653,FRENET,0.501648,0.168215,0.501648,0.345276,0.168215,0.430864,0
1.28699,-7.07196,7.57464,0.046435,2.97272,-0.0466418,-0.138653,FRENET,0.501648,0.168215,0.501648,0.345276,0.168215,0.430864,0
1.29118,-7.04211,7.57594,0.0457773,3.00398,-0.0687493,-0.206521,FRENET,0.501648,0.168215,0.501648,0.345276,0.168215,0.430864,0
1.2951,-7.04211,7.57594,0.0457773,3.00398,-0.0687493,-0.206521,FRENET,0.501648,0.168215,0.501648,0.345276,0.168215,0.430864,0
1.30033,-7.01195,7.57724,0.0450586,3.03375,-0.0887094,-0.269122,FRENET,0.501648,0.168215,0.501648,0.345276,0.168215,0.430864,0
1.30307,-7.01195,7.57724,0.0450586,3.03375,-0.0887094,-0.269122,FRENET,0.501648,0.168215,0.501648,0.345276,0.168215,0.430864,0
1.3075,-7.01195,7.57724,0.0450586,3.03375,-0.0887094,-0.269122,FRENET,0.501648,0.168215,0.501648,0.345276,0.168215,0.430864,0
1.31247,-6.9815,7.57851,0.0440443,3.06211,-0.0985222,-0.301686,FRENET,0.501648,0.168215,0.501648,0.345276,0.168215,0.430864,0
1.3169,-6.9815,7.57851,0.0440443,3.06211,-0.0985222,-0.301686,FRENET,0.501648,0.168215,0.501648,0.345276,0.168215,0.430864,0
1.3205,-6.95077,7.57978,0.0430743,3.08912,-0.109922,-0.339563,FRENET,0.501648,0.168215,0.501648,0.345276,0.168215,0.430864,0
1.32304,-6.95077,7.57978,0.0430743,3.08912,-0.109922,-0.339563,FRENET,0.501648,0.168215,0.501648,0.345276,0.168215,0.430864,0
1.32811,-6.95077,7.57978,0.0430743,3.08912,-0.109922,-0.339563,FRENET,0.501648,0.168215,0.501648,0.345276,0.168215,0.430864,0
1.33296,-6.91977,7.58102,0.0418786,3.11484,-0.113775,-0.354392,FRENET,0.492692,0.168215,0.492692,0.49114,0.168215,0.375996,0
1.33729,-6.91977,7.58102,0.0418786,3.11484,-0.113775,-0.354392,FRENET,0.492692,0.168215,0.492692,0.49114,0.168215,0.375996,0
1.34307,-6.88852,7.58226,0.040779,3.13934,-0.121025,-0.379938,FRENET,0.492692,0.168215,0.492692,0.49114,0.168215,0.375996,0
1.34597,-6.88852,7.58226,0.040779,3.13934,-0.121025,-0.379938,FRENET,0.492692,0.168215,0.492692,0.49114,0.168215,0.375996,0
1.34895,-6.88852,7.58226,0.040779,3.13934,-0.121025,-0.379938,FRENET,0.492692,0.168215,0.492692,0.49114,0.168215,0.375996,0
1.35235,-6.85704,7.58345,0.0394867,3.16268,-0.12199,-0.385815,FRENET,0.492692,0.168215,0.492692,0.49114,0.168215,0.375996,0
1.35495,-6.85704,7.58345,0.0394867,3.16268,-0.12199,-0.385815,FRENET,0.492692,0.168215,0.492692,0.49114,0.168215,0.375996,0
1.3597,-6.82532,7.58464,0.0383164,3.18491,-0.127231,-0.405218,FRENET,0.492692,0.168215,0.492692,0.49114,0.168215,0.375996,0
1.36297,-6.82532,7.58464,0.0383164,3.18491,-0.127231,-0.405218,FRENET,0.492692,0.168215,0.492692,0.49114,0.168215,0.375996,0
1.36706,-6.82532,7.58464,0.0383164,3.18491,-0.127231,-0.405218,FRENET,0.492692,0.168215,0.492692,0.49114,0.168215,0.375996,0
1.37108,-6.79339,7.58579,0.0369687,3.20608,-0.1268,-0.406531,FRENET,0.492692,0.168215,0.492692,0.49114,0.168215,0.375996,0
1.375,-6.79339,7.58579,0.0369687,3.20608,-0.1268,-0.406531,FRENET,0.492692,0.168215,0.492692,0.49114,0.168215,0.375996,0
1.38024,-6.76125,7.58692,0.0357563,3.22624,-0.131071,-0.422867,FRENET,0.488571,0.168215,0.488571,0.525307,0.168215,0.355384,0
1.38313,-6.76125,7.58692,0.0357563,3.22624,-0.131071,-0.422867,FRENET,0.488571,0.168215,0.488571,0.525307,0.168215,0.355384,0
1.38697,-6.76125,7.58692,0.0357563,3.22624,-0.131071,-0.422867,FRENET,0.488571,0.168215,0.488571,0.525307,0.168215,0.355384,0
1.39177,-6.72891,7.58801,0.034373,3.24545,-0.129965,-0.421796,FRENET,0.488571,0.168215,0.488571,0.525307,0.168215,0.355384,0
1.39579,-6.72891,7.58801,0.034373,3.24545,-0.129965,-0.421796,FRENET,0.488571,0.168215,0.488571,0.525307,0.168215,0.355384,0
1.39958,-6.69638,7.58908,0.0331321,3.26374,-0.133766,-0.436577,FRENET,0.488571,0.168215,0.488571,0.525307,0.168215,0.355384,0
1.40303,-6.69638,7.58908,0.0331321,3.26374,-0.133766,-0.436577,FRENET,0.488571,0.168215,0.488571,0.525307,0.168215,0.355384,0
1.40702,-6.69638,7.58908,0.0331321,3.26374,-0.133766,-0.436577,FRENET,0.488571,0.168215,0.488571,0.525307,0.168215,0.355384,0
1.41091,-6.66367,7.59011,0.0317229,3.28116,-0.13233,-0.434196,FRENET,0.488571,0.168215,0.488571,0.525307,0.168215,0.355384,0
1.41489,-6.66367,7.59011,0.0317229,3.28116,-0.13233,-0.434196,FRENET,0.488571,0.168215,0.488571,0.525307,0.168215,0.355384,0
1.41957,-6.63079,7.59112,0.0304603,3.29775,-0.135897,-0.448154,FRENET,0.488571,0.168215,0.488571,0.525307,0.168215,0.355384,0
1.42318,-6.63079,7.59112,0.0304603,3.29775,-0.135897,-0.448154,FRENET,0.488571,0.168215,0.488571,0.525307,0.168215,0.355384,0
1.42707,-6.63079,7.59112,0.0304603,3.29775,-0.135897,-0.448154,FRENET,0.488571,0.168215,0.488571,0.525307,0.168215,0.355384,0
1.43162,-6.59775,7.59208,0.0290301,3.31356,-0.134292,-0.444983,FRENET,0.504024,0.173943,0.504024,0.31641,0.173943,0.44216,0
1.43489,-6.59775,7.59208,0.0290301,3.31356,-0.134292,-0.444983,FRENET,0.504024,0.173943,0.504024,0.31641,0.173943,0.44216,0
1.43971,-6.56456,7.59301,0.0277468,3.32556,-0.138388,-0.460218,FRENET,0.504024,0.173943,0.504024,0.31641,0.173943,0.44216,0
1.4429,-6.56456,7.59301,0.0277468,3.32556,-0.138388,-0.460218,FRENET,0.504024,0.173943,0.504024,0.31641,0.173943,0.44216,0
1.44725,-6.56456,7.59301,0.0277468,3.32556,-0.138388,-0.460218,FRENET,0.504024,0.173943,0.504024,0.31641,0.173943,0.44216,0
1.45201,-6.53126,7.5939,0.0262888,3.33699,-0.137008,-0.457193,FRENET,0.504024,0.173943,0.504024,0.31641,0.173943,0.44216,0
1.45635,-6.53126,7.5939,0.0262888,3.33699,-0.137008,-0.457193,FRENET,0.504024,0.173943,0.504024,0.31641,0.173943,0.44216,0
1.46233,-6.4978,7.59476,0.0249898,3.35855,-0.138268,-0.464379,FRENET,0.504024,0.173943,0.504024,0.31641,0.173943,0.44216,0
1.46644,-6.4978,7.59476,0.0249898,3.35855,-0.138268,-0.464379,FRENET,0.504024,0.173943,0.504024,0.31641,0.173943,0.44216,0
1.47101,-6.46412,7.59557,0.0235446,3.3791,-0.135372,-0.457434,FRENET,0.504024,0.173943,0.504024,0.31641,0.173943,0.44216,0
1.47356,-6.46412,7.59557,0.0235446,3.3791,-0.135372,-0.457434,FRENET,0.504024,0.173943,0.504024,0.31641,0.173943,0.44216,0
1.47593,-6.46412,7.59557,0.0235446,3.3791,-0.135372,-0.457434,FRENET,0.504024,0.173943,0.504024,0.31641,0.173943,0.44216,0
1.48045,-6.43024,7.59636,0.0222564,3.39866,-0.137817,-0.468393,FRENET,0.505365,0.173943,0.505365,0.358961,0.173943,0.42741,0
1.48403,-6.43024,7.59636,0.0222564,3.39866,-0.137817,-0.468393,FRENET,0.505365,0.173943,0.505365,0.358961,0.173943,0.42741,0
1.48834,-6.43024,7.59636,0.0222564,3.39866,-0.137817,-0.468393,FRENET,0.505365,0.173943,0.505365,0.358961,0.173943,0.42741,0
1.49399,-6.39617,7.59709,0.0208107,3.4173,-0.135739,-0.463861,FRENET,0.505365,0.173943,0.505365,0.358961,0.173943,0.42741,0
1.49808,-6.39617,7.59709,0.0208107,3.4173,-0.135739,-0.463861,FRENET,0.505365,0.173943,0.505365,0.358961,0.173943,0.42741,0
1.50394,-6.36191,7.5978,0.0195165,3.43505,-0.138744,-0.476591,FRENET,0.505365,0.173943,0.505365,0.358961,0.173943,0.42741,0
1.50688,-6.36191,7.5978,0.0195165,3.43505,-0.138744,-0.476591,FRENET,0.505365,0.173943,0.505365,0.358961,0.173943,0.42741,0
1.51093,-6.32748,7.59845,0.018059,3.45195,-0.137034,-0.473036,FRENET,0.505365,0.173943,0.505365,0.358961,0.173943,0.42741,0
1.51492,-6.32748,7.59845,0.018059,3.45195,-0.137034,-0.473036,FRENET,0.505365,0.173943,0.505365,0.358961,0.173943,0.42741,0
1.5198,-6.29289,7.59908,0.0167512,3.46805,-0.140277,-0.486488,FRENET,0.505365,0.173943,0.505365,0.358961,0.173943,0.42741,0
1.52306,-6.29289,7.59908,0.0167512,3.46805,-0.140277,-0.486488,FRENET,0.505365,0.173943,0.505365,0.358961,0.173943,0.42741,0
1.52692,-6.29289,7.59908,0.0167512,3.46805,-0.140277,-0.486488,FRENET,0.505365,0.173943,0.505365,0.358961,0.173943,0.42741,0
1.53085,-6.25814,7.59965,0.015277,3.48339,-0.138708,-0.483173,FRENET,0.497,0.173943,0.497,0.556642,0.173943,0.248432,0
1.5352,-6.25814,7.59965,0.015277,3.48339,-0.138708,-0.483173,FRENET,0.497,0.173943,0.497,0.556642,0.173943,0.248432,0
1.54034,-6.22323,7.60018,0.0139526,3.498,-0.142027,-0.496809,FRENET,0.497,0.173943,0.497,0.556642,0.173943,0.248432,0
1.54346,-6.22323,7.60018,0.0139526,3.498,-0.142027,-0.496809,FRENET,0.497,0.173943,0.497,0.556642,0.173943,0.248432,0
1.54707,-6.22323,7.60018,0.0139526,3.498,-0.142027,-0.496809,FRENET,0.497,0.173943,0.497,0.556642,0.173943,0.248432,0
1.55092,-6.18819,7.60067,0.0124602,3.51191,-0.140484,-0.493369,FRENET,0.497,0.173943,0.497,0.556642,0.173943,0.248432,0
1.55535,-6.18819,7.60067,0.0124602,3.51191,-0.140484,-0.493369,FRENET,0.497,0.173943,0.497,0.556642,0.173943,0.248432,0
1.56208,-6.15301,7.60112,0.0111185,3.52516,-0.143802,-0.506923,FRENET,0.497,0.173943,0.497,0.556642,0.173943,0.248432,0
1.56497,-6.15301,7.60112,0.0111185,3.52516,-0.143802,-0.506923,FRENET,0.497,0.173943,0.497,0.556642,0.173943,0.248432,0
1.56733,-6.15301,7.60112,0.0111185,3.52516,-0.143802,-0.506923,FRENET,0.497,0.173943,0.497,0.556642,0.173943,0.248432,0
1.57146,-6.11769,7.60151,0.00960799,3.53778,-0.142233,-0.50319,FRENET,0.497,0.173943,0.497,0.556642,0.173943,0.248432,0
1.57516,-6.11769,7.60151,0.00960799,3.53778,-0.142233,-0.50319,FRENET,0.497,0.173943,0.497,0.556642,0.173943,0.248432,0
1.58128,-6.08226,7.60186,0.00824949,3.5498,-0.145513,-0.516541,FRENET,0.506053,0.173943,0.506053,0.548913,0.173943,0.184314,0
1.58606,-6.08226,7.60186,0.00824949,3.5498,-0.145513,-0.516541,FRENET,0.506053,0.173943,0.506053,0.548913,0.173943,0.184314,0
1.59433,-6.0467,7.60216,0.00672169,3.56125,-0.143895,-0.512446,FRENET,0.506053,0.173943,0.506053,0.548913,0.173943,0.184314,0
1.59661,-6.0467,7.60216,0.00672169,3.56125,-0.143895,-0.512446,FRENET,0.506053,0.173943,0.506053,0.548913,0.173943,0.184314,0
1.59981,-6.01104,7.60243,0.00534725,3.57215,-0.147122,-0.525544,FRENET,0.506053,0.173943,0.506053,0.548913,0.173943,0.184314,0
1.60285,-6.01104,7.60243,0.00534725,3.57215,-0.147122,-0.525544,FRENET,0.506053,0.173943,0.506053,0.548913,0.173943,0.184314,0
1.60693,-6.01104,7.60243,0.00534725,3.57215,-0.147122,-0.525544,FRENET,0.506053,0.173943,0.506053,0.548913,0.173943,0.184314,0
1.61082,-5.97526,7.60263,0.00380326,3.58254,-0.145447,-0.521071,FRENET,0.506053,0.173943,0.506053,0.548913,0.173943,0.184314,0
1.61491,-5.97526,7.60263,0.00380326,3.58254,-0.145447,-0.521071,FRENET,0.506053,0.173943,0.506053,0.548913,0.173943,0.184314,0
1.62012,-5.93939,7.60279,0.00241396,3.59243,-0.148619,-0.533902,FRENET,0.506053,0.173943,0.506053,0.548913,0.173943,0.184314,0
1.62427,-5.93939,7.60279,0.00241396,3.59243,-0.148619,-0.533902,FRENET,0.506053,0.173943,0.506053,0.548913,0.173943,0.184314,0
1.62714,-5.93939,7.60279,0.00241396,3.59243,-0.148619,-0.533902,FRENET,0.506053,0.173943,0.506053,0.548913,0.173943,0.184314,0
1.63126,-5.90337,7.6029,0.000871517,3.61197,-0.144486,-0.521877,FRENET,0.516652,0.186809,0.516652,0.54288,0.186809,0.179667,0
1.635,-5.90337,7.6029,0.000871517,3.61197,-0.144486,-0.521877,FRENET,0.516652,0.186809,0.516652,0.54288,0.186809,0.179667,0
1.63978,-5.86721,7.60298,-0.00036121,3.62038,-0.104106,-0.376903,FRENET,0.516652,0.186809,0.516652,0.54288,0.186809,0.179667,0
1.64309,-5.86721,7.60298,-0.00036121,3.62038,-0.104106,-0.376903,FRENET,0.516652,0.186809,0.516652,0.54288,0.186809,0.179667,0
1.64692,-5.86721,7.60298,-0.00036121,3.62038,-0.104106,-0.376903,FRENET,0.516652,0.186809,0.516652,0.54288,0.186809,0.179667,0
1.65103,-5.83096,7.60305,-0.00109449,3.6284,-0.0298261,-0.108221,FRENET,0.516652,0.186809,0.516652,0.54288,0.186809,0.179667,0
1.65498,-5.83096,7.60305,-0.00109449,3.6284,-0.0298261,-0.108221,FRENET,0.516652,0.186809,0.516652,0.54288,0.186809,0.179667,0
1.66151,-5.79464,7.60316,-0.00104417,3.63604,0.0207541,0.0754627,FRENET,0.516652,0.186809,0.516652,0.54288,0.186809,0.179667,0
1.66539,-5.79464,7.60316,-0.00104417,3.63604,0.0207541,0.0754627,FRENET,0.516652,0.186809,0.516652,0.54288,0.186809,0.179667,0
1.66948,-5.79464,7.60316,-0.00104417,3.63604,0.0207541,0.0754627,FRENET,0.516652,0.186809,0.516652,0.54288,0.186809,0.179667,0
1.67368,-5.75824,7.60328,-0.000701546,3.64331,0.0621637,0.226482,FRENET,0.516652,0.186809,0.516652,0.54288,0.186809,0.179667,0
1.6763,-5.75824,7.60328,-0.000701546,3.64331,0.0621637,0.226482,FRENET,0.516652,0.186809,0.516652,0.54288,0.186809,0.179667,0
1.67986,-5.72178,7.60343,0.000140263,3.65024,0.0882244,0.32204,FRENET,0.525241,0.186809,0.525241,0.544578,0.186809,0.190302,0
1.68299,-5.72178,7.60343,0.000140263,3.65024,0.0882244,0.32204,FRENET,0.525241,0.186809,0.525241,0.544578,0.186809,0.190302,0
1.68706,-5.72178,7.60343,0.000140263,3.65024,0.0882244,0.32204,FRENET,0.525241,0.186809,0.525241,0.544578,0.186809,0.190302,0
1.69151,-5.68524,7.60358,0.00106163,3.65684,0.111403,0.407382,FRENET,0.525241,0.186809,0.525241,0.544578,0.186809,0.190302,0
1.69497,-5.68524,7.60358,0.00106163,3.65684,0.111403,0.407382,FRENET,0.525241,0.186809,0.525241,0.544578,0.186809,0.190302,0
1.69976,-5.64864,7.60377,0.00232509,3.66312,0.123953,0.454053,FRENET,0.525241,0.186809,0.525241,0.544578,0.186809,0.190302,0
1.70305,-5.64864,7.60377,0.00232509,3.66312,0.123953,0.454053,FRENET,0.525241,0.186809,0.525241,0.544578,0.186809,0.190302,0
1.70693,-5.64864,7.60377,0.00232509,3.66312,0.123953,0.454053,FRENET,0.525241,0.186809,0.525241,0.544578,0.186809,0.190302,0
1.71141,-5.61198,7.60397,0.0035511,3.66911,0.137159,0.503252,FRENET,0.525241,0.186809,0.525241,0.544578,0.186809,0.190302,0
1.71571,-5.61198,7.60397,0.0035511,3.66911,0.137159,0.503252,FRENET,0.525241,0.186809,0.525241,0.544578,0.186809,0.190302,0
1.72025,-5.57526,7.60422,0.00503379,3.67481,0.14238,0.523219,FRENET,0.525241,0.186809,0.525241,0.544578,0.186809,0.190302,0
1.72289,-5.57526,7.60422,0.00503379,3.67481,0.14238,0.523219,FRENET,0.525241,0.186809,0.525241,0.544578,0.186809,0.190302,0
1.72693,-5.57526,7.60422,0.00503379,3.67481,0.14238,0.523219,FRENET,0.525241,0.186809,0.525241,0.544578,0.186809,0.190302,0
1.7311,-5.53849,7.60449,0.00641566,3.68024,0.150229,0.552879,FRENET,0.528755,0.186809,0.528755,0.553348,0.186809,0.276085,0
1.73505,-5.53849,7.60449,0.00641566,3.68024,0.150229,0.552879,FRENET,0.528755,0.186809,0.528755,0.553348,0.186809,0.276085,0
1.73955,-5.50166,7.6048,0.00800872,3.68541,0.151555,0.55854,FRENET,0.528755,0.186809,0.528755,0.553348,0.186809,0.276085,0
1.74282,-5.50166,7.6048,0.00800872,3.68541,0.151555,0.55854,FRENET,0.528755,0.186809,0.528755,0.553348,0.186809,0.276085,0
1.74682,-5.50166,7.6048,0.00800872,3.68541,0.151555,0.55854,FRENET,0.528755,0.186809,0.528755,0.553348,0.186809,0.276085,0
1.75105,-5.46478,7.60512,0.00916027,3.69033,0.0662309,0.244414,FRENET,0.528755,0.186809,0.528755,0.553348,0.186809,0.276085,0
1.75501,-5.46478,7.60512,0.00916027,3.69033,0.0662309,0.244414,FRENET,0.528755,0.186809,0.528755,0.553348,0.186809,0.276085,0
1.7596,-5.42786,7.60539,0.00942751,3.69502,0.00691676,0.0255576,FRENET,0.528755,0.186809,0.528755,0.553348,0.186809,0.276085,0
1.76281,-5.42786,7.60539,0.00942751,3.69502,0.00691676,0.0255576,FRENET,0.528755,0.186809,0.528755,0.553348,0.186809,0.276085,0
1.76686,-5.42786,7.60539,0.00942751,3.69502,0.00691676,0.0255576,FRENET,0.528755,0.186809,0.528755,0.553348,0.186809,0.276085,0
1.77207,-5.39089,7.60564,0.00932678,3.69949,-0.0413874,-0.153112,FRENET,0.528755,0.186809,0.528755,0.553348,0.186809,0.276085,0
1.77492,-5.39089,7.60564,0.00932678,3.69949,-0.0413874,-0.153112,FRENET,0.528755,0.186809,0.528755,0.553348,0.186809,0.276085,0
1.7799,-5.35387,7.60586,0.00866359,3.70375,-0.0728594,-0.269853,FRENET,0.527249,0.186809,0.527249,0.549185,0.186809,0.353754,0
1.78313,-5.35387,7.60586,0.00866359,3.70375,-0.0728594,-0.269853,FRENET,0.527249,0.186809,0.527249,0.549185,0.186809,0.353754,0
1.78706,-5.35387,7.60586,0.00866359,3.70375,-0.0728594,-0.269853,FRENET,0.527249,0.186809,0.527249,0.549185,0.186809,0.353754,0
1.79267,-5.31681,7.60607,0.00787475,3.7078,-0.100278,-0.37181,FRENET,0.527249,0.186809,0.527249,0.549185,0.186809,0.353754,0
1.79698,-5.31681,7.60607,0.00787475,3.7078,-0.100278,-0.37181,FRENET,0.527249,0.186809,0.527249,0.549185,0.186809,0.353754,0
1.80028,-5.27972,7.60623,0.00670446,3.71166,-0.116124,-0.431014,FRENET,0.527249,0.186809,0.527249,0.549185,0.186809,0.353754,0
1.80299,-5.27972,7.60623,0.00670446,3.71166,-0.116124,-0.431014,FRENET,0.527249,0.186809,0.527249,0.549185,0.186809,0.353754,0
1.80701,-5.27972,7.60623,0.00670446,3.71166,-0.116124,-0.431014,FRENET,0.527249,0.186809,0.527249,0.549185,0.186809,0.353754,0
1.81109,-5.24258,7.60638,0.00554427,3.71534,-0.13189,-0.490016,FRENET,0.527249,0.186809,0.527249,0.549185,0.186809,0.353754,0
1.81582,-5.24258,7.60638,0.00554427,3.71534,-0.13189,-0.490016,FRENET,0.527249,0.186809,0.527249,0.549185,0.186809,0.353754,0
1.82015,-5.20541,7.60649,0.0041032,3.71884,-0.139076,-0.517201,FRENET,0.527249,0.186809,0.527249,0.549185,0.186809,0.353754,0
1.82291,-5.20541,7.60649,0.0041032,3.71884,-0.139076,-0.517201,FRENET,0.527249,0.186809,0.527249,0.549185,0.186809,0.353754,0
1.82726,-5.20541,7.60649,0.0041032,3.71884,-0.139076,-0.517201,FRENET,0.527249,0.186809,0.527249,0.549185,0.186809,0.353754,0
1.83111,-5.16821,7.60657,0.00274729,3.72218,-0.148432,-0.552489,FRENET,0.529787,0.186809,0.529787,0.506775,0.186809,0.121516,0
1.83529,-5.16821,7.60657,0.00274729,3.72218,-0.148432,-0.552489,FRENET,0.529787,0.186809,0.529787,0.506775,0.186809,0.121516,0
1.83974,-5.13093,7.60661,0.00117675,3.73394,-0.149372,-0.557746,FRENET,0.529787,0.186809,0.529787,0.506775,0.186809,0.121516,0
1.84291,-5.13093,7.60661,0.00117675,3.73394,-0.149372,-0.557746,FRENET,0.529787,0.186809,0.529787,0.506775,0.186809,0.121516,0
1.84694,-5.13093,7.60661,0.00117675,3.73394,-0.149372,-0.557746,FRENET,0.529787,0.186809,0.529787,0.506775,0.186809,0.121516,0
1.85137,-5.09353,7.60661,-0.000260184,3.74514,-0.153991,-0.576718,FRENET,0.529787,0.186809,0.529787,0.506775,0.186809,0.121516,0
1.85518,-5.09353,7.60661,-0.000260184,3.74514,-0.153991,-0.576718,FRENET,0.529787,0.186809,0.529787,0.506775,0.186809,0.121516,0
1.85967,-5.05603,7.60657,-0.00187807,3.7558,-0.153297,-0.575753,FRENET,0.529787,0.186809,0.529787,0.506775,0.186809,0.121516,0
1.86293,-5.05603,7.60657,-0.00187807,3.7558,-0.153297,-0.575753,FRENET,0.529787,0.186809,0.529787,0.506775,0.186809,0.121516,0
1.86703,-5.05603,7.60657,-0.00187807,3.7558,-0.153297,-0.575753,FRENET,0.529787,0.186809,0.529787,0.506775,0.186809,0.121516,0
1.87122,-5.01842,7.60651,-0.00304734,3.76596,-0.0683207,-0.257293,FRENET,0.529787,0.186809,0.529787,0.506775,0.186809,0.121516,0
1.87567,-5.01842,7.60651,-0.00304734,3.76596,-0.0683207,-0.257293,FRENET,0.529787,0.186809,0.529787,0.506775,0.186809,0.121516,0
1.88166,-4.98071,7.6065,-0.00333575,3.77564,-0.00863124,-0.0325884,FRENET,0.28766,0.198248,0.28766,0.372015,0.198248,0.417328,0
1.8854,-4.98071,7.6065,-0.00333575,3.77564,-0.00863124,-0.0325884,FRENET,0.28766,0.198248,0.28766,0.372015,0.198248,0.417328,0
1.88861,-4.98071,7.6065,-0.00333575,3.77564,-0.00863124,-0.0325884,FRENET,0.28766,0.198248,0.28766,0.372015,0.198248,0.417328,0
1.89228,-4.9429,7.60649,-0.00324913,3.78649,0.0398308,0.150819,FRENET,0.28766,0.198248,0.28766,0.372015,0.198248,0.417328,0
1.89493,-4.9429,7.60649,-0.00324913,3.78649,0.0398308,0.150819,FRENET,0.28766,0.198248,0.28766,0.372015,0.198248,0.417328,0
1.89984,-4.90498,7.60652,-0.00260094,3.79682,0.0718798,0.272915,FRENET,0.28766,0.198248,0.28766,0.372015,0.198248,0.417328,0
1.9031,-4.90498,7.60652,-0.00260094,3.79682,0.0718798,0.272915,FRENET,0.28766,0.198248,0.28766,0.372015,0.198248,0.417328,0
1.90709,-4.90498,7.60652,-0.00260094,3.79682,0.0718798,0.272915,FRENET,0.28766,0.198248,0.28766,0.372015,0.198248,0.417328,0
1.91104,-4.86696,7.60656,-0.00181813,3.80666,0.0996088,0.379177,FRENET,0.28766,0.198248,0.28766,0.372015,0.198248,0.417328,0
1.91502,-4.86696,7.60656,-0.00181813,3.80666,0.0996088,0.379177,FRENET,0.28766,0.198248,0.28766,0.372015,0.198248,0.417328,0
1.91974,-4.82885,7.60664,-0.00065368,3.81604,0.11603,0.442775,FRENET,0.28766,0.198248,0.28766,0.372015,0.198248,0.417328,0
1.92326,-4.82885,7.60664,-0.00065368,3.81604,0.11603,0.442775,FRENET,0.28766,0.198248,0.28766,0.372015,0.198248,0.417328,0
1.92709,-4.82885,7.60664,-0.00065368,3.81604,0.11603,0.442775,FRENET,0.28766,0.198248,0.28766,0.372015,0.198248,0.417328,0
1.93129,-4.79065,7.60673,0.000508818,3.82497,0.132032,0.505018,FRENET,0.0531243,0.198248,0.0531243,0.0841761,0.198248,0.53208,0
1.93494,-4.79065,7.60673,0.000508818,3.82497,0.132032,0.505018,FRENET,0.0531243,0.198248,0.0531243,0.0841761,0.198248,0.53208,0
1.93978,-4.75235,7.60686,0.00195184,3.83347,0.139687,0.535486,FRENET,0.0531243,0.198248,0.0531243,0.0841761,0.198248,0.53208,0
1.94311,-4.75235,7.60686,0.00195184,3.83347,0.139687,0.535486,FRENET,0.0531243,0.198248,0.0531243,0.0841761,0.198248,0.53208,0
1.94748,-4.75235,7.60686,0.00195184,3.83347,0.139687,0.535486,FRENET,0.0531243,0.198248,0.0531243,0.0841761,0.198248,0.53208,0
1.95181,-4.71398,7.60701,0.0033164,3.84157,0.149173,0.57306,FRENET,0.0531243,0.198248,0.0531243,0.0841761,0.198248,0.53208,0
1.95499,-4.71398,7.60701,0.0033164,3.84157,0.149173,0.57306,FRENET,0.0531243,0.198248,0.0531243,0.0841761,0.198248,0.53208,0
1.95972,-4.67553,7.60722,0.0049058,3.84928,0.152008,0.58512,FRENET,0.0531243,0.198248,0.0531243,0.0841761,0.198248,0.53208,0
1.96316,-4.67553,7.60722,0.0049058,3.84928,0.152008,0.58512,FRENET,0.0531243,0.198248,0.0531243,0.0841761,0.198248,0.53208,0
1.96696,-4.67553,7.60722,0.0049058,3.84928,0.152008,0.58512,FRENET,0.0531243,0.198248,0.0531243,0.0841761,0.198248,0.53208,0
1.97099,-4.637,7.60745,0.00637465,3.85663,0.157954,0.609168,FRENET,0.0531243,0.198248,0.0531243,0.0841761,0.198248,0.53208,0
1.97496,-4.637,7.60745,0.00637465,3.85663,0.157954,0.609168,FRENET,0.0531243,0.198248,0.0531243,0.0841761,0.198248,0.53208,0
1.98048,-4.5984,7.60773,0.0080385,3.86363,0.158203,0.611237,FGM,0.531424,0.128613,0.0195079,0.531424,0.198248,0.128613,0
1.98407,-4.5984,7.60773,0.0080385,3.86363,0.158203,0.611237,FGM,0.531424,0.128613,0.0195079,0.531424,0.198248,0.128613,0
1.98749,-4.5984,7.60773,0.0080385,3.86363,0.158203,0.611237,FGM,0.531424,0.128613,0.0195079,0.531424,0.198248,0.128613,0
1.99162,-4.56024,7.60804,0.00965085,3.76853,0.187253,0.705667,FGM,0.531424,0.128613,0.0195079,0.531424,0.198248,0.128613,0
1.99502,-4.56024,7.60804,0.00965085,3.76853,0.187253,0.705667,FGM,0.531424,0.128613,0.0195079,0.531424,0.198248,0.128613,0
2.00055,-4.52303,7.6084,0.0117239,3.67343,0.202342,0.743287,FGM,0.531424,0.128613,0.0195079,0.531424,0.198248,0.128613,0
2.00338,-4.52303,7.6084,0.0117239,3.67343,0.202342,0.743287,FGM,0.531424,0.128613,0.0195079,0.531424,0.198248,0.128613,0
2.00707,-4.52303,7.6084,0.0117239,3.67343,0.202342,0.743287,FGM,0.531424,0.128613,0.0195079,0.531424,0.198248,0.128613,0
2.0109,-4.48677,7.60875,0.0132853,3.57833,0.0921055,0.329584,FGM,0.531424,0.128613,0.0195079,0.531424,0.198248,0.128613,0
2.01493,-4.48677,7.60875,0.0132853,3.57833,0.0921055,0.329584,FGM,0.531424,0.128613,0.0195079,0.531424,0.198248,0.128613,0
2.01979,-4.45147,7.60903,0.0137105,3.48323,0.0214954,0.0748733,FGM,0.531424,0.128613,0.0195079,0.531424,0.198248,0.128613,0
2.02305,-4.45147,7.60903,0.0137105,3.48323,0.0214954,0.0748733,FGM,0.531424,0.128613,0.0195079,0.531424,0.198248,0.128613,0
2.02691,-4.45147,7.60903,0.0137105,3.48323,0.0214954,0.0748733,FGM,0.531424,0.128613,0.0195079,0.531424,0.198248,0.128613,0
2.03101,-4.41711,7.60929,0.0137427,3.38813,-0.0361579,-0.122507,FGM,0.477549,0.117568,0.224313,0.477549,0.198248,0.117568,0
2.03493,-4.41711,7.60929,0.0137427,3.38813,-0.0361579,-0.122507,FGM,0.477549,0.117568,0.224313,0.477549,0.198248,0.117568,0
2.03996,-4.38364,7.60951,0.0130864,3.3056,-0.0697585,-0.230594,FGM,0.477549,0.117568,0.224313,0.477549,0.198248,0.117568,0
2.04328,-4.38364,7.60951,0.0130864,3.3056,-0.0697585,-0.230594,FGM,0.477549,0.117568,0.224313,0.477549,0.198248,0.117568,0
2.04732,-4.38364,7.60951,0.0130864,3.3056,-0.0697585,-0.230594,FGM,0.477549,0.117568,0.224313,0.477549,0.198248,0.117568,0
2.05158,-4.35092,7.60972,0.0123364,3.23877,-0.100786,-0.326423,FGM,0.477549,0.117568,0.224313,0.477549,0.198248,0.117568,0
2.05494,-4.35092,7.60972,0.0123364,3.23877,-0.100786,-0.326423,FGM,0.477549,0.117568,0.224313,0.477549,0.198248,0.117568,0
2.06051,-4.3188,7.6099,0.0111433,3.18465,-0.115694,-0.368445,FGM,0.477549,0.117568,0.224313,0.477549,0.198248,0.117568,0
2.06432,-4.3188,7.6099,0.0111433,3.18465,-0.115694,-0.368445,FGM,0.477549,0.117568,0.224313,0.477549,0.198248,0.117568,0
2.0674,-4.3188,7.6099,0.0111433,3.18465,-0.115694,-0.368445,FGM,0.477549,0.117568,0.224313,0.477549,0.198248,0.117568,0
2.07103,-4.28718,7.61008,0.0100016,3.14082,-0.132219,-0.415277,FGM,0.477549,0.117568,0.224313,0.477549,0.198248,0.117568,0
2.07493,-4.28718,7.61008,0.0100016,3.14082,-0.132219,-0.415277,FGM,0.477549,0.117568,0.224313,0.477549,0.198248,0.117568,0
2.07966,-4.25595,7.61022,0.00855556,3.10533,-0.13679,-0.424778,FGM,0.477549,0.117568,0.224313,0.477549,0.198248,0.117568,0
2.0835,-4.25595,7.61022,0.00855556,3.10533,-0.13679,-0.424778,FGM,0.565038,0.347756,0.555181,0.565038,0.201087,0.347756,0
2.08692,-4.25595,7.61022,0.00855556,3.10533,-0.13679,-0.424778,FGM,0.565038,0.347756,0.555181,0.565038,0.201087,0.347756,0
2.0911,-4.22505,7.61035,0.00723906,3.07476,-0.145478,-0.44731,FGM,0.565038,0.347756,0.555181,0.565038,0.201087,0.347756,0
2.09544,-4.22505,7.61035,0.00723906,3.07476,-0.145478,-0.44731,FGM,0.565038,0.347756,0.555181,0.565038,0.201087,0.347756,0
2.10033,-4.19442,7.61045,0.00569332,3.05001,-0.14459,-0.441001,FGM,0.565038,0.347756,0.555181,0.565038,0.201087,0.347756,0
2.10334,-4.19442,7.61045,0.00569332,3.05001,-0.14459,-0.441001,FGM,0.565038,0.347756,0.555181,0.565038,0.201087,0.347756,0
2.10737,-4.19442,7.61045,0.00569332,3.05001,-0.14459,-0.441001,FGM,0.565038,0.347756,0.555181,0.565038,0.201087,0.347756,0
2.11111,-4.16402,7.61055,0.0046521,3.02996,-0.0507884,-0.153887,FGM,0.565038,0.347756,0.555181,0.565038,0.201087,0.347756,0
2.11492,-4.16402,7.61055,0.0046521,3.02996,-0.0507884,-0.153887,FGM,0.565038,0.347756,0.555181,0.565038,0.201087,0.347756,0
2.11973,-4.1338,7.61072,0.00454649,3.01373,0.00755585,0.0227713,FGM,0.565038,0.347756,0.555181,0.565038,0.201087,0.347756,0
2.12291,-4.1338,7.61072,0.00454649,3.01373,0.00755585,0.0227713,FGM,0.565038,0.347756,0.555181,0.565038,0.201087,0.347756,0
2.12685,-4.1338,7.61072,0.00454649,3.01373,0.00755585,0.0227713,FGM,0.565038,0.347756,0.555181,0.565038,0.201087,0.347756,0
2.13083,-4.10373,7.6109,0.00477253,3.00058,0.0529924,0.159008,FGM,0.467021,0.386426,0.544487,0.467021,0.201087,0.386426,0
2.13486,-4.10373,7.6109,0.00477253,3.00058,0.0529924,0.159008,FGM,0.467021,0.386426,0.544487,0.467021,0.201087,0.386426,0
2.13969,-4.07381,7.61114,0.00553333,2.98371,0.0789896,0.235682,FGM,0.467021,0.386426,0.544487,0.467021,0.201087,0.386426,0
2.14328,-4.07381,7.61114,0.00553333,2.98371,0.0789896,0.235682,FGM,0.467021,0.386426,0.544487,0.467021,0.201087,0.386426,0
2.14716,-4.07381,7.61114,0.00553333,2.98371,0.0789896,0.235682,FGM,0.467021,0.386426,0.544487,0.467021,0.201087,0.386426,0
2.15105,-4.04405,7.61138,0.0063546,2.97005,0.102026,0.303021,FGM,0.467021,0.386426,0.544487,0.467021,0.201087,0.386426,0
2.15557,-4.04405,7.61138,0.0063546,2.97005,0.102026,0.303021,FGM,0.467021,0.386426,0.544487,0.467021,0.201087,0.386426,0
2.16065,-4.0144,7.61167,0.00751643,2.95898,0.111631,0.330314,FGM,0.467021,0.386426,0.544487,0.467021,0.201087,0.386426,0
2.16373,-4.0144,7.61167,0.00751643,2.95898,0.111631,0.330314,FGM,0.467021,0.386426,0.544487,0.467021,0.201087,0.386426,0
2.16689,-4.0144,7.61167,0.00751643,2.95898,0.111631,0.330314,FGM,0.467021,0.386426,0.544487,0.467021,0.201087,0.386426,0
2.171,-3.98486,7.61197,0.00860586,2.95002,0.123372,0.36395,FGM,0.467021,0.386426,0.544487,0.467021,0.201087,0.386426,0
2.17517,-3.98486,7.61197,0.00860586,2.95002,0.123372,0.36395,FGM,0.467021,0.386426,0.544487,0.467021,0.201087,0.386426,0
2.18059,-3.9554,7.61232,0.0099395,2.94277,0.125417,0.369074,FGM,0.3978,0.413682,0.547592,0.3978,0.201087,0.413682,0
2.18358,-3.9554,7.61232,0.0099395,2.94277,0.125417,0.369074,FGM,0.3978,0.413682,0.547592,0.3978,0.201087,0.413682,0
2.18705,-3.9554,7.61232,0.0099395,2.94277,0.125417,0.369074,FGM,0.3978,0.413682,0.547592,0.3978,0.201087,0.413682,0
2.19158,-3.92598,7.61269,0.0111384,2.94082,0.131328,0.386212,FGM,0.3978,0.413682,0.547592,0.3978,0.201087,0.413682,0
2.19543,-3.92598,7.61269,0.0111384,2.94082,0.131328,0.386212,FGM,0.3978,0.413682,0.547592,0.3978,0.201087,0.413682,0
2.19988,-3.89658,7.6131,0.0125305,2.93924,0.129821,0.381575,FGM,0.3978,0.413682,0.547592,0.3978,0.201087,0.413682,0
2.20317,-3.89658,7.6131,0.0125305,2.93924,0.129821,0.381575,FGM,0.3978,0.413682,0.547592,0.3978,0.201087,0.413682,0
2.20704,-3.89658,7.6131,0.0125305,2.93924,0.129821,0.381575,FGM,0.3978,0.413682,0.547592,0.3978,0.201087,0.413682,0
2.21117,-3.8672,7.61353,0.0137646,2.93796,0.134031,0.393776,FGM,0.3978,0.413682,0.547592,0.3978,0.201087,0.413682,0
2.21513,-3.8672,7.61353,0.0137646,2.93796,0.134031,0.393776,FGM,0.3978,0.413682,0.547592,0.3978,0.201087,0.413682,0
2.21989,-3.83783,7.61401,0.0151775,2.93693,0.131417,0.385962,FGM,0.3978,0.413682,0.547592,0.3978,0.201087,0.413682,0
2.22303,-3.83783,7.61401,0.0151775,2.93693,0.131417,0.385962,FGM,0.3978,0.413682,0.547592,0.3978,0.201087,0.413682,0
2.22697,-3.83783,7.61401,0.0151775,2.93693,0.131417,0.385962,FGM,0.3978,0.413682,0.547592,0.3978,0.201087,0.413682,0
2.23101,-3.80847,7.61451,0.0164239,2.93609,0.134897,0.39607,FGM,0.489086,0.123655,0.561667,0.489086,0.201087,0.123655,0
2.23564,-3.80847,7.61451,0.0164239,2.93609,0.134897,0.39607,FGM,0.489086,0.123655,0.561667,0.489086,0.201087,0.123655,0
2.23968,-3.77909,7.61506,0.0178372,2.9401,0.131102,0.385454,FGM,0.489086,0.123655,0.561667,0.489086,0.201087,0.123655,0
2.24321,-3.77909,7.61506,0.0178372,2.9401,0.131102,0.385454,FGM,0.489086,0.123655,0.561667,0.489086,0.201087,0.123655,0
2.24687,-3.77909,7.61506,0.0178372,2.9401,0.131102,0.385454,FGM,0.489086,0.123655,0.561667,0.489086,0.201087,0.123655,0
2.25104,-3.74968,7.61563,0.0190777,2.94392,0.133763,0.393786,FGM,0.489086,0.123655,0.561667,0.489086,0.201087,0.123655,0
2.25514,-3.74968,7.61563,0.0190777,2.94392,0.133763,0.393786,FGM,0.489086,0.123655,0.561667,0.489086,0.201087,0.123655,0
2.25969,-3.72023,7.61625,0.0204823,2.94756,0.130427,0.384441,FGM,0.489086,0.123655,0.561667,0.489086,0.201087,0.123655,0
2.26292,-3.72023,7.61625,0.0204823,2.94756,0.130427,0.384441,FGM,0.489086,0.123655,0.561667,0.489086,0.201087,0.123655,0
2.267,-3.72023,7.61625,0.0204823,2.94756,0.130427,0.384441,FGM,0.489086,0.123655,0.561667,0.489086,0.201087,0.123655,0
2.27117,-3.69074,7.61688,0.0214148,2.95102,0.0445118,0.131355,FGM,0.489086,0.123655,0.561667,0.489086,0.201087,0.123655,0
2.27509,-3.69074,7.61688,0.0214148,2.95102,0.0445118,0.131355,FGM,0.489086,0.123655,0.561667,0.489086,0.201087,0.123655,0
2.2805,-3.66122,7.61745,0.0214877,2.95432,-0.00954886,-0.0282104,FGM,0.401369,0.423249,0.547625,0.401369,0.202892,0.423249,0
2.28293,-3.66122,7.61745,0.0214877,2.95432,-0.00954886,-0.0282104,FGM,0.401369,0.423249,0.547625,0.401369,0.202892,0.423249,0
2.28691,-3.66122,7.61745,0.0214877,2.95432,-0.00954886,-0.0282104,FGM,0.401369,0.423249,0.547625,0.401369,0.202892,0.423249,0
2.29112,-3.63167,7.61802,0.0212514,2.9573,-0.0520122,-0.153816,FGM,0.401369,0.423249,0.547625,0.401369,0.202892,0.423249,0
2.29505,-3.63167,7.61802,0.0212514,2.9573,-0.0520122,-0.153816,FGM,0.401369,0.423249,0.547625,0.401369,0.202892,0.423249,0
2.2997,-3.60209,7.61854,0.0205189,2.96013,-0.0759518,-0.224827,FGM,0.401369,0.423249,0.547625,0.401369,0.202892,0.423249,0
2.30286,-3.60209,7.61854,0.0205189,2.96013,-0.0759518,-0.224827,FGM,0.401369,0.423249,0.547625,0.401369,0.202892,0.423249,0
2.30712,-3.60209,7.61854,0.0205189,2.96013,-0.0759518,-0.224827,FGM,0.401369,0.423249,0.547625,0.401369,0.202892,0.423249,0
2.31141,-3.57248,7.61908,0.0200334,2.96283,-0.00832181,-0.0246561,FGM,0.401369,0.423249,0.547625,0.401369,0.202892,0.423249,0
2.31528,-3.57248,7.61908,0.0200334,2.96283,-0.00832181,-0.0246561,FGM,0.401369,0.423249,0.547625,0.401369,0.202892,0.423249,0
2.3204,-3.54284,7.61967,0.0202567,2.9654,0.0333657,0.0989427,FGM,0.401369,0.423249,0.547625,0.401369,0.202892,0.423249,0
2.32296,-3.54284,7.61967,0.0202567,2.9654,0.0333657,0.0989427,FGM,0.401369,0.423249,0.547625,0.401369,0.202892,0.423249,0
2.32732,-3.54284,7.61967,0.0202567,2.9654,0.0333657,0.0989427,FGM,0.401369,0.423249,0.547625,0.401369,0.202892,0.423249,0
2.33225,-3.51318,7.62029,0.0206864,2.96785,0.067483,0.200279,FRENET,0.531099,0.202892,0.531099,0.367298,0.202892,0.435984,0
2.33519,-3.51318,7.62029,0.0206864,2.96785,0.067483,0.200279,FRENET,0.531099,0.202892,0.531099,0.367298,0.202892,0.435984,0
2.3397,-3.48321,7.62097,0.0214764,3.02701,0.0773601,0.23417,FRENET,0.531099,0.202892,0.531099,0.367298,0.202892,0.435984,0
2.34292,-3.48321,7.62097,0.0214764,3.02701,0.0773601,0.23417,FRENET,0.531099,0.202892,0.531099,0.367298,0.202892,0.435984,0
2.34696,-3.48321,7.62097,0.0214764,3.02701,0.0773601,0.23417,FRENET,0.531099,0.202892,0.531099,0.367298,0.202892,0.435984,0
2.35139,-3.45267,7.62168,0.0222461,3.08337,0.0888992,0.274109,FRENET,0.531099,0.202892,0.531099,0.367298,0.202892,0.435984,0
2.35608,-3.45267,7.62168,0.0222461,3.08337,0.0888992,0.274109,FRENET,0.531099,0.202892,0.531099,0.367298,0.202892,0.435984,0
2.36061,-3.42154,7.62244,0.0232199,3.14498,0.0932305,0.293209,FRENET,0.531099,0.202892,0.531099,0.367298,0.202892,0.435984,0
2.3644,-3.42154,7.62244,0.0232199,3.14498,0.0932305,0.293209,FRENET,0.531099,0.202892,0.531099,0.367298,0.202892,0.435984,0
2.36849,-3.42154,7.62244,0.0232199,3.14498,0.0932305,0.293209,FRENET,0.531099,0.202892,0.531099,0.367298,0.202892,0.435984,0
2.37264,-3.3898,7.62322,0.0238956,3.20367,0.0324696,0.104022,FRENET,0.531099,0.202892,0.531099,0.367298,0.202892,0.435984,0
2.37572,-3.3898,7.62322,0.0238956,3.20367,0.0324696,0.104022,FRENET,0.531099,0.202892,0.531099,0.367298,0.202892,0.435984,0
2.37997,-3.3575,7.62397,0.0239382,3.25957,-0.00884853,-0.0288424,FRENET,0.287363,0.202892,0.287363,0.373064,0.202892,0.437083,0
2.38293,-3.3575,7.62397,0.0239382,3.25957,-0.00884853,-0.0288424,FRENET,0.287363,0.202892,0.287363,0.373064,0.202892,0.437083,0
2.38692,-3.3575,7.62397,0.0239382,3.25957,-0.00884853,-0.0288424,FRENET,0.287363,0.202892,0.287363,0.373064,0.202892,0.437083,0
2.39197,-3.32464,7.62472,0.0237363,3.31281,-0.0428322,-0.141895,FRENET,0.287363,0.202892,0.287363,0.373064,0.202892,0.437083,0
2.39496,-3.32464,7.62472,0.0237363,3.31281,-0.0428322,-0.141895,FRENET,0.287363,0.202892,0.287363,0.373064,0.202892,0.437083,0
2.39983,-3.29127,7.62544,0.023127,3.36351,-0.0645891,-0.217246,FRENET,0.287363,0.202892,0.287363,0.373064,0.202892,0.437083,0
2.40294,-3.29127,7.62544,0.023127,3.36351,-0.0645891,-0.217246,FRENET,0.287363,0.202892,0.287363,0.373064,0.202892,0.437083,0
2.4069,-3.29127,7.62544,0.023127,3.36351,-0.0645891,-0.217246,FRENET,0.287363,0.202892,0.287363,0.373064,0.202892,0.437083,0
2.41155,-3.2574,7.62616,0.0224448,3.41181,-0.0842773,-0.287538,FRENET,0.287363,0.202892,0.287363,0.373064,0.202892,0.437083,0
2.41496,-3.2574,7.62616,0.0224448,3.41181,-0.0842773,-0.287538,FRENET,0.287363,0.202892,0.287363,0.373064,0.202892,0.437083,0
2.41982,-3.22306,7.62685,0.0214745,3.45781,-0.0955351,-0.330342,FRENET,0.287363,0.202892,0.287363,0.373064,0.202892,0.437083,0
2.42294,-3.22306,7.62685,0.0214745,3.45781,-0.0955351,-0.330342,FRENET,0.287363,0.202892,0.287363,0.373064,0.202892,0.437083,0
2.42696,-3.22306,7.62685,0.0214745,3.45781,-0.0955351,-0.330342,FRENET,0.287363,0.202892,0.287363,0.373064,0.202892,0.437083,0
2.43119,-3.18827,7.62753,0.0205249,3.50162,-0.107542,-0.37657,FRENET,0.0660776,0.202892,0.0660776,0.460442,0.202892,0.123915,0
2.43558,-3.18827,7.62753,0.0205249,3.50162,-0.107542,-0.37657,FRENET,0.0660776,0.202892,0.0660776,0.460442,0.202892,0.123915,0
2.43968,-3.15305,7.62817,0.0193502,3.54335,-0.113148,-0.400925,FRENET,0.0660776,0.202892,0.0660776,0.460442,0.202892,0.123915,0
2.44293,-3.15305,7.62817,0.0193502,3.54335,-0.113148,-0.400925,FRENET,0.0660776,0.202892,0.0660776,0.460442,0.202892,0.123915,0
2.44689,-3.15305,7.62817,0.0193502,3.54335,-0.113148,-0.400925,FRENET,0.0660776,0.202892,0.0660776,0.460442,0.202892,0.123915,0
2.45243,-3.11742,7.6288,0.0182477,3.58309,-0.121034,-0.433675,FRENET,0.0660776,0.202892,0.0660776,0.460442,0.202892,0.123915,0
2.45527,-3.11742,7.6288,0.0182477,3.58309,-0.121034,-0.433675,FRENET,0.0660776,0.202892,0.0660776,0.460442,0.202892,0.123915,0
2.45957,-3.08141,7.62939,0.0169525,3.62095,-0.12361,-0.447587,FRENET,0.0660776,0.202892,0.0660776,0.460442,0.202892,0.123915,0
2.46292,-3.08141,7.62939,0.0169525,3.62095,-0.12361,-0.447587,FRENET,0.0660776,0.202892,0.0660776,0.460442,0.202892,0.123915,0
2.46699,-3.08141,7.62939,0.0169525,3.62095,-0.12361,-0.447587,FRENET,0.0660776,0.202892,0.0660776,0.460442,0.202892,0.123915,0
2.47186,-3.04502,7.62996,0.0157583,3.657,-0.129301,-0.472854,FRENET,0.0660776,0.202892,0.0660776,0.460442,0.202892,0.123915,0
2.47485,-3.04502,7.62996,0.0157583,3.657,-0.129301,-0.472854,FRENET,0.0660776,0.202892,0.0660776,0.460442,0.202892,0.123915,0
2.47979,-3.00828,7.63049,0.0143877,3.69134,-0.130264,-0.480851,FRENET,0.00799646,0.202892,0.00799646,0.577497,0.202892,0.161489,0
2.48534,-3.00828,7.63049,0.0143877,3.69134,-0.130264,-0.480851,FRENET,0.00799646,0.202892,0.00799646,0.577497,0.202892,0.161489,0
2.49125,-2.97121,7.631,0.0131343,3.72405,-0.134798,-0.501996,FRENET,0.00799646,0.202892,0.00799646,0.577497,0.202892,0.161489,0
2.49381,-2.97121,7.631,0.0131343,3.72405,-0.134798,-0.501996,FRENET,0.00799646,0.202892,0.00799646,0.577497,0.202892,0.161489,0
2.49607,-2.97121,7.631,0.0131343,3.72405,-0.134798,-0.501996,FRENET,0.00799646,0.202892,0.00799646,0.577497,0.202892,0.161489,0
2.50024,-2.93382,7.63145,0.011712,3.7552,-0.134909,-0.506611,FRENET,0.00799646,0.202892,0.00799646,0.577497,0.202892,0.161489,0
2.50363,-2.93382,7.63145,0.011712,3.7552,-0.134909,-0.506611,FRENET,0.00799646,0.202892,0.00799646,0.577497,0.202892,0.161489,0
2.50704,-2.93382,7.63145,0.011712,3.7552,-0.134909,-0.506611,FRENET,0.00799646,0.202892,0.00799646,0.577497,0.202892,0.161489,0
2.51162,-2.89612,7.63191,0.0106907,3.78487,-0.0581056,-0.219922,FRENET,0.00799646,0.202892,0.00799646,0.577497,0.202892,0.161489,0
2.51558,-2.89612,7.63191,0.0106907,3.78487,-0.0581056,-0.219922,FRENET,0.00799646,0.202892,0.00799646,0.577497,0.202892,0.161489,0
2.52159,-2.85813,7.6324,0.0104702,3.81313,-0.00354005,-0.0134987,FRENET,0.00799646,0.202892,0.00799646,0.577497,0.202892,0.161489,0
2.5254,-2.85813,7.6324,0.0104702,3.81313,-0.00354005,-0.0134987,FRENET,0.00799646,0.202892,0.00799646,0.577497,0.202892,0.161489,0
2.52941,-2.85813,7.6324,0.0104702,3.81313,-0.00354005,-0.0134987,FRENET,0.344292,0.447302,0.344292,0.461638,0.447302,0.398975,0
2.53312,-2.81987,7.6329,0.0105939,3.84005,0.041168,0.158087,FRENET,0.344292,0.447302,0.344292,0.461638,0.447302,0.398975,0
2.53606,-2.81987,7.6329,0.0105939,3.84005,0.041168,0.158087,FRENET,0.344292,0.447302,0.344292,0.461638,0.447302,0.398975,0
2.53972,-2.78147,7.63345,0.0112616,3.8411,0.07374,0.283243,FRENET,0.344292,0.447302,0.344292,0.461638,0.447302,0.398975,0
2.5429,-2.78147,7.63345,0.0112616,3.8411,0.07374,0.283243,FRENET,0.344292,0.447302,0.344292,0.461638,0.447302,0.398975,0
2.54692,-2.78147,7.63345,0.0112616,3.8411,0.07374,0.283243,FRENET,0.344292,0.447302,0.344292,0.461638,0.447302,0.398975,0
2.55111,-2.74306,7.634,0.0120631,3.84211,0.102144,0.39245,FRENET,0.344292,0.447302,0.344292,0.461638,0.447302,0.398975,0
2.55498,-2.74306,7.634,0.0120631,3.84211,0.102144,0.39245,FRENET,0.344292,0.447302,0.344292,0.461638,0.447302,0.398975,0
2.55969,-2.70464,7.6346,0.013258,3.84306,0.118968,0.457202,FRENET,0.344292,0.447302,0.344292,0.461638,0.447302,0.398975,0
2.56288,-2.70464,7.6346,0.013258,3.84306,0.118968,0.457202,FRENET,0.344292,0.447302,0.344292,0.461638,0.447302,0.398975,0
2.56724,-2.70464,7.6346,0.013258,3.84306,0.118968,0.457202,FRENET,0.344292,0.447302,0.344292,0.461638,0.447302,0.398975,0
2.57529,-2.66621,7.63521,0.0144496,3.84397,0.135497,0.520847,FRENET,0.344292,0.447302,0.344292,0.461638,0.447302,0.398975,0
2.57897,-2.66621,7.63521,0.0144496,3.84397,0.135497,0.520847,FRENET,0.344292,0.447302,0.344292,0.461638,0.447302,0.398975,0
2.58201,-2.62777,7.63587,0.0159313,3.84484,0.143394,0.551327,FRENET,0.374124,0.447302,0.374124,0.561828,0.447302,0.235655,0
2.58492,-2.62777,7.63587,0.0159313,3.84484,0.143394,0.551327,FRENET,0.374124,0.447302,0.374124,0.561828,0.447302,0.235655,0
2.58779,-2.62777,7.63587,0.0159313,3.84484,0.143394,0.551327,FRENET,0.374124,0.447302,0.374124,0.561828,0.447302,0.235655,0
2.59147,-2.58932,7.63654,0.017332,3.84566,0.153238,0.589302,FRENET,0.374124,0.447302,0.374124,0.561828,0.447302,0.235655,0
2.59494,-2.58932,7.63654,0.017332,3.84566,0.153238,0.589302,FRENET,0.374124,0.447302,0.374124,0.561828,0.447302,0.235655,0
2.59982,-2.55087,7.63727,0.0189651,3.84645,0.15615,0.600621,FRENET,0.374124,0.447302,0.374124,0.561828,0.447302,0.235655,0
2.60304,-2.55087,7.63727,0.0189651,3.84645,0.15615,0.600621,FRENET,0.374124,0.447302,0.374124,0.561828,0.447302,0.235655,0
2.60706,-2.55087,7.63727,0.0189651,3.84645,0.15615,0.600621,FRENET,0.374124,0.447302,0.374124,0.561828,0.447302,0.235655,0
2.6115,-2.51241,7.63803,0.0204738,3.8472,0.162294,0.624377,FRENET,0.374124,0.447302,0.374124,0.561828,0.447302,0.235655,0
2.61536,-2.51241,7.63803,0.0204738,3.8472,0.162294,0.624377,FRENET,0.374124,0.447302,0.374124,0.561828,0.447302,0.235655,0
2.62175,-2.47394,7.63885,0.0221831,3.84791,0.162476,0.625192,FRENET,0.374124,0.447302,0.374124,0.561828,0.447302,0.235655,0
2.62639,-2.47394,7.63885,0.0221831,3.84791,0.162476,0.625192,FRENET,0.374124,0.447302,0.374124,0.561828,0.447302,0.235655,0
2.63187,-2.43547,7.63969,0.0237446,3.84859,0.16662,0.641252,FGM,0.516187,0.261031,0.466567,0.516187,0.447302,0.261031,0
2.63496,-2.43547,7.63969,0.0237446,3.84859,0.16662,0.641252,FGM,0.516187,0.261031,0.466567,0.516187,0.447302,0.261031,0
2.63963,-2.39747,7.64059,0.0256451,3.75349,0.188138,0.706172,FGM,0.516187,0.261031,0.466567,0.516187,0.447302,0.261031,0
2.64294,-2.39747,7.64059,0.0256451,3.75349,0.188138,0.706172,FGM,0.516187,0.261031,0.466567,0.516187,0.447302,0.261031,0
2.64692,-2.39747,7.64059,0.0256451,3.75349,0.188138,0.706172,FGM,0.516187,0.261031,0.466567,0.516187,0.447302,0.261031,0
2.65125,-2.36042,7.6415,0.0275274,3.65839,0.211566,0.773989,FGM,0.516187,0.261031,0.466567,0.516187,0.447302,0.261031,0
2.65518,-2.36042,7.6415,0.0275274,3.65839,0.211566,0.773989,FGM,0.516187,0.261031,0.466567,0.516187,0.447302,0.261031,0
2.66128,-2.32432,7.64245,0.0298196,3.56329,0.222014,0.791101,FGM,0.516187,0.261031,0.466567,0.516187,0.447302,0.261031,0
2.66348,-2.32432,7.64245,0.0298196,3.56329,0.222014,0.791101,FGM,0.516187,0.261031,0.466567,0.516187,0.447302,0.261031,0
2.66689,-2.32432,7.64245,0.0298196,3.56329,0.222014,0.791101,FGM,0.516187,0.261031,0.466567,0.516187,0.447302,0.261031,0
2.67095,-2.28914,7.64342,0.0319866,3.47662,0.234483,0.815209,FGM,0.516187,0.261031,0.466567,0.516187,0.447302,0.261031,0
2.67505,-2.28914,7.64342,0.0319866,3.47662,0.234483,0.815209,FGM,0.516187,0.261031,0.466567,0.516187,0.447302,0.261031,0
2.68046,-2.25474,7.64443,0.0344252,3.40643,0.230871,0.786445,FGM,0.195227,0.289265,0.344162,0.195227,0.447302,0.289265,0
2.68319,-2.25474,7.64443,0.0344252,3.40643,0.230871,0.786445,FGM,0.195227,0.289265,0.344162,0.195227,0.447302,0.289265,0
2.68721,-2.25474,7.64443,0.0344252,3.40643,0.230871,0.786445,FGM,0.195227,0.289265,0.344162,0.195227,0.447302,0.289265,0
2.69318,-2.22083,7.64547,0.0365775,3.37782,0.219444,0.741243,FGM,0.195227,0.289265,0.344162,0.195227,0.447302,0.289265,0
2.69631,-2.22083,7.64547,0.0365775,3.37782,0.219444,0.741243,FGM,0.195227,0.289265,0.344162,0.195227,0.447302,0.289265,0
2.6998,-2.18719,7.64659,0.0387821,3.35466,0.20339,0.682305,FGM,0.195227,0.289265,0.344162,0.195227,0.447302,0.289265,0
2.70298,-2.18719,7.64659,0.0387821,3.35466,0.20339,0.682305,FGM,0.195227,0.289265,0.344162,0.195227,0.447302,0.289265,0
2.70719,-2.18719,7.64659,0.0387821,3.35466,0.20339,0.682305,FGM,0.195227,0.289265,0.344162,0.195227,0.447302,0.289265,0
2.71138,-2.15375,7.64775,0.0406808,3.3359,0.195327,0.651591,FGM,0.195227,0.289265,0.344162,0.195227,0.447302,0.289265,0
2.71551,-2.15375,7.64775,0.0406808,3.3359,0.195327,0.651591,FGM,0.195227,0.289265,0.344162,0.195227,0.447302,0.289265,0
2.7199,-2.12049,7.64899,0.0426594,3.3207,0.182745,0.606843,FGM,0.195227,0.289265,0.344162,0.195227,0.447302,0.289265,0
2.72296,-2.12049,7.64899,0.0426594,3.3207,0.182745,0.606843,FGM,0.195227,0.289265,0.344162,0.195227,0.447302,0.289265,0
2.72696,-2.12049,7.64899,0.0426594,3.3207,0.182745,0.606843,FGM,0.195227,0.289265,0.344162,0.195227,0.447302,0.289265,0
2.73154,-2.08737,7.65028,0.0443702,3.3084,0.177758,0.588094,FGM,0,0.139855,0.389143,0,0.456332,0.139855,0
2.73514,-2.08737,7.65028,0.0443702,3.3084,0.177758,0.588094,FGM,0,0.139855,0.389143,0,0.456332,0.139855,0
2.73976,-2.05431,7.65164,0.0461614,3.31065,0.164314,0.543985,FGM,0,0.139855,0.389143,0,0.456332,0.139855,0
2.74293,-2.05431,7.65164,0.0461614,3.31065,0.164314,0.543985,FGM,0,0.139855,0.389143,0,0.456332,0.139855,0
2.74729,-2.05431,7.65164,0.0461614,3.31065,0.164314,0.543985,FGM,0,0.139855,0.389143,0,0.456332,0.139855,0
2.75245,-2.02122,7.65306,0.0476951,3.31279,0.159723,0.529129,FGM,0,0.139855,0.389143,0,0.456332,0.139855,0
2.75535,-2.02122,7.65306,0.0476951,3.31279,0.159723,0.529129,FGM,0,0.139855,0.389143,0,0.456332,0.139855,0
2.75974,-1.98811,7.65455,0.049336,3.31483,0.15194,0.503655,FGM,0,0.139855,0.389143,0,0.456332,0.139855,0
2.76297,-1.98811,7.65455,0.049336,3.31483,0.15194,0.503655,FGM,0,0.139855,0.389143,0,0.456332,0.139855,0
2.76727,-1.98811,7.65455,0.049336,3.31483,0.15194,0.503655,FGM,0,0.139855,0.389143,0,0.456332,0.139855,0
2.77117,-1.95499,7.65607,0.0504589,3.31678,0.0607585,0.201523,FGM,0,0.139855,0.389143,0,0.456332,0.139855,0
2.77492,-1.95499,7.65607,0.0504589,3.31678,0.0607585,0.201523,FGM,0,0.139855,0.389143,0,0.456332,0.139855,0
2.78043,-1.92185,7.65756,0.0506619,3.31863,0.000282719,0.000938241,FGM,0,0.227319,0.203131,0,0.456332,0.227319,0
2.78347,-1.92185,7.65756,0.0506619,3.31863,0.000282719,0.000938241,FGM,0,0.227319,0.203131,0,0.456332,0.227319,0
2.78715,-1.92185,7.65756,0.0506619,3.31863,0.000282719,0.000938241,FGM,0,0.227319,0.203131,0,0.456332,0.227319,0
2.79458,-1.88867,7.65906,0.0504964,3.32466,-0.0473196,-0.157322,FGM,0,0.227319,0.203131,0,0.456332,0.227319,0
2.79668,-1.88867,7.65906,0.0504964,3.32466,-0.0473196,-0.157322,FGM,0,0.227319,0.203131,0,0.456332,0.227319,0
2.79955,-1.85542,7.66054,0.0497854,3.33041,-0.0764624,-0.254651,FGM,0,0.227319,0.203131,0,0.456332,0.227319,0
2.80326,-1.85542,7.66054,0.0497854,3.33041,-0.0764624,-0.254651,FGM,0,0.227319,0.203131,0,0.456332,0.227319,0
2.80747,-1.85542,7.66054,0.0497854,3.33041,-0.0764624,-0.254651,FGM,0,0.227319,0.203131,0,0.456332,0.227319,0
2.81147,-1.82212,7.66201,0.0489712,3.33588,-0.101616,-0.33898,FGM,0,0.227319,0.203131,0,0.456332,0.227319,0
2.81561,-1.82212,7.66201,0.0489712,3.33588,-0.101616,-0.33898,FGM,0,0.227319,0.203131,0,0.456332,0.227319,0
2.82164,-1.78877,7.66347,0.0478021,3.34109,-0.114655,-0.383073,FGM,0,0.227319,0.203131,0,0.456332,0.227319,0
2.82486,-1.78877,7.66347,0.0478021,3.34109,-0.114655,-0.383073,FGM,0,0.227319,0.203131,0,0.456332,0.227319,0
2.82762,-1.78877,7.66347,0.0478021,3.34109,-0.114655,-0.383073,FGM,0,0.227319,0.203131,0,0.456332,0.227319,0
2.83234,-1.75537,7.66491,0.046667,3.34605,-0.128298,-0.429292,FGM,0.345234,0.481191,0.12962,0.345234,0.456332,0.481191,0
2.83492,-1.75537,7.66491,0.046667,3.34605,-0.128298,-0.429292,FGM,0.345234,0.481191,0.12962,0.345234,0.456332,0.481191,0
2.83976,-1.72191,7.66633,0.0452754,3.35215,-0.133006,-0.445856,FGM,0.345234,0.481191,0.12962,0.345234,0.456332,0.481191,0
2.84332,-1.72191,7.66633,0.0452754,3.35215,-0.133006,-0.445856,FGM,0.345234,0.481191,0.12962,0.345234,0.456332,0.481191,0
2.84714,-1.72191,7.66633,0.0452754,3.35215,-0.133006,-0.445856,FGM,0.345234,0.481191,0.12962,0.345234,0.456332,0.481191,0
2.85139,-1.68838,7.66773,0.0439879,3.35795,-0.140712,-0.472505,FGM,0.345234,0.481191,0.12962,0.345234,0.456332,0.481191,0
2.85498,-1.68838,7.66773,0.0439879,3.35795,-0.140712,-0.472505,FGM,0.345234,0.481191,0.12962,0.345234,0.456332,0.481191,0
2.85973,-1.6548,7.6691,0.0424932,3.36349,-0.141425,-0.475679,FGM,0.345234,0.481191,0.12962,0.345234,0.456332,0.481191,0
2.86311,-1.6548,7.6691,0.0424932,3.36349,-0.141425,-0.475679,FGM,0.345234,0.481191,0.12962,0.345234,0.456332,0.481191,0
2.86711,-1.6548,7.6691,0.0424932,3.36349,-0.141425,-0.475679,FGM,0.345234,0.481191,0.12962,0.345234,0.456332,0.481191,0
2.87115,-1.62117,7.67047,0.0414407,3.36875,-0.056902,-0.191689,FGM,0.345234,0.481191,0.12962,0.345234,0.456332,0.481191,0
2.87492,-1.62117,7.67047,0.0414407,3.36875,-0.056902,-0.191689,FGM,0.345234,0.481191,0.12962,0.345234,0.456332,0.481191,0
2.88047,-1.58749,7.6719,0.0412543,3.37377,-0.000226665,-0.000764714,FGM,0.292734,0.473477,0.242967,0.292734,0.456332,0.473477,0
2.884,-1.58749,7.6719,0.0412543,3.37377,-0.000226665,-0.000764714,FGM,0.292734,0.473477,0.242967,0.292734,0.456332,0.473477,0
2.88735,-1.58749,7.6719,0.0412543,3.37377,-0.000226665,-0.000764714,FGM,0.292734,0.473477,0.242967,0.292734,0.456332,0.473477,0
2.89136,-1.55376,7.67335,0.041409,3.37772,0.0454987,0.153682,FGM,0.292734,0.473477,0.242967,0.292734,0.456332,0.473477,0
2.89499,-1.55376,7.67335,0.041409,3.37772,0.0454987,0.153682,FGM,0.292734,0.473477,0.242967,0.292734,0.456332,0.473477,0
2.90085,-1.52,7.67484,0.0420978,3.38148,0.0738195,0.249619,FGM,0.292734,0.473477,0.242967,0.292734,0.456332,0.473477,0
2.90363,-1.52,7.67484,0.0420978,3.38148,0.0738195,0.249619,FGM,0.292734,0.473477,0.242967,0.292734,0.456332,0.473477,0
2.90684,-1.52,7.67484,0.0420978,3.38148,0.0738195,0.249619,FGM,0.292734,0.473477,0.242967,0.292734,0.456332,0.473477,0
2.91096,-1.4862,7.67635,0.0428834,3.38506,0.0987701,0.334343,FGM,0.292734,0.473477,0.242967,0.292734,0.456332,0.473477,0
2.91509,-1.4862,7.67635,0.0428834,3.38506,0.0987701,0.334343,FGM,0.292734,0.473477,0.242967,0.292734,0.456332,0.473477,0
2.92129,-1.45237,7.67791,0.0440255,3.38847,0.111997,0.3795,FGM,0.292734,0.473477,0.242967,0.292734,0.456332,0.473477,0
2.92395,-1.45237,7.67791,0.0440255,3.38847,0.111997,0.3795,FGM,0.292734,0.473477,0.242967,0.292734,0.456332,0.473477,0
2.92702,-1.45237,7.67791,0.0440255,3.38847,0.111997,0.3795,FGM,0.292734,0.473477,0.242967,0.292734,0.456332,0.473477,0
2.93122,-1.4185,7.67948,0.0451351,3.39172,0.12601,0.427391,FGM,0.24757,0.480344,0.103212,0.24757,0.339481,0.480344,0
2.93537,-1.4185,7.67948,0.0451351,3.39172,0.12601,0.427391,FGM,0.24757,0.480344,0.103212,0.24757,0.339481,0.480344,0
2.94007,-1.38459,7.6811,0.0465023,3.39967,0.130619,0.444059,FGM,0.24757,0.480344,0.103212,0.24757,0.339481,0.480344,0
2.94318,-1.38459,7.6811,0.0465023,3.39967,0.130619,0.444059,FGM,0.24757,0.480344,0.103212,0.24757,0.339481,0.480344,0
2.94699,-1.38459,7.6811,0.0465023,3.39967,0.130619,0.444059,FGM,0.24757,0.480344,0.103212,0.24757,0.339481,0.480344,0
2.9511,-1.35059,7.68275,0.0477666,3.40723,0.138339,0.471354,FGM,0.24757,0.480344,0.103212,0.24757,0.339481,0.480344,0
2.95501,-1.35059,7.68275,0.0477666,3.40723,0.138339,0.471354,FGM,0.24757,0.480344,0.103212,0.24757,0.339481,0.480344,0
2.9598,-1.31653,7.68445,0.0492383,3.41444,0.139344,0.475783,FGM,0.24757,0.480344,0.103212,0.24757,0.339481,0.480344,0
2.96289,-1.31653,7.68445,0.0492383,3.41444,0.139344,0.475783,FGM,0.24757,0.480344,0.103212,0.24757,0.339481,0.480344,0
2.96699,-1.31653,7.68445,0.0492383,3.41444,0.139344,0.475783,FGM,0.24757,0.480344,0.103212,0.24757,0.339481,0.480344,0
2.97164,-1.28239,7.68617,0.050576,3.4213,0.144502,0.494387,FGM,0.24757,0.480344,0.103212,0.24757,0.339481,0.480344,0
2.97539,-1.28239,7.68617,0.050576,3.4213,0.144502,0.494387,FGM,0.24757,0.480344,0.103212,0.24757,0.339481,0.480344,0
2.98015,-1.24819,7.68796,0.0521001,3.42784,0.143695,0.492565,FGM,0.206681,0.497576,0.0562962,0.206681,0.339481,0.497576,0
2.98298,-1.24819,7.68796,0.0521001,3.42784,0.143695,0.492565,FGM,0.206681,0.497576,0.0562962,0.206681,0.339481,0.497576,0
2.98699,-1.24819,7.68796,0.0521001,3.42784,0.143695,0.492565,FGM,0.206681,0.497576,0.0562962,0.206681,0.339481,0.497576,0
2.99109,-1.21391,7.68977,0.0534719,3.43723,0.14689,0.504897,FGM,0.206681,0.497576,0.0562962,0.206681,0.339481,0.497576,0
2.99593,-1.21391,7.68977,0.0534719,3.43723,0.14689,0.504897,FGM,0.206681,0.497576,0.0562962,0.206681,0.339481,0.497576,0
2.99961,-1.17955,7.69165,0.0550123,3.44617,0.144841,0.499145,FGM,0.206681,0.497576,0.0562962,0.206681,0.339481,0.497576,0
3.00293,-1.17955,7.69165,0.0550123,3.44617,0.144841,0.499145,FGM,0.206681,0.497576,0.0562962,0.206681,0.339481,0.497576,0
3.00697,-1.17955,7.69165,0.0550123,3.44617,0.144841,0.499145,FGM,0.206681,0.497576,0.0562962,0.206681,0.339481,0.497576,0
3.01112,-1.1451,7.69356,0.056394,3.45469,0.147822,0.510679,FGM,0.206681,0.497576,0.0562962,0.206681,0.339481,0.497576,0
3.01532,-1.1451,7.69356,0.056394,3.45469,0.147822,0.510679,FGM,0.206681,0.497576,0.0562962,0.206681,0.339481,0.497576,0
3.01964,-1.11057,7.69553,0.0579433,3.4628,0.14564,0.504323,FGM,0.206681,0.497576,0.0562962,0.206681,0.339481,0.497576,0
3.02287,-1.11057,7.69553,0.0579433,3.4628,0.14564,0.504323,FGM,0.206681,0.497576,0.0562962,0.206681,0.339481,0.497576,0
3.02691,-1.11057,7.69553,0.0579433,3.4628,0.14564,0.504323,FGM,0.206681,0.497576,0.0562962,0.206681,0.339481,0.497576,0
3.03143,-1.07596,7.69753,0.0593323,3.47053,0.148545,0.51553,FGM,0.147417,0.496905,0.103216,0.147417,0.339481,0.496905,0
3.0353,-1.07596,7.69753,0.0593323,3.47053,0.148545,0.51553,FGM,0.147417,0.496905,0.103216,0.147417,0.339481,0.496905,0
3.03973,-1.04123,7.69961,0.0608749,3.48708,0.144339,0.503321,FGM,0.147417,0.496905,0.103216,0.147417,0.339481,0.496905,0
3.04301,-1.04123,7.69961,0.0608749,3.48708,0.144339,0.503321,FGM,0.147417,0.496905,0.103216,0.147417,0.339481,0.496905,0
3.04741,-1.04123,7.69961,0.0608749,3.48708,0.144339,0.503321,FGM,0.147417,0.496905,0.103216,0.147417,0.339481,0.496905,0
3.05338,-1.00635,7.70173,0.0622459,3.50284,0.145729,0.510466,FGM,0.147417,0.496905,0.103216,0.147417,0.339481,0.496905,0
3.05656,-1.00635,7.70173,0.0622459,3.50284,0.145729,0.510466,FGM,0.147417,0.496905,0.103216,0.147417,0.339481,0.496905,0
3.06054,-0.97131,7.70391,0.0637678,3.51785,0.142851,0.502527,FGM,0.147417,0.496905,0.103216,0.147417,0.339481,0.496905,0
3.06321,-0.97131,7.70391,0.0637678,3.51785,0.142851,0.502527,FGM,0.147417,0.496905,0.103216,0.147417,0.339481,0.496905,0
3.06721,-0.97131,7.70391,0.0637678,3.51785,0.142851,0.502527,FGM,0.147417,0.496905,0.103216,0.147417,0.339481,0.496905,0
3.07143,-0.936131,7.70614,0.0651284,3.53215,0.145193,0.512845,FGM,0.147417,0.496905,0.103216,0.147417,0.339481,0.496905,0
3.07538,-0.936131,7.70614,0.0651284,3.53215,0.145193,0.512845,FGM,0.147417,0.496905,0.103216,0.147417,0.339481,0.496905,0
3.08004,-0.900816,7.70844,0.066649,3.54577,0.142986,0.506995,FGM,0.117724,0.513095,0.0647273,0.117724,0.339481,0.513095,0
3.08295,-0.900816,7.70844,0.066649,3.54577,0.142986,0.506995,FGM,0.117724,0.513095,0.0647273,0.117724,0.339481,0.513095,0
3.08699,-0.900816,7.70844,0.066649,3.54577,0.142986,0.506995,FGM,0.117724,0.513095,0.0647273,0.117724,0.339481,0.513095,0
3.09112,-0.865862,7.71075,0.0681105,3.46034,0.171362,0.592969,FGM,0.117724,0.513095,0.0647273,0.117724,0.339481,0.513095,0
3.09533,-0.865862,7.71075,0.0681105,3.46034,0.171362,0.592969,FGM,0.117724,0.513095,0.0647273,0.117724,0.339481,0.513095,0
3.09972,-0.831683,7.71307,0.0699844,3.39116,0.180428,0.61186,FGM,0.117724,0.513095,0.0647273,0.117724,0.339481,0.513095,0
3.10292,-0.831683,7.71307,0.0699844,3.39116,0.180428,0.61186,FGM,0.117724,0.513095,0.0647273,0.117724,0.339481,0.513095,0
3.10706,-0.831683,7.71307,0.0699844,3.39116,0.180428,0.61186,FGM,0.117724,0.513095,0.0647273,0.117724,0.339481,0.513095,0
3.11111,-0.798131,7.71539,0.0717308,3.33513,0.189661,0.632545,FGM,0.117724,0.513095,0.0647273,0.117724,0.339481,0.513095,0
3.11496,-0.798131,7.71539,0.0717308,3.33513,0.189661,0.632545,FGM,0.117724,0.513095,0.0647273,0.117724,0.339481,0.513095,0
3.11974,-0.76509,7.71773,0.0737143,3.28977,0.186515,0.61359,FGM,0.117724,0.513095,0.0647273,0.117724,0.339481,0.513095,0
3.123,-0.76509,7.71773,0.0737143,3.28977,0.186515,0.61359,FGM,0.117724,0.513095,0.0647273,0.117724,0.339481,0.513095,0
3.12751,-0.76509,7.71773,0.0737143,3.28977,0.186515,0.61359,FGM,0.117724,0.513095,0.0647273,0.117724,0.339481,0.513095,0
3.13318,-0.732461,7.72009,0.0754849,3.25303,0.187408,0.609642,FRENET,0.316043,0.700327,0.316043,0.0611838,0.700327,0.454804,0
3.13617,-0.732461,7.72009,0.0754849,3.25303,0.187408,0.609642,FRENET,0.316043,0.700327,0.316043,0.0611838,0.700327,0.454804,0
3.14061,-0.700494,7.72246,0.0775351,3.15793,0.197422,0.623443,FRENET,0.316043,0.700327,0.316043,0.0611838,0.700327,0.454804,0
3.14319,-0.700494,7.72246,0.0775351,3.15793,0.197422,0.623443,FRENET,0.316043,0.700327,0.316043,0.0611838,0.700327,0.454804,0
3.14695,-0.700494,7.72246,0.0775351,3.15793,0.197422,0.623443,FRENET,0.316043,0.700327,0.316043,0.0611838,0.700327,0.454804,0
3.15096,-0.669479,7.7248,0.0794645,3.06283,0.211912,0.649051,FRENET,0.316043,0.700327,0.316043,0.0611838,0.700327,0.454804,0
3.15548,-0.669479,7.7248,0.0794645,3.06283,0.211912,0.649051,FRENET,0.316043,0.700327,0.316043,0.0611838,0.700327,0.454804,0
3.16334,-0.639419,7.72717,0.0821415,2.96773,0.338903,1.00577,FRENET,0.316043,0.700327,0.316043,0.0611838,0.700327,0.454804,0
3.16773,-0.639419,7.72717,0.0821415,2.96773,0.338903,1.00577,FRENET,0.316043,0.700327,0.316043,0.0611838,0.700327,0.454804,0
3.17245,-0.61032,7.72962,0.0860519,2.87263,0.412939,1.18622,FRENET,0.316043,0.700327,0.316043,0.0611838,0.700327,0.454804,0
3.17478,-0.61032,7.72962,0.0860519,2.87263,0.412939,1.18622,FRENET,0.316043,0.700327,0.316043,0.0611838,0.700327,0.454804,0
3.18032,-0.582179,7.7321,0.0903578,2.77753,0.46836,1.30088,FRENET,0.292558,0.700327,0.292558,0.0491856,0.700327,0.50725,0
3.18316,-0.582179,7.7321,0.0903578,2.77753,0.46836,1.30088,FRENET,0.292558,0.700327,0.292558,0.0491856,0.700327,0.50725,0
3.18731,-0.582179,7.7321,0.0903578,2.77753,0.46836,1.30088,FRENET,0.292558,0.700327,0.292558,0.0491856,0.700327,0.50725,0
3.19137,-0.554996,7.73463,0.0952984,2.68243,0.492593,1.32134,FRENET,0.292558,0.700327,0.292558,0.0491856,0.700327,0.50725,0
3.19514,-0.554996,7.73463,0.0952984,2.68243,0.492593,1.32134,FRENET,0.292558,0.700327,0.292558,0.0491856,0.700327,0.50725,0
3.20132,-0.52877,7.73717,0.10022,2.58733,0.513945,1.32974,FRENET,0.292558,0.700327,0.292558,0.0491856,0.700327,0.50725,0
3.20715,-0.52877,7.73717,0.10022,2.58733,0.513945,1.32974,FRENET,0.292558,0.700327,0.292558,0.0491856,0.700327,0.50725,0
3.2116,-0.503503,7.73975,0.105485,2.49223,0.513224,1.27907,FRENET,0.292558,0.700327,0.292558,0.0491856,0.700327,0.50725,0
3.21582,-0.503503,7.73975,0.105485,2.49223,0.513224,1.27907,FRENET,0.292558,0.700327,0.292558,0.0491856,0.700327,0.50725,0
3.22057,-0.479189,7.74229,0.110102,2.39713,0.394507,0.945683,FRENET,0.292558,0.700327,0.292558,0.0491856,0.700327,0.50725,0
3.22488,-0.479189,7.74229,0.110102,2.39713,0.394507,0.945683,FRENET,0.292558,0.700327,0.292558,0.0491856,0.700327,0.50725,0
3.22781,-0.479189,7.74229,0.110102,2.39713,0.394507,0.945683,FRENET,0.292558,0.700327,0.292558,0.0491856,0.700327,0.50725,0
3.23319,-0.455822,7.74474,0.113566,2.30203,0.328176,0.75547,FRENET,0,0.964341,0,0.0478293,0.964341,0.644405,0
3.23799,-0.455822,7.74474,0.113566,2.30203,0.328176,0.75547,FRENET,0,0.964341,0,0.0478293,0.964341,0.644405,0
3.24259,-0.433408,7.74717,0.116676,2.20693,0.272517,0.601424,FRENET,0,0.964341,0,0.0478293,0.964341,0.644405,0
3.24557,-0.433408,7.74717,0.116676,2.20693,0.272517,0.601424,FRENET,0,0.964341,0,0.0478293,0.964341,0.644405,0
3.24969,-0.433408,7.74717,0.116676,2.20693,0.272517,0.601424,FRENET,0,0.964341,0,0.0478293,0.964341,0.644405,0
3.25611,-0.411944,7.74953,0.119132,2.11183,0.245047,0.517497,FRENET,0,0.964341,0,0.0478293,0.964341,0.644405,0
3.26149,-0.391433,7.75186,0.121531,2.01673,0.211457,0.42645,FRENET,0,0.964341,0,0.0478293,0.964341,0.644405,0
3.26396,-0.391433,7.75186,0.121531,2.01673,0.211457,0.42645,FRENET,0,0.964341,0,0.0478293,0.964341,0.644405,0
3.26848,-0.391433,7.75186,0.121531,2.01673,0.211457,0.42645,FRENET,0,0.964341,0,0.0478293,0.964341,0.644405,0
3.27562,-0.371872,7.75413,0.123453,1.92163,0.198088,0.380652,FRENET,0,0.964341,0,0.0478293,0.964341,0.644405,0
3.27886,-0.371872,7.75413,0.123453,1.92163,0.198088,0.380652,FRENET,0,0.964341,0,0.0478293,0.964341,0.644405,0
3.28278,-0.353265,7.75636,0.125423,1.82653,0.171606,0.313443,FRENET,0,0.964341,0,0,0.964341,0.750484,0
3.28743,-0.353265,7.75636,0.125423,1.82653,0.171606,0.313443,FRENET,0,0.964341,0,0,0.964341,0.750484,0

--- Experiment Summary ---
Scenario,Mux_playground_WS1.2043_WT1.1211_WC1.3884_WCL1.4308_WD1.2563_DM0.202_Opp_bumper_v_5.csv
Mode,MUX_OBSTACLE
Finish Reason,COLLISION DETECTED
Duration (s),3.29
Total Dist (m),9.65
Collision,YES
FRENET Usage (%),53.08
FGM Usage (%),46.92
Max Speed (m/s),3.86
Max Lat Acc (m/s^2),1.33
Global Min Dist (m),0.00
Global Unsafe Ratio,0.77
Global Track RMS (m),0.32
Global Lat Acc RMS,0.43
FGM Min Dist (m),0.00
FGM Unsafe Ratio,0.84
FGM Track RMS (m),0.34
